#number	block_area	block_id	move_type	pre_criterion	full_crit	expr_mean_crit	expr_mean_crit	expr_reg_crit	expr_kend_crit	expr_cor_crit	expr_euc_crit	expr_spear_crit	PPI_crit	feat_crit	TF_crit	percent_orig_genes	percent_orig_exp	exp_mean	trajectory_position	FEATURE_INDICES	move_class	num_genes	num_exps
1	468	1,12,14,16,19,20,22,23,24,25,26,27,28,29,31,40,42,49,73,83,96,123,132,142,144,145/5,7,9,15,16,17,18,29,30,45,54,60,63,67,70,79,83,87	g-	0.9841347913511402	0.9841347913511402	0.0	0.0	0.9840510477697025	0.9842185349325779	0.0	0.0	0.0	0.0	0.0	0.0	0.3888888888888889	0.3333333333333333	0.9287423870458059	38		S_1	26	18	-1
2	629	11,12,16,28,30,32,33,35,36,37,38,39,40,41,43,44,45,46,51,54,58,62,67,70,79,87,94,95,103,106,120,130,131,135,142,144,148/17,20,31,43,44,45,51,54,66,68,72,73,80,89,91,96,97	g+	0.9825602885565428	0.9825602885565428	0.0	0.0	0.9838204300927426	0.981300147020343	0.0	0.0	0.0	0.0	0.0	0.0	0.8571428571428571	0.3888888888888889	0.8944000138182819	31		S_1	37	17	-1
3	425	1,4,11,14,28,32,49,50,58,59,71,80,93,98,104,130,132/5,7,17,26,31,43,46,48,51,53,58,61,62,63,65,67,73,79,80,86,90,95,96,97,99	g-	0.9824370628384435	0.9824370628384435	0.0	0.0	0.984523189716086	0.9803509359608009	0.0	0.0	0.0	0.0	0.0	0.0	0.3125	0.6521739130434783	0.9021654484090389	50		S_1	17	25	-1
4	528	1,8,14,24,32,36,43,44,54,60,65,80,125,131,148,149/5,12,13,19,25,31,32,42,43,44,45,47,48,54,56,59,60,63,65,66,67,72,73,76,80,84,85,91,92,95,97,98,99	g+	0.9822469467003886	0.9822469467003886	0.0	0.0	0.9832962063042581	0.9811976870965191	0.0	0.0	0.0	0.0	0.0	0.0	0.09090909090909091	0.625	0.8674304054879809	73		S_1	16	33	-1
5	540	31,32,33,34,36,37,38,39,40,41,42,58,61,69,77,81,94,95,98,107,112,113,114,130,135,141,142/1,3,5,13,14,17,18,19,31,32,33,34,35,36,46,62,66,67,73,79	g+	0.9819234121914223	0.9819234121914223	0.0	0.0	0.9799106593706954	0.9839361650121492	0.0	0.0	0.0	0.0	0.0	0.0	0.72	0.3333333333333333	0.8148272862645444	53		S_1	27	20	-1
6	260	2,5,9,12,14,30,34,35,39,81,122,128,147/1,2,3,4,5,6,30,44,45,49,50,51,64,67,69,72,78,83,94,96	e+	0.9813587457203596	0.9813587457203596	0.0	0.0	0.9824667913655409	0.9802507000751782	0.0	0.0	0.0	0.0	0.0	0.0	0.5	0.3684210526315789	0.9144839074185105	29		S_1	13	20	-1
7	525	2,4,5,6,7,12,14,17,21,24,28,49,53,80,93,105,115,120,136,142,147/1,2,5,9,11,20,26,36,44,53,56,57,63,69,71,72,77,79,83,89,90,91,97,98,99	e+	0.9811478232843527	0.9811478232843527	0.0	0.0	0.9824372321308954	0.9798584144378099	0.0	0.0	0.0	0.0	0.0	0.0	0.6	0.72	0.8380974424863965	29		S_1	21	25	-1
8	330	5,7,11,39,40,41,42,74,75,90,91,107,110,132,143/1,5,6,15,22,33,34,36,38,46,48,55,58,60,67,70,76,79,85,88,91,95	g+	0.9809261084989997	0.9809261084989997	0.0	0.0	0.9832550413950749	0.9785971756029246	0.0	0.0	0.0	0.0	0.0	0.0	0.5714285714285714	0.7333333333333333	0.8557261074153205	28		S_1	15	22	-1
9	300	21,26,27,28,31,37,44,53,82,105,132,136/4,9,20,21,23,26,36,40,42,52,56,57,62,64,68,69,71,74,77,79,83,89,90,91,99	e+	0.9806221466974242	0.9806221466974242	0.0	0.0	0.9810196346927826	0.9802246587020658	0.0	0.0	0.0	0.0	0.0	0.0	0.38461538461538464	0.6666666666666666	0.8276700901404448	40		S_1	12	25	-1
10	621	2,4,5,7,8,12,13,14,21,28,32,35,36,37,40,41,42,44,53,70,73,87,101,110,120,128,134/2,4,5,7,10,31,43,44,45,46,48,51,56,57,58,63,65,67,73,82,87,91,92	g-	0.980587210383698	0.980587210383698	0.0	0.0	0.9811004389017355	0.9800739818656605	0.0	0.0	0.0	0.0	0.0	0.0	0.5	0.47619047619047616	0.8279855489036666	57		S_1	27	23	-1
11	399	4,5,12,16,17,20,30,35,49,52,53,64,76,84,87,92,101,117,120,128,147/3,4,7,37,44,48,51,52,55,58,72,75,78,81,85,86,91,93,94	g+	0.9805262511811625	0.9805262511811625	0.0	0.0	0.9811818443523924	0.9798706580099328	0.0	0.0	0.0	0.0	0.0	0.0	0.375	0.5	0.9124048584952246	51		S_1	21	19	-1
12	780	17,19,21,24,32,36,38,48,55,60,72,79,80,85,92,93,97,98,115,118,129,132,143,146,149,150/5,9,12,13,14,17,31,32,42,43,44,45,48,54,59,66,68,71,73,74,77,78,80,84,90,92,94,95,98,100	g-	0.9804656639483648	0.9804656639483648	0.0	0.0	0.9788899166966099	0.9820414112001197	0.0	0.0	0.0	0.0	0.0	0.0	0.5714285714285714	0.631578947368421	0.8424038058091221	54		S_1	26	30	-1
13	255	10,11,26,30,33,35,72,85,91,97,107,130,131,142,146/1,15,20,22,23,33,35,36,38,58,63,76,80,88,91,95,97	g-	0.9800495582569531	0.9800495582569531	0.0	0.0	0.9817525531381002	0.9783465633758059	0.0	0.0	0.0	0.0	0.0	0.0	0.7	0.6	0.9386856791009908	21		S_1	15	17	-1
14	420	1,2,4,5,6,7,9,10,11,12,13,14,15,52,53,80,83,88,91,95,105,115,119,127,128,133,146,150/1,2,10,12,13,14,15,16,22,28,31,44,72,86,89	g-	0.9798557677487494	0.9798557677487494	0.0	0.0	0.9794074630136147	0.9803040724838842	0.0	0.0	0.0	0.0	0.0	0.0	0.8333333333333334	0.5555555555555556	0.8593477150222577	23		S_1	28	15	-1
15	660	6,9,12,28,31,32,33,35,38,40,43,44,49,60,72,75,81,94,113,114,123,126,127,128,130,134,135,145,147,148/2,14,20,29,37,38,39,40,41,42,43,44,51,52,53,72,82,83,88,94,96,99	g-	0.9796260409957369	0.9796260409957369	0.0	0.0	0.9781777324843464	0.9810743495071274	0.0	0.0	0.0	0.0	0.0	0.0	0.48	0.625	0.8061988788439564	53		S_1	30	22	-1
16	540	3,7,13,47,57,63,65,67,75,88,101,110,116,117,118,122,124,140/3,6,7,8,17,19,20,22,23,26,33,35,36,38,48,53,55,56,57,65,66,70,71,72,76,77,78,84,88,92	g+	0.9795712504093753	0.9795712504093753	0.0	0.0	0.9812422615204064	0.9779002392983442	0.0	0.0	0.0	0.0	0.0	0.0	0.16666666666666666	0.8666666666666667	0.8654886363545927	28		S_1	18	30	-1
17	403	12,14,18,19,20,24,29,46,64,83,86,121,129/6,10,11,16,17,18,19,25,27,28,29,30,35,38,46,47,53,60,63,69,70,71,77,79,88,89,90,92,95,98,100	e+	0.9795543110592388	0.9795543110592388	0.0	0.0	0.9803662478794433	0.9787423742390344	0.0	0.0	0.0	0.0	0.0	0.0	0.3333333333333333	0.7391304347826086	0.8476623737056144	43		S_1	13	31	-1
18	420	3,11,13,14,16,20,23,24,25,29,31,32,50,54,58,59,60,63,71,73,76,82,85,87,98,101,103,104,108,116,123,126,132,134,139/4,5,6,8,17,50,60,63,67,79,95,96	g-	0.979437829622058	0.979437829622058	0.0	0.0	0.9809577534569476	0.9779179057871685	0.0	0.0	0.0	0.0	0.0	0.0	0.8823529411764706	0.5833333333333334	0.9100371951049063	21		S_1	35	12	-1
19	713	11,16,19,21,23,25,28,29,31,32,35,37,40,42,50,52,59,80,89,97,112,131,134/10,12,17,18,20,25,28,29,30,31,32,41,47,48,54,56,59,62,65,67,68,71,72,78,81,82,84,86,97,98,99	g+	0.9794203475258494	0.9794203475258494	0.0	0.0	0.9794611911591755	0.9793795038925233	0.0	0.0	0.0	0.0	0.0	0.0	0.38461538461538464	0.625	0.8703312696690071	52		S_1	23	31	-1
20	280	13,14,16,36,47,82,89,139,140,141/3,7,9,12,25,28,34,35,49,55,56,59,60,61,64,65,66,72,76,77,78,80,81,84,90,92,96,98	e+	0.9793730862502137	0.9793730862502137	0.0	0.0	0.9793495060143382	0.979396666486089	0.0	0.0	0.0	0.0	0.0	0.0	0.4	0.6842105263157895	0.8000086710164259	38		S_1	10	28	-1
21	580	1,3,13,14,29,40,41,42,57,58,73,86,88,89,110,120,131,133,139,141/2,3,7,10,12,20,21,25,28,30,32,35,49,51,54,55,56,59,60,61,63,65,70,74,76,80,84,97,98	e-	0.9791417032106717	0.9791417032106717	0.0	0.0	0.978578215633209	0.9797051907881346	0.0	0.0	0.0	0.0	0.0	0.0	0.6	0.5833333333333334	0.824484956144168	40		S_1	20	29	-1
22	512	1,3,6,7,8,10,13,16,19,21,22,26,31,38,44,45,60,66,85,88,90,91,95,98,110,118,130,133,134,138,143,148/4,15,37,38,39,40,42,43,51,54,68,75,77,78,94,96	g+	0.978849134962257	0.978849134962257	0.0	0.0	0.9774513860773342	0.9802468838471798	0.0	0.0	0.0	0.0	0.0	0.0	0.8181818181818182	0.5294117647058824	0.7738000210719644	37		S_1	32	16	-1
23	325	2,4,5,7,8,13,14,15,53,83,120,127,131/1,2,7,9,10,14,15,18,20,21,39,40,42,49,50,63,72,74,82,86,88,89,91,93,97	e-	0.9786063887472237	0.9786063887472237	0.0	0.0	0.981046994063248	0.9761657834311994	0.0	0.0	0.0	0.0	0.0	0.0	0.4	0.45	0.8897745104012345	36		S_1	13	25	-1
24	420	13,14,18,20,23,32,41,42,49,58,65,71,76,78,86,90,94,98,99,102,104,110,111,113,118,119,120,122,123,129,139,143,144,145,149/5,8,17,19,61,63,67,79,80,84,92,96	g-	0.9784197076188741	0.9784197076188741	0.0	0.0	0.978214279780019	0.9786251354577292	0.0	0.0	0.0	0.0	0.0	0.0	0.85	0.75	0.8354523843442431	18		S_1	35	12	-1
25	342	2,30,32,36,38,45,46,56,91,92,97,114,118,119,128,131,140,146,149/5,17,23,28,45,47,54,56,62,65,66,68,71,73,80,84,87,92	g-	0.9783677665387811	0.9783677665387811	0.0	0.0	0.9773935136773391	0.979342019400223	0.0	0.0	0.0	0.0	0.0	0.0	0.4375	0.4166666666666667	0.8562680657134835	22		S_1	19	18	-1
26	240	4,7,24,25,30,36,39,59,68,95,97,141/3,4,7,11,13,16,24,26,30,41,51,52,53,58,60,61,70,83,86,95	e+	0.9781152172961578	0.9781152172961578	0.0	0.0	0.9797642133395317	0.9764662212527839	0.0	0.0	0.0	0.0	0.0	0.0	0.23076923076923078	0.5217391304347826	0.8687296628524912	22		S_1	12	20	-1
27	525	6,14,19,22,34,54,57,60,64,72,80,83,94,106,107,127,129,132,141,143,148/6,9,11,14,15,17,18,23,27,29,30,34,39,43,61,70,71,79,83,86,89,90,92,94,96	g+	0.9780690386961346	0.9780690386961346	0.0	0.0	0.9779166139200257	0.9782214634722436	0.0	0.0	0.0	0.0	0.0	0.0	0.5384615384615384	0.47058823529411764	0.8439359191956183	31		S_1	21	25	-1
28	432	12,18,20,30,40,49,57,86,87,88,94,103,105,106,110,114,124,128,129,134,137,140,148,150/7,17,29,38,46,47,48,49,53,54,64,66,69,70,71,77,79,89	g-	0.9780518679748021	0.9780518679748021	0.0	0.0	0.9794170645684435	0.9766866713811608	0.0	0.0	0.0	0.0	0.0	0.0	0.7	0.6428571428571429	0.8480054886224696	29		S_1	24	18	-1
29	360	11,29,40,49,57,63,72,81,91,104,110,113,120,123,139,142,145,146/1,2,3,5,15,22,33,36,38,53,55,58,63,67,70,76,83,87,88,95	g-	0.9780227503157717	0.9780227503157717	0.0	0.0	0.9802010453820833	0.9758444552494601	0.0	0.0	0.0	0.0	0.0	0.0	0.6875	0.8	0.8340551055526808	24		S_1	18	20	-1
30	276	11,50,54,71,82,91,94,98,130,140,143,149/1,2,4,15,17,22,33,34,36,38,43,46,48,53,58,62,67,73,76,77,79,95,99	e+	0.9779129351414455	0.9779129351414455	0.0	0.0	0.9826457966712862	0.9731800736116047	0.0	0.0	0.0	0.0	0.0	0.0	0.5	0.6	0.9826551299916453	23		S_1	12	23	-1
31	425	2,15,31,33,35,38,44,45,59,89,110,118,130,133,137,143,148/1,2,3,4,36,37,38,39,40,41,42,46,49,51,52,61,72,74,75,77,86,89,90,93,96	e+	0.9778276049559484	0.9778276049559484	0.0	0.0	0.9765570086785166	0.9790982012333802	0.0	0.0	0.0	0.0	0.0	0.0	0.46153846153846156	0.6470588235294118	0.7068249893855278	40		S_1	17	25	-1
32	357	12,13,16,35,37,40,45,47,48,52,54,58,72,103,106,110,127,128,136,143,149/1,9,22,38,40,44,47,48,57,61,64,65,66,72,77,82,96	g+	0.9777225728919141	0.9777225728919141	0.0	0.0	0.9770588803821826	0.9783862654016455	0.0	0.0	0.0	0.0	0.0	0.0	0.4117647058823529	0.46153846153846156	0.8703999753532966	30		S_1	21	17	-1
