#number	block_area	block_id	move_type	pre_criterion	full_crit	expr_mean_crit	expr_mean_crit	expr_reg_crit	expr_kend_crit	expr_cor_crit	expr_euc_crit	expr_spear_crit	PPI_crit	feat_crit	TF_crit	percent_orig_genes	percent_orig_exp	exp_mean	trajectory_position	FEATURE_INDICES	move_class	num_genes	num_exps
1	483	10,21,22,23,24,25,26,27,28,29,30,31,32,33,34,35,36,37,38,39,40/21,22,23,24,25,26,27,28,29,30,31,32,33,34,35,36,37,38,39,40,84,89,143	g+	0.9927527672426113	0.9927527672426113	0.0	0.0	0.0	0.0	0.9927527672426113	0.0	0.0	0.0	0.0	0.0	1.0	1.0	0.6722743710923712	30		S_1	21	23	-1
2	462	41,42,43,44,45,46,47,48,49,50,51,52,53,54,55,56,57,58,59,60,157/41,42,43,44,45,46,47,48,49,50,51,52,53,54,55,56,57,58,59,60,86,94	g+	0.9925407060976343	0.9925407060976343	0.0	0.0	0.0	0.0	0.9925407060976343	0.0	0.0	0.0	0.0	0.0	0.0	0.23529411764705882	0.7708950207884694	93		S_1	21	22	-1
3	440	1,2,3,4,5,6,7,8,9,10,11,12,13,14,15,16,17,18,19,20/1,2,3,4,5,6,7,8,9,10,11,12,13,14,15,16,17,18,19,20,55,126	e-	0.9925100582656687	0.9925100582656687	0.0	0.0	0.0	0.0	0.9925100582656687	0.0	0.0	0.0	0.0	0.0	0.043478260869565216	0.42857142857142855	0.6302435766210998	62		S_1	20	22	-1
4	500	60,62,63,64,65,66,67,68,69,70,71,72,73,74,75,77,78,79,80,158/4,39,53,61,62,63,64,65,66,67,68,69,70,71,72,73,74,75,76,77,78,79,80,116,133	g+	0.9921980792308049	0.9921980792308049	0.0	0.0	0.0	0.0	0.9921980792308049	0.0	0.0	0.0	0.0	0.0	0.058823529411764705	0.10526315789473684	0.8351202937295922	87		S_1	20	25	-1
5	147	23,61,70/6,9,12,15,16,19,32,48,51,53,60,61,62,63,64,65,66,67,68,69,70,71,72,73,74,75,76,77,78,79,80,83,85,89,93,94,99,100,111,115,123,127,128,136,139,142,144,146,149	e-	0.9896167503709115	0.9896167503709115	0.0	0.0	0.0	0.0	0.9896167503709115	0.0	0.0	0.0	0.0	0.0	0.2	0.625	0.9309341013322797	43		S_1	3	49	-1
6	180	26,27,44,82,147/21,23,25,26,27,31,32,33,34,35,37,40,42,48,49,53,54,57,58,62,69,76,84,86,93,98,101,102,107,108,110,129,141,142,145,149	e+	0.9872705731499528	0.9872705731499528	0.0	0.0	0.0	0.0	0.9872705731499528	0.0	0.0	0.0	0.0	0.0	0.0	0.5555555555555556	0.8166821947099707	43		S_1	5	36	-1
7	192	6,55,99,107,119,193/11,18,21,25,30,31,38,44,48,49,50,51,53,57,69,70,74,76,81,87,88,90,91,94,95,119,124,126,127,128,130,146	e+	0.9856764706774346	0.9856764706774346	0.0	0.0	0.0	0.0	0.9856764706774346	0.0	0.0	0.0	0.0	0.0	0.25	0.84	0.7916295576178102	24		S_1	6	32	-1
8	532	1,4,6,8,10,13,16,18,44,46,49,54,64,110,135,160,161,186,192/1,3,5,10,11,13,14,17,18,20,34,41,42,43,44,45,51,56,58,60,72,73,80,83,88,118,122,133	g-	0.9853319554337392	0.9853319554337392	0.0	0.0	0.0	0.0	0.9853319554337392	0.0	0.0	0.0	0.0	0.0	0.3157894736842105	0.631578947368421	0.7716701326651098	48		S_1	19	28	-1
9	248	59,66,72,116,139,144,156,179/1,14,18,21,26,28,38,42,49,50,51,57,61,68,77,78,79,80,93,101,111,112,114,115,119,126,134,139,143,146,150	e+	0.9851275219383716	0.9851275219383716	0.0	0.0	0.0	0.0	0.9851275219383716	0.0	0.0	0.0	0.0	0.0	0.13333333333333333	0.4375	0.7716103607844026	42		S_1	8	31	-1
