	"OMIM:108800"	"OMIM:607941"	"OMIM:612794"	"OMIM:613087"	"OMIM:614429"	"OMIM:614432"	"OMIM:614433"	"Orphanet:1478"
"HP:0001631"	1.0	1.0	1.0	1.0	1.0	1.0	1.0	1.0
"HP:0006695"	0.0	1.0	0.0	0.0	0.0	0.0	0.0	0.0
"HP:0001643"	0.0	0.0	0.0	0.0	0.0	1.0	0.0	0.0
"HP:0000006"	0.0	1.0	1.0	1.0	1.0	1.0	1.0	0.0
"HP:0001629"	0.0	1.0	0.0	0.0	1.0	1.0	0.0	0.0
"HP:0001642"	0.0	0.0	0.0	0.0	1.0	0.0	0.0	0.0
"HP:0004415"	0.0	0.0	0.0	0.0	0.0	1.0	0.0	0.0
"HP:0005110"	0.0	0.0	0.0	1.0	0.0	0.0	0.0	0.0
"HP:0001662"	0.0	0.0	0.0	1.0	0.0	0.0	0.0	0.0
