#number	block_area	block_id	move_type	pre_criterion	full_crit	expr_mean_crit	expr_mean_crit	expr_reg_crit	expr_kend_crit	expr_cor_crit	expr_euc_crit	expr_spear_crit	PPI_crit	feat_crit	TF_crit	percent_orig_genes	percent_orig_exp	exp_mean	trajectory_position	FEATURE_INDICES	move_class	num_genes	num_exps
1	504	26,27,28,29,30,31,32,33,34,35,36,37,38,39,40,41,42,43,44,45,46,47,48,49,50,63,94,138/26,27,28,29,30,31,32,33,34,35,36,37,47,48,49,50,90,150	e+	0.9917462839760847	0.9917462839760847	0.0	0.0	0.9914412166383064	0.9920513513138628	0.0	0.0	0.0	0.0	0.0	0.0	0.8	0.18181818181818182	0.9675638822654262	24		S_1	28	18	-1
2	504	10,22,76,77,78,79,80,81,82,83,84,85,86,87,88,89,90,91,92,93,94,95,96,97,98,99,100,283/76,77,78,79,86,87,88,89,91,92,93,94,95,96,97,98,99,100	g-	0.9915877611296076	0.9915877611296076	0.0	0.0	0.9914874989377249	0.9916880233214902	0.0	0.0	0.0	0.0	0.0	0.0	0.75	0.05263157894736842	0.9086653640288159	22		S_1	28	18	-1
3	408	15,20,32,46,51,52,53,54,55,56,57,58,59,60,61,62,63,64,65,66,67,68,69,70,71,72,73,74,75,107,127,143,173,248/51,52,53,54,55,56,57,58,59,73,74,75	g+	0.9910643127640866	0.9910643127640866	0.0	0.0	0.9910301948147161	0.991098430713457	0.0	0.0	0.0	0.0	0.0	0.0	0.5	0.11764705882352941	1.02306448952897	40		S_1	34	12	-1
4	420	1,2,3,4,5,6,7,8,10,11,12,13,14,15,16,17,18,19,20,21,22,23,24,77,93,101,123,131,150,197,202,222,246,263,296/1,2,3,4,21,22,23,24,25,56,151,165	g+	0.9905640381793605	0.9905640381793605	0.0	0.0	0.9920750245003145	0.9890530518584064	0.0	0.0	0.0	0.0	0.0	0.0	0.631578947368421	0.4375	1.0656329128908657	33		S_1	35	12	-1
5	504	101,102,103,104,105,106,107,108,109,110,111,112,113,114,115,116,117,118,119,120,121,122,123,124,125,253,256,293/40,101,102,111,112,113,114,115,116,118,119,120,121,122,123,124,125,144	e-	0.9904615751925356	0.9904615751925356	0.0	0.0	0.9898771817808707	0.9910459686042006	0.0	0.0	0.0	0.0	0.0	0.0	0.9166666666666666	0.0	0.8545378420318139	61		S_1	28	18	-1
6	1089	2,26,27,29,31,32,33,35,36,37,40,42,43,45,46,47,48,49,50,64,110,118,121,126,132,134,166,170,177,246,255,279,286/3,6,32,34,35,36,37,38,39,40,41,48,55,58,62,68,71,91,93,98,102,111,122,124,126,137,143,150,152,154,155,174,178	e+	0.9879290330426697	0.9879290330426697	0.0	0.0	0.9872994277565381	0.9885586383288012	0.0	0.0	0.0	0.0	0.0	0.0	0.3333333333333333	0.5	0.8136822937471926	84		S_1	33	33	-1
7	648	1,3,6,7,10,13,14,19,22,24,35,52,55,64,66,67,69,77,131,203,235,246,263,296/1,2,3,23,24,25,54,57,61,62,63,64,66,69,79,105,108,116,123,139,142,153,156,174,178,190,196	e+	0.9877128138263962	0.9877128138263962	0.0	0.0	0.9876223111356622	0.9878033165171303	0.0	0.0	0.0	0.0	0.0	0.0	0.043478260869565216	0.4375	0.8918452633607307	54		S_1	24	27	-1
8	980	51,52,53,54,55,57,59,62,63,64,65,67,68,69,70,71,72,74,75,91,100,130,131,143,150,220,242,251/2,4,15,28,41,43,45,49,51,52,53,63,73,74,75,86,88,101,102,106,113,116,118,121,122,124,129,130,140,144,148,151,165,173,188	g+	0.9875164582362429	0.9875164582362429	0.0	0.0	0.9878597013593022	0.9871732151131836	0.0	0.0	0.0	0.0	0.0	0.0	0.5882352941176471	0.56	0.8967446762216518	61		S_1	28	35	-1
9	936	10,40,53,56,59,60,63,71,75,106,109,112,115,116,117,119,122,123,167,188,234,235,240,256/2,3,5,6,16,23,26,38,50,51,53,55,73,74,75,84,90,96,98,100,108,109,110,111,112,113,114,115,135,148,152,153,161,168,171,172,177,185,191	e+	0.987493053794747	0.987493053794747	0.0	0.0	0.9875536132570717	0.9874324943324224	0.0	0.0	0.0	0.0	0.0	0.0	0.5833333333333334	0.34782608695652173	0.8293053885046686	56		S_1	24	39	-1
10	754	78,79,83,85,86,87,88,89,90,94,95,96,100,103,108,109,110,111,116,118,119,123,124,125,130,178/6,41,57,58,80,86,87,88,89,90,91,92,101,102,103,104,121,122,123,124,125,126,144,153,161,173,177,186,190	e+	0.9872538873191561	0.9872538873191561	0.0	0.0	0.9868815044395345	0.9876262701987778	0.0	0.0	0.0	0.0	0.0	0.0	0.45	0.5454545454545454	0.8577217005235787	48		S_1	26	29	-1
11	700	2,10,20,51,53,55,56,60,61,63,69,71,72,74,75,106,119,120,147,158,171,235,238,248,289/5,41,50,51,52,53,54,55,69,73,74,75,90,96,100,110,114,128,135,137,143,148,152,153,161,168,185,194	e+	0.9871652531819561	0.9871652531819561	0.0	0.0	0.9880193554038285	0.9863111509600839	0.0	0.0	0.0	0.0	0.0	0.0	0.2222222222222222	0.6428571428571429	0.9166717894922853	65		S_1	25	28	-1
12	525	3,6,11,13,14,17,19,20,21,25,63,154,156,228,274/1,2,3,12,22,23,24,25,27,28,36,65,68,93,94,99,101,108,113,116,118,127,138,141,143,149,154,156,165,168,170,179,182,183,187	e+	0.9871312168297595	0.9871312168297595	0.0	0.0	0.987786701410371	0.9864757322491479	0.0	0.0	0.0	0.0	0.0	0.0	0.08333333333333333	0.48	0.8492326206834004	45		S_1	15	35	-1
13	720	9,80,102,105,107,109,110,112,113,115,117,119,121,123,151,158,181,196,234,240/3,4,16,23,28,32,45,55,57,70,74,84,100,107,108,109,110,111,112,113,114,115,116,117,126,127,131,135,144,153,171,172,177,181,186,194	g-	0.9870750540737598	0.9870750540737598	0.0	0.0	0.9868071890603352	0.9873429190871844	0.0	0.0	0.0	0.0	0.0	0.0	0.5833333333333334	0.6666666666666666	0.7231490028362898	42		S_1	20	36	-1
14	572	2,3,4,6,14,16,20,24,25,53,96,101,118,131,144,185,199,202,207,222,223,233,246,269,287,297/1,2,3,5,8,20,23,24,25,27,32,91,95,108,132,168,174,175,183,190,194,200	g-	0.9868811033895946	0.9868811033895946	0.0	0.0	0.9883442615161913	0.9854179452629978	0.0	0.0	0.0	0.0	0.0	0.0	0.47368421052631576	0.21052631578947367	0.9645757932488548	42		S_1	26	22	-1
15	616	9,17,35,53,55,64,66,69,76,80,84,86,87,91,92,99,100,143,150,172,242,251/2,7,42,43,45,58,61,62,63,65,66,76,77,78,94,98,99,100,107,113,119,122,135,137,140,142,163,187	e+	0.9865848113850152	0.9865848113850152	0.0	0.0	0.9877472117973785	0.9854224109726519	0.0	0.0	0.0	0.0	0.0	0.0	0.5294117647058824	0.7	0.9174321723291275	48		S_1	22	28	-1
16	748	17,26,28,32,35,77,79,80,85,88,89,93,99,100,116,127,185,198,201,212,228,249/5,12,13,29,42,44,45,54,71,76,77,78,97,98,99,100,115,116,117,134,137,141,145,146,155,156,158,166,167,172,181,187,188,189	g-	0.9862745664412569	0.9862745664412569	0.0	0.0	0.9877796603129863	0.9847694725695276	0.0	0.0	0.0	0.0	0.0	0.0	0.16666666666666666	0.4166666666666667	0.895084472630844	53		S_1	22	34	-1
17	648	54,57,59,65,68,69,72,74,75,86,87,116,142,147,150,155,158,183,184,187,244,258,260,271/9,10,15,18,33,43,45,51,52,53,55,70,74,75,84,89,108,109,124,136,148,156,160,162,173,176,181	g-	0.9861927771487257	0.9861927771487257	0.0	0.0	0.9876976958853059	0.9846878584121455	0.0	0.0	0.0	0.0	0.0	0.0	0.5	0.8	0.9286709786261174	48		S_1	24	27	-1
18	900	10,11,14,20,29,81,83,86,90,92,95,111,123,133,136,146,147,159,161,183,217,252,257,291,298/2,5,22,23,26,28,32,43,47,48,66,67,83,84,87,90,91,92,93,97,110,116,118,124,127,131,143,149,154,156,162,168,179,182,183,187	e+	0.9861393736955213	0.9861393736955213	0.0	0.0	0.9859195659612094	0.9863591814298333	0.0	0.0	0.0	0.0	0.0	0.0	0.14285714285714285	0.6	0.8200347547589624	67		S_1	25	36	-1
19	441	3,6,7,10,13,14,18,20,21,22,24,41,63,91,131,197,202,205,225,232,234/1,2,12,22,24,25,65,69,80,81,95,108,113,116,142,146,151,162,176,187,190	g+	0.9861084922361253	0.9861084922361253	0.0	0.0	0.9878435252579953	0.9843734592142552	0.0	0.0	0.0	0.0	0.0	0.0	0.5	0.7692307692307693	0.9940700961256302	30		S_1	21	21	-1
20	560	40,64,66,116,117,130,146,153,173,199,220,233,266,267,269,280/1,2,4,6,17,21,28,46,56,59,60,63,66,69,71,78,80,84,98,111,113,117,119,121,134,135,138,142,159,167,172,179,188,190,197	e+	0.9860639410201257	0.9860639410201257	0.0	0.0	0.9887082195071459	0.9834196625331054	0.0	0.0	0.0	0.0	0.0	0.0	0.2222222222222222	0.4166666666666667	0.8415387434701977	77		S_1	16	35	-1
21	390	51,52,57,65,69,86,87,91,100,154,211,237,245,255,275/7,12,19,33,38,47,52,53,59,77,81,94,100,107,108,110,118,120,138,149,159,167,172,182,194,196	g-	0.9858750883660998	0.9858750883660998	0.0	0.0	0.9876146270996922	0.9841355496325074	0.0	0.0	0.0	0.0	0.0	0.0	0.5294117647058824	0.8947368421052632	0.9231197368101924	25		S_1	15	26	-1
22	620	5,26,29,33,35,36,38,40,41,42,43,45,46,48,69,87,108,109,116,119,124,137,168,174,184,186,188,193,251,254,266/6,36,37,38,39,40,41,57,87,94,101,107,115,121,125,126,176,179,187,188	g+	0.9858347609674221	0.9858347609674221	0.0	0.0	0.9839785216901777	0.9876910002446664	0.0	0.0	0.0	0.0	0.0	0.0	0.8461538461538461	0.47058823529411764	0.7606840604234779	28		S_1	31	20	-1
23	660	7,78,81,86,87,94,95,98,130,135,140,150,168,174,177,213,231,257,274,291/9,15,18,28,38,47,57,59,62,63,70,74,77,78,82,85,87,88,98,105,125,126,133,134,143,147,148,156,163,170,171,182,188	e+	0.9858068730837082	0.9858068730837082	0.0	0.0	0.9868012561274118	0.9848124900400046	0.0	0.0	0.0	0.0	0.0	0.0	0.21428571428571427	0.6470588235294118	0.8472564904437634	45		S_1	20	33	-1
24	759	26,76,81,83,86,87,94,97,99,103,116,123,159,168,228,231,245,252,257,267,272,274,283/10,12,26,27,52,59,62,63,64,71,77,78,79,91,92,93,94,95,96,98,100,106,108,118,127,131,149,154,163,167,182,192,194	e+	0.9857484058176946	0.9857484058176946	0.0	0.0	0.9855636178137731	0.9859331938216163	0.0	0.0	0.0	0.0	0.0	0.0	0.4	0.6	0.8546383750751241	48		S_1	23	33	-1
25	686	2,4,9,12,15,21,24,26,29,40,42,54,58,59,60,61,70,74,75,84,85,86,88,118,125,134,136,138,153,162,191,193,199,201,214,225,227,231,238,240,255,257,270,272,277,280,282,284,287/2,3,4,36,37,45,61,65,92,121,155,164,178,187	g+	0.9856018972883971	0.9856018972883971	0.0	0.0	0.9856950402738006	0.9855087543029935	0.0	0.0	0.0	0.0	0.0	0.0	0.85	0.3125	0.8158399485244872	38		S_1	49	14	-1
26	882	26,28,29,30,33,35,36,37,38,40,41,43,45,46,47,48,49,52,67,75,78,86,92,102,131,135,142,158,177,183,196,203,231,249,251,257,273,278,288,289,297,298/9,15,18,26,27,28,31,48,50,84,100,147,150,169,172,173,177,178,181,186,196	g-	0.9855395182238584	0.9855395182238584	0.0	0.0	0.9862414278198082	0.9848376086279087	0.0	0.0	0.0	0.0	0.0	0.0	0.8181818181818182	0.5333333333333333	0.8908665474156365	40		S_1	42	21	-1
27	966	27,28,29,31,32,36,40,41,42,43,45,46,49,50,54,63,65,67,75,88,102,105,108,124,138,141,152,165,166,167,179,195,204,225,228,232,246,251,262,265,270,274/8,26,37,49,50,69,72,84,91,93,94,116,124,127,131,147,154,155,164,167,178,182,187	g-	0.9854574381220387	0.9854574381220387	0.0	0.0	0.9864135533223677	0.9845013229217098	0.0	0.0	0.0	0.0	0.0	0.0	0.7142857142857143	0.44	0.8816877324874847	44		S_1	42	23	-1
28	720	29,36,38,43,45,47,50,85,96,98,101,102,105,106,107,115,126,140,158,169,182,184,192,199,200,216,224,243,276,286/5,19,26,32,41,45,48,49,56,59,61,72,77,82,112,114,115,117,139,150,162,184,193,196	g-	0.98541406845384	0.98541406845384	0.0	0.0	0.985614705030897	0.9852134318767831	0.0	0.0	0.0	0.0	0.0	0.0	0.6875	0.625	0.8817838504507817	41		S_1	30	24	-1
29	945	26,28,30,35,43,45,48,69,85,87,94,102,106,109,112,122,123,124,128,137,147,158,159,162,168,177,180,189,194,202,218,221,228,235,238,248,249,260,270,272,273,277,279,286,300/13,37,38,39,59,66,70,80,85,88,94,97,110,112,114,126,128,147,150,158,196	g+	0.9852532864324868	0.9852532864324868	0.0	0.0	0.985347208490656	0.9851593643743175	0.0	0.0	0.0	0.0	0.0	0.0	0.8333333333333334	0.25	0.8065209657068727	48		S_1	45	21	-1
30	589	8,19,25,35,37,44,64,85,93,130,135,144,146,202,221,222,273,287,293/1,11,31,41,53,55,56,82,86,88,89,90,111,115,127,128,136,140,159,161,166,170,172,173,176,183,189,190,192,195,200	g+	0.9852405437716112	0.9852405437716112	0.0	0.0	0.9865785078377016	0.9839025797055208	0.0	0.0	0.0	0.0	0.0	0.0	0.125	0.5789473684210527	0.8645221536642694	59		S_1	19	31	-1
31	768	3,4,8,14,20,24,25,27,42,43,66,80,81,85,96,97,135,137,144,146,150,178,188,196,208,214,222,225,254,263,273,287/1,2,6,8,24,25,36,67,102,108,111,127,129,143,151,166,168,169,173,176,178,179,183,190	g-	0.985215265049956	0.985215265049956	0.0	0.0	0.984636693493238	0.9857938366066741	0.0	0.0	0.0	0.0	0.0	0.0	0.8947368421052632	0.5263157894736842	0.892906958841321	32		S_1	32	24	-1
32	999	3,4,5,16,24,40,67,90,103,111,116,129,137,159,179,197,215,216,222,232,254,263,267,283,287,291,294/1,2,3,4,8,29,44,49,53,70,72,81,91,93,94,95,101,108,111,112,116,118,127,128,131,142,144,146,151,163,164,176,179,182,187,190,191	e+	0.9851682171318175	0.9851682171318175	0.0	0.0	0.9854977901271775	0.9848386441364573	0.0	0.0	0.0	0.0	0.0	0.0	0.3125	0.6	0.869337820625652	51		S_1	27	37	-1
33	506	10,28,32,40,43,44,46,56,59,63,102,115,152,156,157,166,167,174,231,249,253,291/7,20,23,26,44,46,50,73,75,83,87,90,100,106,111,135,138,139,152,153,161,168,199	e+	0.9851380740158512	0.9851380740158512	0.0	0.0	0.9869651207171524	0.98331102731455	0.0	0.0	0.0	0.0	0.0	0.0	0.38095238095238093	0.5714285714285714	0.9547778949086343	44		S_1	22	23	-1
34	726	1,3,4,8,13,18,78,103,104,116,146,152,180,213,233,244,252,264,267,269,273,274/2,6,11,12,14,17,21,24,30,35,56,61,65,69,71,77,81,111,112,117,138,141,142,149,153,158,159,165,172,179,183,188,190	g-	0.9851323316647151	0.9851323316647151	0.0	0.0	0.9848416767541517	0.9854229865752786	0.0	0.0	0.0	0.0	0.0	0.0	0.3333333333333333	0.5833333333333334	0.8289527750562968	47		S_1	22	33	-1
35	700	13,16,18,64,65,80,85,89,98,102,103,106,107,117,120,146,201,214,229,236,254,267,269,279,299/13,16,17,21,30,42,55,71,76,78,84,111,112,113,114,115,117,135,138,141,146,149,167,172,173,188,190,199	g+	0.9851199455862945	0.9851199455862945	0.0	0.0	0.9854663689518829	0.9847735222207061	0.0	0.0	0.0	0.0	0.0	0.0	0.6875	0.5416666666666666	0.8343081150673037	41		S_1	25	28	-1
36	455	6,42,46,48,51,54,58,63,71,72,74,75,284/5,6,13,38,40,41,42,50,51,52,53,54,55,74,75,80,84,85,87,100,110,128,137,145,148,149,152,163,166,168,171,177,179,185,190	e+	0.9850643157120174	0.9850643157120174	0.0	0.0	0.9871765040856489	0.9829521273383857	0.0	0.0	0.0	0.0	0.0	0.0	0.25	0.5882352941176471	0.9199669038398695	33		S_1	13	35	-1
37	380	12,33,35,38,49,150,217,219,258,281/1,2,3,4,6,34,35,36,37,39,40,44,45,63,65,67,68,85,87,103,105,106,110,126,132,135,141,143,145,146,147,148,149,152,174,175,183,185	g-	0.9850609354697378	0.9850609354697378	0.0	0.0	0.9885696228642524	0.9815522480752232	0.0	0.0	0.0	0.0	0.0	0.0	0.0	0.6470588235294118	0.8495316674178642	39		S_1	10	38	-1
38	580	3,11,14,16,24,26,33,37,43,46,98,101,103,104,106,114,134,148,159,169,196,197,248,268,269,276,281,294,298/1,14,23,28,35,37,67,68,70,88,95,104,108,115,142,146,179,182,190,197	g-	0.9850349353899213	0.9850349353899213	0.0	0.0	0.9856745620312175	0.9843953087486249	0.0	0.0	0.0	0.0	0.0	0.0	0.3333333333333333	0.6666666666666666	0.8901121407772784	42		S_1	29	20	-1
39	512	5,17,115,116,117,120,123,130,146,186,215,267,269,280,288,295/6,11,13,17,21,28,39,44,45,56,69,74,80,81,107,109,111,112,113,115,116,117,120,127,135,138,154,172,179,183,190,197	e+	0.9850075258754583	0.9850075258754583	0.0	0.0	0.9855799289253633	0.9844351228255532	0.0	0.0	0.0	0.0	0.0	0.0	0.3333333333333333	0.5833333333333334	0.8352636037082442	43		S_1	16	32	-1
40	598	8,52,55,58,60,61,65,67,71,72,75,119,120,121,122,138,145,149,153,186,205,241,283/19,32,34,48,59,60,61,62,63,64,65,66,67,78,83,87,117,121,125,133,150,155,159,175,184,196	g+	0.9850040261886266	0.9850040261886266	0.0	0.0	0.9847554971057131	0.9852525552715402	0.0	0.0	0.0	0.0	0.0	0.0	0.375	0.8125	0.7646911432075726	31		S_1	23	26	-1
41	414	1,27,28,30,32,33,35,40,43,44,45,46,47,52,53,63,166,167,179,218,249,251,298/9,11,26,30,35,37,50,65,79,87,129,142,149,152,163,168,186,191	e+	0.9849672958628479	0.9849672958628479	0.0	0.0	0.986532214400111	0.983402377325585	0.0	0.0	0.0	0.0	0.0	0.0	0.7	0.7333333333333333	0.9192508701142192	24		S_1	23	18	-1
42	693	3,11,28,53,79,87,107,128,147,158,159,160,179,189,221,241,249,256,274,289,294/1,23,24,38,41,44,45,57,59,66,69,72,94,95,97,99,108,112,114,128,130,137,144,146,147,148,154,156,167,171,176,178,187	e+	0.9849565633629666	0.9849565633629666	0.0	0.0	0.98589734836143	0.9840157783645032	0.0	0.0	0.0	0.0	0.0	0.0	0.25	0.52	0.8558191591884565	74		S_1	21	33	-1
43	741	4,12,30,40,43,45,53,60,61,77,78,82,83,84,92,113,122,135,139,140,143,150,158,165,167,178,198,199,207,214,215,233,238,250,269,274,275,292,297/2,6,14,26,37,56,67,70,74,79,82,108,117,127,134,135,141,178,190	g+	0.9849447811134362	0.9849447811134362	0.0	0.0	0.9852198831449711	0.9846696790819014	0.0	0.0	0.0	0.0	0.0	0.0	0.6666666666666666	0.1875	0.8441926349627723	55		S_1	39	19	-1
44	513	16,26,27,28,30,32,34,35,38,39,44,45,46,63,64,80,87,100,102,124,167,183,216,241,249,272,288/6,11,26,38,39,40,41,50,56,57,58,74,87,145,163,166,171,179,195	g-	0.9848546149010549	0.9848546149010549	0.0	0.0	0.9860351107541605	0.9836741190479493	0.0	0.0	0.0	0.0	0.0	0.0	0.8333333333333334	0.5882352941176471	0.892631215273155	24		S_1	27	19	-1
45	616	12,15,22,58,61,62,68,72,86,96,97,108,109,118,120,130,131,132,136,163,166,172,175,177,178,185,188,190,192,208,209,214,216,217,218,234,241,244,247,252,258,270,292,300/21,32,34,44,52,82,85,105,132,138,142,143,145,174	g+	0.984815885949372	0.984815885949372	0.0	0.0	0.9873340653718975	0.9822977065268464	0.0	0.0	0.0	0.0	0.0	0.0	0.76	0.4	0.8871056113004443	37		S_1	44	14	-1
46	351	8,10,15,19,22,76,80,81,83,84,85,89,90,91,93,95,96,98,99,100,110,123,128,138,149,155,163,171,184,185,195,211,241,268,271,273,283,296,299/53,67,76,78,79,80,99,136,151	g-	0.9847764890092043	0.9847764890092043	0.0	0.0	0.9882289647594715	0.9813240132589373	0.0	0.0	0.0	0.0	0.0	0.0	1.0	0.6666666666666666	0.9725568776161685	23		S_1	39	9	-1
47	140	63,230,233,269,280/6,17,21,34,46,47,49,56,69,71,76,77,78,80,81,95,106,107,111,126,142,147,159,162,172,179,190,200	e+	0.9847317495992851	0.9847317495992851	0.0	0.0	0.9894792712307715	0.9799842279677987	0.0	0.0	0.0	0.0	0.0	0.0	0.1111111111111111	0.7619047619047619	1.025206749328914	37		S_1	5	28	-1
48	589	4,14,35,39,43,65,111,116,120,181,192,235,244,248,268,275,282,291,292/2,3,25,26,28,29,47,48,73,80,91,97,110,113,116,118,120,127,131,137,153,154,155,156,164,166,168,179,182,187,200	g+	0.9846849690456831	0.9846849690456831	0.0	0.0	0.9861275313170326	0.9832424067743337	0.0	0.0	0.0	0.0	0.0	0.0	0.29411764705882354	0.52	0.8593768271865505	61		S_1	19	31	-1
49	420	10,87,94,101,103,106,108,109,113,116,118,122,124,125,138,156,178,190,251,283/12,13,21,48,67,68,80,88,101,102,103,104,123,124,125,134,144,150,170,177,189	g-	0.9846379436377048	0.9846379436377048	0.0	0.0	0.9860191346112971	0.9832567526641127	0.0	0.0	0.0	0.0	0.0	0.0	0.2777777777777778	0.5882352941176471	0.9584949221661342	36		S_1	20	21	-1
50	600	1,2,3,8,10,11,12,17,21,22,23,33,42,60,133,188,197,205,218,221,234,254,262,263,284/1,2,3,5,8,23,25,27,31,40,43,68,87,94,102,104,110,113,131,135,141,161,170,186	g-	0.9846377374856785	0.9846377374856785	0.0	0.0	0.9844248667942332	0.9848506081771237	0.0	0.0	0.0	0.0	0.0	0.0	0.5625	0.6666666666666666	0.9078179726255616	21		S_1	25	24	-1
51	608	11,17,61,71,89,102,131,133,146,150,186,208,233,254,262,267,269,280,284/6,10,11,13,17,21,28,46,56,62,69,71,78,80,84,97,103,104,113,117,120,121,138,142,153,154,165,170,172,179,188,197	g+	0.984622591737712	0.984622591737712	0.0	0.0	0.985834336656863	0.9834108468185612	0.0	0.0	0.0	0.0	0.0	0.0	0.22727272727272727	0.5	0.8255928580214636	46		S_1	19	32	-1
52	588	2,3,5,7,12,13,15,16,17,21,31,37,41,90,93,123,130,132,168,175,197,203,246,274,276,277,283,289/1,2,3,25,38,44,45,68,85,87,88,93,105,122,126,131,143,144,148,163,174	g+	0.9845661303547841	0.9845661303547841	0.0	0.0	0.9846152624585016	0.9845169982510666	0.0	0.0	0.0	0.0	0.0	0.0	0.68	0.5882352941176471	0.843183593834665	37		S_1	28	21	-1
53	783	7,17,19,23,24,59,65,68,77,108,110,113,121,124,126,131,140,141,143,163,173,174,198,206,223,233,279/13,17,18,40,42,47,57,63,66,69,87,88,94,96,102,103,119,122,124,125,127,134,139,141,152,165,167,170,180	e+	0.9845495821914154	0.9845495821914154	0.0	0.0	0.9845117357902556	0.9845874285925751	0.0	0.0	0.0	0.0	0.0	0.0	0.21739130434782608	0.3888888888888889	0.8803817944763408	68		S_1	27	29	-1
54	1188	10,25,35,63,76,77,78,79,80,85,88,93,100,102,116,120,128,135,147,149,150,162,180,204,209,225,226,227,228,242,243,260,274/1,5,29,47,48,49,69,72,73,74,76,77,78,93,95,96,99,100,112,116,127,130,131,137,145,147,149,154,156,164,167,182,185,187,191,193	g+	0.984544272418004	0.984544272418004	0.0	0.0	0.9856625647757834	0.9834259800602245	0.0	0.0	0.0	0.0	0.0	0.0	0.34782608695652173	0.64	0.8552792921588043	39		S_1	33	36	-1
55	805	14,15,21,26,29,46,51,71,75,92,106,147,159,180,183,192,196,219,224,229,249,281,284/1,13,15,28,34,35,40,48,53,60,63,66,67,68,79,80,93,97,101,104,116,124,125,145,147,151,154,157,159,167,171,179,181,189,197	g-	0.9845388272016267	0.9845388272016267	0.0	0.0	0.985183422475314	0.9838942319279392	0.0	0.0	0.0	0.0	0.0	0.0	0.43478260869565216	0.8235294117647058	0.821180859034812	45		S_1	23	35	-1
56	345	5,6,43,76,79,84,85,92,93,94,95,96,188,189,229/12,20,40,49,52,76,77,78,79,100,105,115,123,126,129,133,142,145,155,180,184,193,199	e+	0.9845224092337324	0.9845224092337324	0.0	0.0	0.9869404126151762	0.9821044058522884	0.0	0.0	0.0	0.0	0.0	0.0	0.4375	0.8947368421052632	0.9729339238656954	24		S_1	15	23	-1
57	243	2,3,4,12,13,14,16,21,22,62,91,93,106,114,131,133,161,196,202,234,237,248,277,281,289,293,294/1,2,68,85,105,106,132,141,152	e+	0.9844846731931933	0.9844846731931933	0.0	0.0	0.9877667929888165	0.9812025533975701	0.0	0.0	0.0	0.0	0.0	0.0	0.4375	0.5	0.9493417256270695	19		S_1	27	9	-1
58	729	10,22,56,71,75,81,86,91,98,130,140,150,168,171,187,194,204,207,222,228,230,247,267,271,274,283,295/18,36,39,45,51,52,55,57,68,70,72,73,74,75,87,88,90,105,109,126,139,143,145,148,156,170,172	e+	0.9844028108069254	0.9844028108069254	0.0	0.0	0.9843532096541642	0.9844524119596865	0.0	0.0	0.0	0.0	0.0	0.0	0.5263157894736842	0.6470588235294118	0.8416614519375721	48		S_1	27	27	-1
59	513	3,4,11,13,14,18,24,43,45,106,113,116,148,188,197,253,258,264,294/1,4,9,23,24,25,36,37,45,74,77,94,111,112,114,142,151,155,156,158,168,171,176,179,183,190,194	g-	0.9843856277621349	0.9843856277621349	0.0	0.0	0.9845768638550236	0.9841943916692462	0.0	0.0	0.0	0.0	0.0	0.0	0.3333333333333333	0.3684210526315789	0.865376047119499	52		S_1	19	27	-1
60	828	1,2,4,5,6,7,8,11,12,13,15,17,18,19,20,21,22,23,25,52,67,80,119,131,140,148,149,171,178,180,185,188,192,193,200,203,218,223,226,229,254,279,283,284,285,292/1,9,10,11,12,13,14,16,23,24,28,42,107,138,155,165,185,188	g-	0.9843702982011482	0.9843702982011482	0.0	0.0	0.985164262211962	0.9835763341903343	0.0	0.0	0.0	0.0	0.0	0.0	0.7916666666666666	0.4166666666666667	0.7842903161391517	25		S_1	46	18	-1
61	527	13,18,42,43,141,146,149,150,201,205,216,218,219,234,251,268,272/4,6,7,8,33,35,36,37,41,61,62,67,75,86,87,99,121,122,123,126,130,132,133,137,165,166,171,175,176,179,183	e+	0.9843404285577825	0.9843404285577825	0.0	0.0	0.9846462799857603	0.9840345771298047	0.0	0.0	0.0	0.0	0.0	0.0	0.3333333333333333	0.5263157894736842	0.8032369373781132	39		S_1	17	31	-1
62	308	2,5,6,13,14,16,20,24,25,44,55,64,71,78,80,88,98,102,113,114,120,140,146,165,168,172,173,174,177,187,199,201,207,214,218,222,228,254,267,269,279,287,291,298/2,8,24,33,44,70,172	g-	0.9843108652853054	0.9843108652853054	0.0	0.0	0.9884219208227139	0.980199809747897	0.0	0.0	0.0	0.0	0.0	0.0	0.5625	0.5	0.8747340098401668	23		S_1	44	7	-1
63	690	1,8,17,64,65,115,116,119,123,124,130,137,141,149,163,177,186,188,204,206,216,220,223,238,241,263,264,270,271,284/4,16,20,45,49,60,63,85,87,88,94,97,113,116,120,126,135,154,156,166,170,179,196	g-	0.9842431468380917	0.9842431468380917	0.0	0.0	0.9841309552033457	0.9843553384728376	0.0	0.0	0.0	0.0	0.0	0.0	0.6086956521739131	0.5714285714285714	0.8618773651838669	47		S_1	30	23	-1
64	192	35,51,52,57,58,60,69,71,74,75,186,278/35,37,38,43,51,52,53,54,55,74,75,82,160,180,181,186	g-	0.9842295229784883	0.9842295229784883	0.0	0.0	0.9878251825574335	0.9806338633995431	0.0	0.0	0.0	0.0	0.0	0.0	0.0	0.4666666666666667	1.0592275997430287	22		S_1	12	16	-1
65	576	9,14,16,41,62,73,92,104,132,134,195,215,224,241,267,269,297,298/1,3,5,23,28,32,36,45,50,53,65,66,68,92,96,98,102,105,108,116,122,124,127,131,149,154,156,164,168,176,187,194	e+	0.9842272532974455	0.9842272532974455	0.0	0.0	0.9852634406955116	0.9831910658993794	0.0	0.0	0.0	0.0	0.0	0.0	0.5	0.56	0.856456552511005	46		S_1	18	32	-1
66	902	4,15,27,29,48,51,52,68,69,74,101,118,123,124,151,153,164,181,190,251,260,277/3,8,11,13,14,20,24,25,26,48,59,60,62,63,64,66,67,79,80,81,92,97,103,124,128,129,134,135,136,147,153,159,161,167,171,172,177,180,189,196,197	e+	0.9842149138104682	0.9842149138104682	0.0	0.0	0.9853391311972682	0.9830906964236682	0.0	0.0	0.0	0.0	0.0	0.0	0.4444444444444444	0.8823529411764706	0.7817384286432325	39		S_1	22	41	-1
67	816	13,35,38,42,43,46,90,98,101,149,151,177,188,195,204,218,219,220,225,226,234,238,253,285/6,22,23,35,37,38,40,41,53,55,57,58,62,68,70,73,75,87,92,105,107,115,121,126,141,146,151,155,176,179,183,184,186,196	g+	0.9841794477804783	0.9841794477804783	0.0	0.0	0.9844590991790478	0.9838997963819087	0.0	0.0	0.0	0.0	0.0	0.0	0.34782608695652173	0.76	0.8067428721623409	41		S_1	24	34	-1
68	576	1,2,4,8,12,13,16,22,25,80,85,109,122,129,178,213,232,262/7,9,11,12,13,14,15,16,18,22,41,49,59,84,89,124,125,127,129,133,138,144,151,152,157,164,168,177,182,187,190,198	e+	0.98406020398939	0.98406020398939	0.0	0.0	0.9828227819714035	0.9852976260073766	0.0	0.0	0.0	0.0	0.0	0.0	0.375	0.7391304347826086	0.7349550433476348	37		S_1	18	32	-1
69	805	33,43,51,52,54,57,63,64,65,67,69,71,74,75,99,118,126,143,144,150,181,208,242/3,13,14,18,21,25,37,48,55,57,62,63,64,65,66,67,72,79,103,109,117,128,129,130,136,152,162,172,174,177,178,180,183,190,197	g-	0.9840589801382019	0.9840589801382019	0.0	0.0	0.9830617233330561	0.9850562369433478	0.0	0.0	0.0	0.0	0.0	0.0	0.5294117647058824	0.8260869565217391	0.7206111152140651	42		S_1	23	35	-1
70	729	7,26,32,36,48,50,81,86,95,107,120,140,157,167,188,193,199,211,218,233,253,257,258,264,265,269,292/6,56,57,60,63,70,71,78,87,90,103,105,111,134,136,143,145,148,152,157,163,167,170,178,181,185,187	e+	0.9840174011863126	0.9840174011863126	0.0	0.0	0.9847815771841422	0.9832532251884831	0.0	0.0	0.0	0.0	0.0	0.0	0.5714285714285714	0.43478260869565216	0.9081114818440624	61		S_1	27	27	-1
71	216	6,10,16,31,54,73,103,104,112,117,120,134,139,163,175,180,187,197,232,254,264,269,290,291/15,16,21,81,101,112,113,115,192	g-	0.9839724916209459	0.9839724916209459	0.0	0.0	0.9871996270523036	0.9807453561895882	0.0	0.0	0.0	0.0	0.0	0.0	0.5625	0.25	0.9279424582587509	27		S_1	24	9	-1
72	555	2,12,14,31,36,52,55,60,64,73,104,106,107,110,115,117,121,125,127,132,134,153,166,170,171,185,196,198,221,241,250,255,279,293,295,297,298/24,27,91,93,96,108,116,122,124,141,146,154,168,182,187	g+	0.9839133202374467	0.9839133202374467	0.0	0.0	0.9844054349923552	0.9834212054825382	0.0	0.0	0.0	0.0	0.0	0.0	0.9047619047619048	0.4	0.8821709407119838	41		S_1	37	15	-1
73	870	9,47,49,62,66,71,109,114,115,120,125,130,136,146,152,173,174,204,207,210,214,233,244,267,269,278,280,281,294/10,11,14,17,18,21,28,44,46,56,58,71,78,80,84,106,111,113,117,120,138,141,142,155,172,179,183,188,190,197	g+	0.9839087096393639	0.9839087096393639	0.0	0.0	0.9843211887179615	0.9834962305607664	0.0	0.0	0.0	0.0	0.0	0.0	0.7272727272727273	0.6666666666666666	0.8142438517439113	38		S_1	29	30	-1
74	378	19,57,61,62,74,104,131,142,156,193,228,253,258,264/6,30,41,44,50,52,56,60,62,63,64,71,98,103,105,124,125,129,138,145,154,159,178,181,182,184,196	g-	0.9838885837092248	0.9838885837092248	0.0	0.0	0.9863672794356149	0.9814098879828347	0.0	0.0	0.0	0.0	0.0	0.0	0.35714285714285715	0.8181818181818182	0.8309329335265954	23		S_1	14	27	-1
75	513	2,11,16,22,31,35,74,75,104,129,133,152,170,180,202,205,213,253,258/6,20,28,29,50,59,60,61,62,65,69,71,81,102,103,124,129,138,149,154,158,159,181,183,184,188,189	e+	0.9838836982165251	0.9838836982165251	0.0	0.0	0.9841212683607637	0.9836461280722866	0.0	0.0	0.0	0.0	0.0	0.0	0.4375	0.6	0.8732349445649991	47		S_1	19	27	-1
76	555	6,17,52,89,131,132,156,158,187,194,212,217,251,263,272/4,10,11,12,14,15,16,38,42,44,55,71,77,78,80,82,99,100,107,108,113,115,119,120,125,132,133,141,145,146,148,151,166,170,179,188,195	e+	0.9838788163910195	0.9838788163910195	0.0	0.0	0.984799658756917	0.982957974025122	0.0	0.0	0.0	0.0	0.0	0.0	0.1875	0.625	0.8068238738165568	41		S_1	15	37	-1
77	899	14,34,37,38,39,44,52,53,70,81,84,85,94,96,97,98,126,155,157,165,169,177,181,184,197,200,218,273,296/5,23,28,48,49,54,80,90,91,92,93,96,98,102,108,110,113,116,118,121,124,131,132,146,149,154,156,162,179,183,189	g-	0.9838178795296195	0.9838178795296195	0.0	0.0	0.984361942567617	0.9832738164916222	0.0	0.0	0.0	0.0	0.0	0.0	0.8421052631578947	0.6	0.874974703236191	44		S_1	29	31	-1
78	450	26,36,38,40,43,46,48,69,118,177,184,188,257,258,266/6,12,14,36,37,38,39,40,41,57,63,67,68,71,85,87,88,105,115,126,129,134,143,145,148,155,163,181,182,183	e+	0.9837647887171336	0.9837647887171336	0.0	0.0	0.9847514719092425	0.9827781055250246	0.0	0.0	0.0	0.0	0.0	0.0	0.3076923076923077	0.8823529411764706	0.7865759708858081	22		S_1	15	30	-1
79	828	32,33,35,36,37,38,42,63,65,81,95,98,101,105,108,127,135,148,159,161,169,173,176,177,181,182,189,191,193,201,214,217,219,222,231,247,254,272,273,276,277,281,287,293,295,297/3,11,18,43,47,57,58,71,85,88,91,92,93,105,121,126,162,184	g+	0.9837356470120444	0.9837356470120444	0.0	0.0	0.9842177071363587	0.9832535868877301	0.0	0.0	0.0	0.0	0.0	0.0	0.8461538461538461	0.3684210526315789	0.8105305632554409	28		S_1	46	18	-1
80	858	4,7,8,9,24,43,45,69,71,72,75,83,102,119,120,121,124,147,167,178,180,186,187,190,194,195,207,228,233,236,266,267,279/2,3,4,6,9,10,36,44,51,55,70,73,84,96,102,108,139,158,163,170,175,176,182,192,196,199	g-	0.9837329694339795	0.9837329694339795	0.0	0.0	0.9828357208578762	0.9846302180100828	0.0	0.0	0.0	0.0	0.0	0.0	0.5238095238095238	0.631578947368421	0.829419659856079	38		S_1	33	26	-1
81	551	25,66,67,69,72,83,90,91,98,129,134,161,204,219,222,246,249,263,276/2,24,25,39,48,57,59,64,67,69,71,74,79,108,114,119,123,131,133,145,159,166,172,173,190,192,194,196,200	e+	0.9836906367370106	0.9836906367370106	0.0	0.0	0.9852090918591929	0.9821721816148283	0.0	0.0	0.0	0.0	0.0	0.0	0.25	0.6086956521739131	0.8620964812798679	43		S_1	19	29	-1
82	960	17,18,66,70,89,94,103,122,126,132,139,153,156,158,164,170,177,182,185,209,224,225,228,239,240,242,249,252,260,274/3,5,8,9,10,11,18,20,23,26,27,42,44,53,55,77,79,84,94,99,103,107,119,131,141,148,153,157,166,183,184,199	g-	0.9836742546315149	0.9836742546315149	0.0	0.0	0.9824876556954578	0.984860853567572	0.0	0.0	0.0	0.0	0.0	0.0	0.5714285714285714	0.6521739130434783	0.811108707403129	58		S_1	30	32	-1
83	276	53,91,144,164,170,204,207,235,248,267,284,297/2,17,24,39,61,62,66,69,73,76,80,99,109,112,114,124,145,147,165,172,174,175,194	e+	0.9836728365305328	0.9836728365305328	0.0	0.0	0.9848490789269415	0.9824965941341242	0.0	0.0	0.0	0.0	0.0	0.0	0.5555555555555556	0.8823529411764706	0.8316637162821451	22		S_1	12	23	-1
84	667	6,7,10,14,15,38,40,51,82,87,90,94,103,108,119,132,159,168,172,198,229,236,240,249,253,256,257,267,283/3,6,26,31,57,59,63,66,70,87,92,93,96,98,106,124,127,147,163,168,171,181,182	g-	0.9836714818797292	0.9836714818797292	0.0	0.0	0.9838800124111948	0.9834629513482636	0.0	0.0	0.0	0.0	0.0	0.0	0.6666666666666666	0.32	0.8852825690997241	45		S_1	29	23	-1
85	441	57,74,97,130,131,148,153,161,191,197,209,215,225,237,240,251,274,279,283,293,296/9,16,19,23,30,38,44,47,53,54,83,107,110,115,117,153,160,168,170,186,199	g-	0.983633948927026	0.983633948927026	0.0	0.0	0.9850465706605352	0.9822213271935167	0.0	0.0	0.0	0.0	0.0	0.0	0.6428571428571429	0.42857142857142855	0.9104077416746819	40		S_1	21	21	-1
86	165	22,76,80,93,102,158,213,246,252,272,293/64,76,77,78,79,99,100,107,116,167,177,185,187,188,193	g-	0.9836036201948193	0.9836036201948193	0.0	0.0	0.9865276237721851	0.9806796166174535	0.0	0.0	0.0	0.0	0.0	0.0	0.3333333333333333	1.0	0.9871933827852757	19		S_1	11	15	-1
87	1564	10,32,50,63,73,78,79,80,84,88,91,93,100,101,117,120,128,144,158,166,170,174,189,216,225,228,265,267,274,277,288,290,291,298/1,25,35,37,40,45,47,55,69,76,77,78,79,91,92,94,95,96,97,98,99,100,105,106,108,111,116,122,125,127,130,131,137,145,147,149,154,155,156,164,167,176,180,182,187,191	g-	0.9835538744925573	0.9835538744925573	0.0	0.0	0.9833811439624291	0.9837266050226854	0.0	0.0	0.0	0.0	0.0	0.0	0.6111111111111112	0.72	0.8164697233374336	43		S_1	34	46	-1
88	690	7,17,36,37,62,67,101,103,106,111,112,114,115,116,117,120,121,129,145,153,186,213,230,245,250,251,279,287,298,300/7,36,41,49,110,111,112,113,114,115,116,117,122,135,136,140,151,153,165,173,176,183,187	e+	0.9835426400239637	0.9835426400239637	0.0	0.0	0.9821674166075018	0.9849178634404258	0.0	0.0	0.0	0.0	0.0	0.0	0.5714285714285714	0.5789473684210527	0.7879048305900801	19		S_1	30	23	-1
89	592	4,13,21,31,37,64,66,82,91,98,116,129,142,192,222,298/7,10,11,12,14,15,26,48,50,51,55,81,86,93,95,101,106,108,109,114,120,140,145,146,148,156,159,164,166,167,175,177,181,185,188,190,195	g-	0.9835386478278434	0.9835386478278434	0.0	0.0	0.98532446775001	0.9817528279056769	0.0	0.0	0.0	0.0	0.0	0.0	0.4375	0.5652173913043478	0.8754030239808959	47		S_1	16	37	-1
90	899	28,29,31,32,34,36,44,47,49,50,55,56,63,95,105,124,142,148,151,152,167,170,171,179,182,211,227,256,271,285,288/5,8,13,26,33,45,47,48,49,50,62,66,69,70,86,90,93,116,117,136,140,150,166,167,169,173,190,193,198	g-	0.9835273690612494	0.9835273690612494	0.0	0.0	0.9844755471043016	0.9825791910181971	0.0	0.0	0.0	0.0	0.0	0.0	0.75	0.42105263157894735	0.8765767056837953	41		S_1	31	29	-1
91	529	4,13,15,38,46,86,87,88,91,96,123,130,161,186,216,220,226,236,237,251,258,295,296/1,7,12,19,20,21,26,32,44,52,60,62,71,83,85,86,88,120,131,133,138,154,175	g-	0.9835225118493285	0.9835225118493285	0.0	0.0	0.9843317423367454	0.9827132813619117	0.0	0.0	0.0	0.0	0.0	0.0	0.6428571428571429	0.375	0.9032546410248131	41		S_1	23	23	-1
92	1100	2,9,16,26,31,35,36,47,50,54,70,71,77,82,86,89,95,97,106,107,108,115,119,120,121,124,126,153,162,184,191,231,236,239,247,248,257,265,266,279,286,288,292,300/3,31,33,34,36,41,52,56,77,102,109,111,112,118,122,135,136,148,163,165,168,176,177,185,194	g+	0.9835016661576896	0.9835016661576896	0.0	0.0	0.9832848510683365	0.9837184812470429	0.0	0.0	0.0	0.0	0.0	0.0	0.75	0.47368421052631576	0.8169976056271964	38		S_1	44	25	-1
93	648	7,17,19,24,61,74,75,85,88,89,131,132,150,176,193,201,210,212,222,229,236,250,254,269/10,13,14,17,28,30,42,44,46,47,71,77,78,103,113,115,119,120,121,138,141,144,146,172,173,188,197	g-	0.9834306378078048	0.9834306378078048	0.0	0.0	0.9835809362138246	0.983280339401785	0.0	0.0	0.0	0.0	0.0	0.0	0.7857142857142857	0.5833333333333334	0.8132741518588281	28		S_1	24	27	-1
94	391	19,21,42,51,69,70,74,79,102,111,115,116,122,169,191,196,249/13,31,40,41,48,60,61,63,66,67,80,101,125,130,147,167,171,175,176,181,189,190,195	e+	0.9834222792475588	0.9834222792475588	0.0	0.0	0.9841437152169621	0.9827008432781554	0.0	0.0	0.0	0.0	0.0	0.0	0.6363636363636364	0.7058823529411765	0.8181616069627227	32		S_1	17	23	-1
95	992	4,7,8,13,15,19,45,48,115,117,130,131,137,149,167,179,185,188,200,209,216,223,226,241,243,246,260,270,276,283,289,296/1,2,5,15,25,26,27,45,63,65,70,71,73,77,91,92,96,112,113,129,134,140,142,144,161,163,164,172,178,191,195	g-	0.9834122321512935	0.9834122321512935	0.0	0.0	0.982946159467651	0.9838783048349361	0.0	0.0	0.0	0.0	0.0	0.0	0.6521739130434783	0.7894736842105263	0.8028607688272816	45		S_1	32	31	-1
