#number	block_area	block_id	move_type	pre_criterion	full_crit	expr_mean_crit	expr_mean_crit	expr_reg_crit	expr_kend_crit	expr_cor_crit	expr_euc_crit	expr_spear_crit	PPI_crit	feat_crit	TF_crit	percent_orig_genes	percent_orig_exp	exp_mean	trajectory_position	FEATURE_INDICES	move_class	num_genes	num_exps
1	336	11,17,18,19,20,21,22,25,27,29,30,95,122,139/5,15,16,17,18,19,23,28,29,30,45,47,48,57,68,69,72,75,87,89,90,95,98,99	g-	0.9827194091615918	0.9827194091615918	0.0	0.0	0.9834124860946116	0.982026332228572	0.0	0.0	0.0	0.0	0.0	0.0	0.5384615384615384	0.7647058823529411	0.914320253280275	39		S_1	14	24	-1
2	611	1,2,3,4,5,6,7,8,9,10,12,13,15,24,28,30,31,36,39,42,45,48,50,54,58,59,70,72,76,77,78,81,82,87,93,96,102,104,105,118,123,125,128,132,134,141,150/1,3,6,9,11,17,32,34,43,60,68,79,99	g-	0.9826511195768282	0.9826511195768282	0.0	0.0	0.983730915059114	0.9815713240945423	0.0	0.0	0.0	0.0	0.0	0.0	0.8571428571428571	0.5	0.8208338627929563	42		S_1	47	13	-1
3	570	18,19,20,21,22,25,28,32,37,41,43,47,49,50,54,69,77,83,89,100,101,103,104,106,108,119,122,125,134,139/20,21,22,23,24,25,27,36,40,41,46,47,48,52,55,62,89,95,99	g-	0.9822870741027794	0.9822870741027794	0.0	0.0	0.9812603108439336	0.9833138373616253	0.0	0.0	0.0	0.0	0.0	0.0	0.5714285714285714	0.5294117647058824	0.7963326963170283	21		S_1	30	19	-1
4	282	1,4,16,18,21,25,28,30,37,41,43,45,46,50,54,58,60,62,66,68,69,70,72,76,77,84,85,89,91,92,95,100,101,104,108,109,114,119,120,122,124,125,127,134,141,147,149/28,36,46,59,62,65	g-	0.9822291623657173	0.9822291623657173	0.0	0.0	0.9873786502434777	0.9770796744879569	0.0	0.0	0.0	0.0	0.0	0.0	0.7727272727272727	0.15789473684210525	0.8220668000310016	29		S_1	47	6	-1
5	465	11,14,21,23,37,41,45,52,54,55,65,78,83,103,130/1,2,4,5,11,13,15,16,29,31,32,33,34,42,45,46,53,55,56,62,63,65,66,80,82,83,89,90,95,96,98	g+	0.9820202622528944	0.9820202622528944	0.0	0.0	0.9832125450426922	0.9808279794630965	0.0	0.0	0.0	0.0	0.0	0.0	0.375	0.6956521739130435	0.8742366119806866	30		S_1	15	31	-1
6	392	16,18,20,25,42,47,51,99,115,116,130,142,144,145/3,4,12,15,16,17,18,26,29,30,32,42,47,49,50,55,56,57,62,63,69,72,74,75,90,95,96,99	e+	0.9814854793279696	0.9814854793279696	0.0	0.0	0.981184503461438	0.9817864551945011	0.0	0.0	0.0	0.0	0.0	0.0	0.2857142857142857	0.42105263157894735	0.8866730064148365	52		S_1	14	28	-1
7	561	1,10,14,18,19,20,22,27,29,47,50,65,96,104,106,113,135/6,9,12,16,17,18,24,29,30,42,43,44,45,48,49,50,55,56,57,61,69,70,72,74,75,76,79,86,89,90,96,98,99	g+	0.9814457355917169	0.9814457355917169	0.0	0.0	0.9836674305697228	0.9792240406137109	0.0	0.0	0.0	0.0	0.0	0.0	0.5	0.8636363636363636	0.8572972140424326	35		S_1	17	33	-1
8	279	1,3,4,7,8,9,10,12,13,15,22,24,31,36,37,41,42,43,44,48,50,54,70,90,93,107,123,134,141,147,150/1,2,3,4,10,21,36,60,77	g+	0.9814244978690897	0.9814244978690897	0.0	0.0	0.9834866684175321	0.9793623273206473	0.0	0.0	0.0	0.0	0.0	0.0	0.52	0.2	0.8920662422550284	28		S_1	31	9	-1
9	810	1,2,3,5,6,7,8,9,10,11,12,13,14,15,24,31,36,37,44,45,48,50,54,55,58,59,76,78,87,113/1,2,4,5,7,8,9,10,11,15,24,30,34,37,41,43,45,55,60,64,71,77,83,85,88,96,97	e+	0.9811542022148165	0.9811542022148165	0.0	0.0	0.979903435583278	0.9824049688463552	0.0	0.0	0.0	0.0	0.0	0.0	0.9047619047619048	0.782608695652174	0.8535770564597378	30		S_1	30	27	-1
10	442	4,7,28,31,43,50,54,59,70,76,81,84,85,89,91,95,100,101,104,114,125,134,137,141,147,149/1,2,3,13,21,34,36,39,40,43,49,53,57,60,62,79,97	g+	0.9811143319240936	0.9811143319240936	0.0	0.0	0.9828426093156347	0.9793860545325523	0.0	0.0	0.0	0.0	0.0	0.0	0.6363636363636364	0.3684210526315789	0.8643572588429309	42		S_1	26	17	-1
11	616	1,2,7,9,10,14,15,16,18,19,28,30,36,37,40,43,46,50,57,59,60,66,71,77,80,81,84,86,89,95,104,105,106,108,116,119,120,122,125,129,135,139,145,150/6,7,9,12,14,29,30,46,50,52,55,62,96,98	g+	0.9810774798984474	0.9810774798984474	0.0	0.0	0.9818332445348299	0.9803217152620649	0.0	0.0	0.0	0.0	0.0	0.0	0.68	0.6153846153846154	0.7752474808508869	32		S_1	44	14	-1
12	756	1,2,3,4,5,6,7,8,9,10,11,12,13,14,15,21,28,33,45,52,55,68,72,73,78,93,102,113/1,2,3,11,12,13,14,15,23,24,25,28,29,38,42,44,46,48,49,51,60,66,80,87,97,98,100	g+	0.9808200808269507	0.9808200808269507	0.0	0.0	0.9807352716221888	0.9809048900317126	0.0	0.0	0.0	0.0	0.0	0.0	0.7619047619047619	0.625	0.8802596374506112	43		S_1	28	27	-1
13	350	2,3,5,6,26,34,36,43,45,55,58,72,109,112/6,7,8,9,14,17,19,25,26,45,53,57,59,61,64,65,66,68,70,77,78,80,81,93,95	g+	0.9808125881628832	0.9808125881628832	0.0	0.0	0.9835697568884949	0.9780554194372715	0.0	0.0	0.0	0.0	0.0	0.0	0.75	0.8181818181818182	0.8664028921956365	25		S_1	14	25	-1
14	391	3,5,6,15,20,28,35,46,47,73,78,82,101,127,139,140,148/6,9,12,16,17,38,42,43,50,56,57,61,62,72,73,74,75,79,86,89,90,99,100	e+	0.9806413376446597	0.9806413376446597	0.0	0.0	0.9822937866633356	0.9789888886259837	0.0	0.0	0.0	0.0	0.0	0.0	0.5882352941176471	0.6875	0.8820577661934519	24		S_1	17	23	-1
15	648	5,6,11,13,14,17,20,24,28,32,45,47,64,66,70,81,86,89,91,95,101,103,106,115,137,140,148/5,6,8,9,12,25,27,30,34,40,41,42,43,46,48,56,61,62,64,76,79,86,90,97	e+	0.9804630304307977	0.9804630304307977	0.0	0.0	0.9827135510277026	0.9782125098338929	0.0	0.0	0.0	0.0	0.0	0.0	0.43478260869565216	0.6875	0.9176971545516255	43		S_1	27	24	-1
16	494	2,5,6,7,9,10,11,17,18,19,20,23,24,26,27,28,32,45,53,58,59,60,61,70,76,82,85,94,103,106,108,117,118,128,135,137,138,147/7,8,9,10,26,27,28,29,30,47,77,93,95	g+	0.9802780643958322	0.9802780643958322	0.0	0.0	0.9797469121386357	0.9808092166530287	0.0	0.0	0.0	0.0	0.0	0.0	0.5789473684210527	0.6153846153846154	0.8306122103695844	40		S_1	38	13	-1
17	470	2,6,7,12,15,18,20,21,28,30,32,37,38,41,47,50,53,54,60,64,66,70,71,73,80,83,84,85,86,89,91,95,101,103,104,106,107,108,117,120,121,134,135,137,139,147,148/4,7,9,12,27,55,62,84,90,96	g-	0.9802554032694741	0.9802554032694741	0.0	0.0	0.9830731698421793	0.977437636696769	0.0	0.0	0.0	0.0	0.0	0.0	0.8636363636363636	0.4375	0.8479047396303862	22		S_1	47	10	-1
18	744	2,3,5,6,7,8,9,10,12,15,27,29,36,37,39,42,43,44,45,46,55,68,71,87,110,113,124,125,134,140,145/1,2,3,4,5,6,10,14,15,24,31,32,34,45,50,51,52,53,60,73,82,83,95,100	g+	0.9802136502587409	0.9802136502587409	0.0	0.0	0.9796127086849757	0.9808145918325061	0.0	0.0	0.0	0.0	0.0	0.0	0.7083333333333334	0.5217391304347826	0.8804198030349446	38		S_1	31	24	-1
19	450	12,31,35,40,56,61,63,67,75,79,80,99,101,116,126,139,143,144/8,11,18,21,24,29,31,34,35,38,39,44,49,52,54,55,65,69,71,72,78,80,87,95,96	e+	0.9801681886431253	0.9801681886431253	0.0	0.0	0.9802334706631269	0.9801029066231235	0.0	0.0	0.0	0.0	0.0	0.0	0.5333333333333333	0.8666666666666667	0.8347273963504587	35		S_1	18	25	-1
20	234	12,17,18,20,25,27,29,30,51,55,56,60,64,93,116,130,137,146/16,17,50,55,56,57,64,68,72,75,79,89,91	g+	0.9798306215045876	0.9798306215045876	0.0	0.0	0.9803256735516459	0.9793355694575291	0.0	0.0	0.0	0.0	0.0	0.0	0.2631578947368421	0.35294117647058826	0.902648765376285	21		S_1	18	13	-1
21	372	3,8,12,17,26,31,32,33,34,35,36,37,38,39,41,42,43,44,45,55,56,57,58,61,87,104,105,109,115,131,142/1,2,3,13,31,32,45,63,82,85,88,94	g-	0.9798229343289198	0.9798229343289198	0.0	0.0	0.98224259902857	0.9774032696292695	0.0	0.0	0.0	0.0	0.0	0.0	0.85	0.34782608695652173	0.9254102472193337	22		S_1	31	12	-1
22	432	7,28,30,43,47,49,70,76,84,85,86,89,91,95,100,101,103,115,122,124,133,140,141,149/7,9,33,42,48,51,58,61,62,66,70,72,82,86,87,89,91,96	g+	0.9797916851325268	0.9797916851325268	0.0	0.0	0.9815094798753594	0.9780738903896941	0.0	0.0	0.0	0.0	0.0	0.0	1.0	0.25	0.8538122213198115	26		S_1	24	18	-1
23	374	3,5,12,14,27,29,34,53,55,63,64,78,80,107,112,126,128/7,9,16,25,33,37,42,57,59,61,62,66,68,69,70,76,79,80,81,86,87,91	e+	0.9797040796412309	0.9797040796412309	0.0	0.0	0.9801408001611727	0.9792673591212889	0.0	0.0	0.0	0.0	0.0	0.0	0.5882352941176471	0.4375	0.8688688646924936	34		S_1	17	22	-1
24	672	21,23,28,30,37,43,49,50,54,59,70,71,76,84,85,89,91,95,100,101,104,119,122,123,130,134,135,137,139,141,147,149/1,2,3,8,13,15,16,46,49,59,62,65,66,71,72,81,86,89,92,94,96	e+	0.9796584529386119	0.9796584529386119	0.0	0.0	0.9796268522943725	0.9796900535828512	0.0	0.0	0.0	0.0	0.0	0.0	0.8636363636363636	0.47058823529411764	0.8133095276175295	41		S_1	32	21	-1
25	243	2,3,5,7,8,9,10,12,13,14,15,23,24,28,29,30,37,41,52,54,63,80,83,90,113,114,126/1,2,12,15,19,20,35,69,70	g+	0.9793159406437457	0.9793159406437457	0.0	0.0	0.9817218913935428	0.9769099898939485	0.0	0.0	0.0	0.0	0.0	0.0	0.5714285714285714	0.2727272727272727	0.8834635274991626	26		S_1	27	9	-1
26	506	3,4,7,15,21,28,30,31,37,40,41,43,46,47,49,50,54,58,69,70,71,72,76,81,84,89,91,92,93,95,96,99,100,101,103,104,106,114,120,122,125,134,139,140,141,149/17,18,30,36,40,41,46,62,72,79,86	g-	0.9792691861150218	0.9792691861150218	0.0	0.0	0.982582398940247	0.9759559732897964	0.0	0.0	0.0	0.0	0.0	0.0	0.7272727272727273	0.4444444444444444	0.8720192930481738	21		S_1	46	11	-1
27	270	1,3,4,6,7,8,9,10,11,12,15,20,22,28,33,36,37,41,42,43,44,45,48,50,54,58,63,70,78,90,96,102,103,104,105,116,119,123,125,126,140,141,144,147,150/1,37,71,77,85,88	g-	0.9792465731862282	0.9792465731862282	0.0	0.0	0.9838342586501445	0.9746588877223119	0.0	0.0	0.0	0.0	0.0	0.0	0.9047619047619048	0.8	0.9441760834047186	18		S_1	45	6	-1
28	405	27,40,61,65,70,78,94,101,113,117,124,126,133,135,148/8,11,13,14,16,19,27,31,43,44,47,49,54,55,57,59,65,67,70,72,80,82,84,87,95,96,98	g-	0.9792379602044158	0.9792379602044158	0.0	0.0	0.9813486796388573	0.9771272407699743	0.0	0.0	0.0	0.0	0.0	0.0	0.2777777777777778	0.5294117647058824	0.8224884047391604	48		S_1	15	27	-1
29	294	1,2,3,5,6,7,8,9,10,11,12,13,14,15,23,29,52,55,69,93,107/7,8,9,10,15,25,35,37,40,53,63,87,92,94	e+	0.9790800698168858	0.9790800698168858	0.0	0.0	0.9788879113488659	0.9792722282849058	0.0	0.0	0.0	0.0	0.0	0.0	0.6190476190476191	0.45454545454545453	0.8395542074579863	19		S_1	21	14	-1
30	551	1,2,6,18,20,37,38,41,48,54,56,58,64,78,83,92,103,121,148/4,7,12,16,19,28,29,42,45,47,51,55,57,62,63,70,72,73,74,75,80,84,86,90,96,97,98,99,100	e+	0.9789596637883835	0.9789596637883835	0.0	0.0	0.9797976401247738	0.9781216874519933	0.0	0.0	0.0	0.0	0.0	0.0	0.5833333333333334	0.6363636363636364	0.8644422975432874	42		S_1	19	29	-1
31	208	7,20,21,37,66,83,85,103,117,120,135,136,150/4,12,13,16,19,32,45,55,62,63,66,82,89,90,96,98	e+	0.9788440439781463	0.9788440439781463	0.0	0.0	0.9803124749025882	0.9773756130537045	0.0	0.0	0.0	0.0	0.0	0.0	0.3333333333333333	0.34782608695652173	0.8935881176776037	20		S_1	13	16	-1
32	252	5,11,12,20,36,38,47,57,73,129,145,150/6,16,17,30,42,43,50,55,56,57,63,68,69,72,74,75,76,79,86,90,98	e+	0.9787744567513129	0.9787744567513129	0.0	0.0	0.9823165022573723	0.9752324112452535	0.0	0.0	0.0	0.0	0.0	0.0	0.15	0.5625	0.9155120329763508	21		S_1	12	21	-1
33	380	40,62,65,66,81,85,86,89,91,95,100,103,104,106,117,120,122,125,138,147/14,16,20,21,24,25,27,30,32,40,46,54,62,63,71,80,86,88,92	e+	0.9787491437315416	0.9787491437315416	0.0	0.0	0.9810148875090786	0.9764833999540048	0.0	0.0	0.0	0.0	0.0	0.0	0.8888888888888888	0.5238095238095238	0.9111717447831648	17		S_1	20	19	-1
34	500	1,23,31,34,41,43,47,49,50,84,85,89,91,95,96,100,101,104,105,108,120,127,136,141,150/8,14,36,39,41,48,49,61,62,65,67,75,78,81,84,85,89,93,96,100	g+	0.9784953570206646	0.9784953570206646	0.0	0.0	0.9788779806532704	0.9781127333880588	0.0	0.0	0.0	0.0	0.0	0.0	0.47368421052631576	0.5294117647058824	0.8642539016944214	40		S_1	25	20	-1
