#number	block_area	block_id	move_type	pre_criterion	full_crit	expr_mean_crit	expr_mean_crit	expr_reg_crit	expr_kend_crit	expr_cor_crit	expr_euc_crit	expr_spear_crit	PPI_crit	feat_crit	TF_crit	percent_orig_genes	percent_orig_exp	exp_mean	trajectory_position	FEATURE_INDICES	move_class	num_genes	num_exps
1	105	16,17,18,19,20,21,22,23,24,25,26,27,28,29,30/16,19,21,22,24,27,28	e+	0.9850363845621949	0.9850363845621949	0.0	0.9925019280633139	0.9792548537445599	0.9833523718787108	0.0	0.0	0.0	0.0	0.0	0.0	0.0	0.4	1.0149276142055716	21		S_1	15	7	-1
2	119	31,32,33,34,35,36,37,38,39,40,41,42,43,44,45,55,109/6,32,33,37,38,43,44	g+	0.9812672591806372	0.9812672591806372	0.0	0.9889654459505886	0.9730830268805216	0.9817533047108014	0.0	0.0	0.0	0.0	0.0	0.0	0.5714285714285714	0.7142857142857143	0.8916436599057067	14		S_1	17	7	-1
3	224	17,18,19,20,21,22,23,24,25,26,27,28,29,30/14,16,17,18,20,23,25,26,27,29,30,36,52,57,88,94	e-	0.9798362970091459	0.9798362970091459	0.0	0.9857858272296078	0.972454778528066	0.9812682852697641	0.0	0.0	0.0	0.0	0.0	0.0	1.0	0.6428571428571429	0.8314109116400265	22		S_1	14	16	-1
4	552	9,31,32,33,34,35,36,37,38,40,42,43,44,45,46,72,80,90,91,98,133,141,145/17,18,21,23,28,31,34,36,37,40,41,43,45,51,69,72,76,80,81,84,90,92,96,100	g+	0.9797289270092283	0.9797289270092283	0.0	0.9837207177653193	0.9739356072825488	0.9815304559798168	0.0	0.0	0.0	0.0	0.0	0.0	0.8461538461538461	0.36363636363636365	0.8523857802671749	53		S_1	23	24	-1
5	704	1,3,5,8,9,11,12,13,14,15,16,33,34,38,41,47,49,58,59,74,76,77,81,95,96,114,118,124,130,135,136,137/2,10,11,12,13,14,26,29,35,43,44,48,50,53,61,65,66,68,79,87,97,98	g-	0.974927516980955	0.974927516980955	0.0	0.9763072702850855	0.9708165060902103	0.9776587745675691	0.0	0.0	0.0	0.0	0.0	0.0	0.75	0.23529411764705882	0.8376067936417473	58		S_1	32	22	-1
6	609	2,7,13,25,32,33,34,35,36,38,39,42,45,52,55,56,58,66,70,73,87,89,92,94,98,119,123,145,146/6,12,18,23,29,33,34,37,39,44,48,49,54,63,70,77,85,88,91,92,95	e+	0.9737265868155657	0.9737265868155657	0.0	0.97765406519822	0.9644830651664884	0.979042630081989	0.0	0.0	0.0	0.0	0.0	0.0	0.4666666666666667	0.5238095238095238	0.8812979358881768	57		S_1	29	21	-1
7	600	3,5,10,11,12,13,16,27,29,33,35,48,49,58,59,64,71,72,77,90,91,95,98,107,114,117,120,123,133,143/4,12,13,14,17,18,23,26,29,34,41,51,58,61,62,69,80,82,87,90	g+	0.9736756988314005	0.9736756988314005	0.0	0.9766242597091267	0.9656131316580261	0.9787897051270489	0.0	0.0	0.0	0.0	0.0	0.0	0.6086956521739131	0.6	0.8312672749628167	33		S_1	30	20	-1
8	567	16,19,23,24,26,27,41,52,55,56,70,73,75,77,80,120,139,142,143,149,150/4,7,8,10,11,14,16,17,20,22,25,26,30,32,48,49,50,52,54,65,71,73,74,75,76,86,99	g+	0.9732683145979278	0.9732683145979278	0.0	0.974476183806363	0.9695907035928534	0.9757380563945672	0.0	0.0	0.0	0.0	0.0	0.0	0.8888888888888888	0.7391304347826086	0.8445770373661429	46		S_1	21	27	-1
9	462	1,2,3,7,8,10,12,13,14,15,16,33,44,47,49,58,59,61,103,116,127,136/2,3,6,12,16,17,24,29,44,49,50,53,56,62,67,68,75,80,83,89,95	g-	0.9725508635467267	0.9725508635467267	0.0	0.9757707671097431	0.9644810757016776	0.9774007478287597	0.0	0.0	0.0	0.0	0.0	0.0	0.5	0.7142857142857143	0.8036269199173696	42		S_1	22	21	-1
10	288	3,5,8,9,11,12,16,27,42,49,58,59,62,72,77,95,108,114/3,9,11,12,26,30,31,35,47,51,58,61,76,79,87,98	e+	0.9725380357801997	0.9725380357801997	0.0	0.9741782863826323	0.9654702180101737	0.9779656029477928	0.0	0.0	0.0	0.0	0.0	0.0	0.5	0.6923076923076923	0.8644277069851412	28		S_1	18	16	-1
11	512	1,2,3,5,7,8,9,12,13,14,15,16,18,25,49,50,52,58,59,77,82,83,86,89,94,114,117,120,124,136,140,148/1,3,10,11,12,13,20,26,29,34,39,48,49,68,69,90	e+	0.9724794598808938	0.9724794598808938	0.0	0.9743099319770276	0.9672309499896188	0.9758974976760353	0.0	0.0	0.0	0.0	0.0	0.0	0.7083333333333334	0.4166666666666667	0.8304942422766096	40		S_1	32	16	-1
12	672	1,3,5,6,8,9,10,12,13,14,15,16,18,31,32,33,34,36,37,38,39,40,43,45,47,49,54,58,59,61,63,71,72,77,78,81,82,83,84,95,99,101,113,114,120,136,138,141/12,18,26,31,36,41,51,57,58,76,78,83,87,98	g+	0.972185376161783	0.972185376161783	0.0	0.9768089665781879	0.9593752141347546	0.9803719477724063	0.0	0.0	0.0	0.0	0.0	0.0	0.7916666666666666	0.35714285714285715	0.8530269193402008	38		S_1	48	14	-1
13	312	5,6,9,13,16,17,20,21,24,26,28,29,45,61,65,70,77,81,82,105,125,139,141,142,146,150/2,20,25,26,49,50,52,64,65,74,86,99	g+	0.9719757503364813	0.9719757503364813	0.0	0.970834214521257	0.9685015765429377	0.9765914599452491	0.0	0.0	0.0	0.0	0.0	0.0	0.4375	0.2608695652173913	0.9042008989119238	35		S_1	26	12	-1
14	374	1,2,3,4,5,15,16,18,34,49,50,71,72,82,90,91,98,114,124,136,140,148/1,11,12,13,34,35,39,45,48,58,59,76,87,93,94,98,100	g-	0.9719701208651164	0.9719701208651164	0.0	0.9716748136035369	0.9677163018963822	0.97651924709543	0.0	0.0	0.0	0.0	0.0	0.0	0.7222222222222222	0.8461538461538461	0.8784333127609223	28		S_1	22	17	-1
15	520	7,8,9,18,25,34,35,39,40,45,55,59,65,70,81,83,86,89,92,100,118,131,133,135,136,138/7,12,13,32,33,35,37,39,53,58,63,66,71,73,79,85,89,91,94,97	e+	0.9717778834423726	0.9717778834423726	0.0	0.9732086248970461	0.9667874388289992	0.9753375866010725	0.0	0.0	0.0	0.0	0.0	0.0	0.6666666666666666	0.5625	0.8418244318318814	49		S_1	26	20	-1
16	360	1,3,5,11,12,13,16,18,22,49,58,59,77,82,93,95,110,114,120,126,130,136,137,143/12,14,26,27,33,37,40,58,61,68,73,77,87,88,96	g+	0.9711512256191069	0.9711512256191069	0.0	0.9729780121987839	0.965067139163023	0.9754085254955143	0.0	0.0	0.0	0.0	0.0	0.0	0.6666666666666666	0.5384615384615384	0.8784603358810988	36		S_1	24	15	-1
17	506	1,6,9,10,11,14,19,23,24,26,27,36,41,44,58,73,74,81,99,102,107,140,143/8,13,14,18,20,26,31,35,41,46,50,53,63,64,66,71,73,75,78,81,84,97	g-	0.9708589144019043	0.9708589144019043	0.0	0.9721415404504172	0.9652106149527134	0.9752245878025826	0.0	0.0	0.0	0.0	0.0	0.0	0.6842105263157895	0.5	0.825200657699847	42		S_1	23	22	-1
18	616	5,9,16,25,34,40,42,58,61,80,81,111,116,117,120,129,137,139,141,142,146,150/2,3,7,10,13,16,31,32,36,37,38,39,41,42,47,49,50,51,53,60,67,74,75,76,79,83,86,99	e+	0.9708173154489211	0.9708173154489211	0.0	0.9737795516402661	0.964678479639845	0.9739939150666523	0.0	0.0	0.0	0.0	0.0	0.0	0.7777777777777778	0.7391304347826086	0.8312129533975036	29		S_1	22	28	-1
19	462	7,16,17,21,32,33,35,36,40,43,44,45,46,48,50,84,85,90,91,116,122,128/4,7,17,18,19,20,29,34,37,39,43,44,48,49,51,62,70,88,90,91,95	g-	0.9705466033352493	0.9705466033352493	0.0	0.9716019666481623	0.9674875435926724	0.972550299764913	0.0	0.0	0.0	0.0	0.0	0.0	0.65	0.52	0.8593846645832165	46		S_1	22	21	-1
20	323	6,7,8,10,44,61,62,67,75,92,105,107,121,125,127,131,132,145,148/16,18,30,36,40,43,49,50,53,62,67,72,75,80,83,89,99	e-	0.9704136096478336	0.9704136096478336	0.0	0.9719028913120563	0.9645037560429625	0.9748341815884818	0.0	0.0	0.0	0.0	0.0	0.0	0.5882352941176471	0.3333333333333333	0.8955916996765526	46		S_1	19	17	-1
21	578	18,22,34,40,45,52,61,88,89,92,110,113,117,123,125,133,145/8,9,12,14,15,27,33,34,35,36,37,38,40,41,43,47,48,54,55,56,60,63,64,66,68,73,79,81,85,87,90,91,94,96	e+	0.9702652169751991	0.9702652169751991	0.0	0.9718332348113781	0.9647352069276697	0.9742272091865496	0.0	0.0	0.0	0.0	0.0	0.0	0.5	0.52	0.8160196400351158	57		S_1	17	34	-1
22	437	2,5,6,8,13,31,34,35,42,60,61,67,80,84,86,92,97,100,105,106,108,127,139/8,12,14,21,25,26,30,32,35,37,38,58,63,65,76,79,81,87,94	g+	0.9700631003876908	0.9700631003876908	0.0	0.9703147641938237	0.9658030196599386	0.9740715173093104	0.0	0.0	0.0	0.0	0.0	0.0	0.5882352941176471	0.625	0.8282440529498765	46		S_1	23	19	-1
23	714	13,25,39,52,57,58,66,71,73,79,93,95,110,113,117,123,131,133,135,145,146/2,6,8,9,14,15,16,17,19,26,27,29,30,33,37,38,39,40,44,53,54,61,63,68,70,71,73,77,81,82,91,93,94,100	g+	0.9696436578515643	0.9696436578515643	0.0	0.9679235819625795	0.9709150441308172	0.970092347461296	0.0	0.0	0.0	0.0	0.0	0.0	0.875	0.56	0.8274672486138364	71		S_1	21	34	-1
