#number	block_area	block_id	move_type	pre_criterion	full_crit	expr_mean_crit	expr_mean_crit	expr_reg_crit	expr_kend_crit	expr_cor_crit	expr_euc_crit	expr_spear_crit	PPI_crit	feat_crit	TF_crit	percent_orig_genes	percent_orig_exp	exp_mean	trajectory_position	FEATURE_INDICES	move_class	num_genes	num_exps
1	286	1,2,3,4,5,6,7,8,9,10,11,12,13,14,15,22,23,34,43,77,141,150/1,2,6,7,8,12,13,14,15,17,27,43,91	e-	0.9848366780893014	0.9848366780893014	0.0	0.0	0.9866955615800942	0.9829777945985085	0.0	0.0	0.0	0.0	0.0	0.0	0.9333333333333333	0.13636363636363635	0.9833900560765798	22		S_1	22	13	-1
2	651	16,17,20,31,33,36,38,39,40,41,42,43,44,45,53,59,60,61,63,77,78,83,98,102,109,112,126,140,142,143,144/1,3,5,7,16,30,31,33,34,36,38,40,42,45,53,56,63,69,82,94,99	g-	0.9828264038457669	0.9828264038457669	0.0	0.0	0.9809092013985059	0.9847436062930279	0.0	0.0	0.0	0.0	0.0	0.0	0.52	0.2	0.8238091027318114	73		S_1	31	21	-1
3	270	3,4,8,17,19,21,24,25,32,33,34,35,37,38,39,40,41,43,44,47,52,58,61,67,69,73,77,84,88,99,100,108,111,113,116,118,119,123,124,128,141,142,143,145,146/31,33,45,56,62,82	g-	0.9826199727882909	0.9826199727882909	0.0	0.0	0.9845489270880996	0.9806910184884823	0.0	0.0	0.0	0.0	0.0	0.0	0.625	0.6666666666666666	0.887140947529762	24		S_1	45	6	-1
4	300	3,31,32,33,34,35,36,37,38,39,40,41,42,43,44,45,61,76,77,102/24,31,32,33,36,37,38,39,40,42,44,45,57,61,96	g+	0.9821663463902364	0.9821663463902364	0.0	0.0	0.980552223199824	0.9837804695806487	0.0	0.0	0.0	0.0	0.0	0.0	0.8888888888888888	0.375	0.8192159960155463	34		S_1	20	15	-1
5	651	3,5,13,21,22,31,41,47,53,56,57,64,65,69,88,89,94,100,108,140,142/2,3,15,20,26,29,34,39,43,45,47,48,51,52,55,58,59,63,67,69,70,72,75,79,86,89,91,92,94,98,99	e-	0.9820801551232204	0.9820801551232204	0.0	0.0	0.9827888303605951	0.9813714798858458	0.0	0.0	0.0	0.0	0.0	0.0	0.2	0.4583333333333333	0.8799092255618074	62		S_1	21	31	-1
6	720	4,13,20,21,24,41,43,48,53,54,62,63,64,70,78,88,96,102,108,121,126,127,135,142/3,4,5,6,8,17,19,26,29,30,36,37,38,42,43,50,52,55,61,63,65,70,74,76,79,87,91,97,98,99	g-	0.9812482418499059	0.9812482418499059	0.0	0.0	0.9811199074944872	0.9813765762053246	0.0	0.0	0.0	0.0	0.0	0.0	0.7333333333333333	0.7	0.823102132638943	45		S_1	24	30	-1
7	544	3,4,5,8,13,16,31,33,34,37,39,40,41,42,43,44,47,48,53,54,56,57,68,76,77,92,111,113,126,140,141,143/1,11,18,31,34,39,40,45,47,54,59,69,75,84,94,95,100	g+	0.9807865984608846	0.9807865984608846	0.0	0.0	0.9824985409402681	0.9790746559815009	0.0	0.0	0.0	0.0	0.0	0.0	0.5	0.375	0.8662841340977622	33		S_1	32	17	-1
8	357	2,40,43,47,48,68,76,85,86,88,92,94,102,109,126,129,133/8,16,19,21,23,31,44,45,47,49,55,65,70,71,84,86,90,91,94,96,98	g+	0.9806300504105858	0.9806300504105858	0.0	0.0	0.9824296772869396	0.978830423534232	0.0	0.0	0.0	0.0	0.0	0.0	0.5454545454545454	0.4782608695652174	0.9048727683810437	40		S_1	17	21	-1
9	510	5,18,20,30,51,53,55,56,64,74,94,111,113,128,133,137,149/1,5,6,8,11,27,28,29,30,33,36,53,58,59,61,63,65,67,69,70,72,73,75,81,84,89,91,98,99,100	e-	0.9805574638511744	0.9805574638511744	0.0	0.0	0.9813950358160226	0.9797198918863261	0.0	0.0	0.0	0.0	0.0	0.0	0.5625	0.5	0.8396553917247707	39		S_1	17	30	-1
10	490	3,8,10,13,18,21,23,25,29,32,37,38,40,41,43,44,47,54,60,68,73,76,77,78,88,89,110,111,125,129,138,139,140,141,143/2,3,20,21,22,24,31,45,51,64,74,92,94,98	g+	0.9803501993550906	0.9803501993550906	0.0	0.0	0.9812691269523557	0.9794312717578255	0.0	0.0	0.0	0.0	0.0	0.0	0.5333333333333333	0.18181818181818182	0.903074839249113	49		S_1	35	14	-1
11	465	1,9,20,22,28,30,45,53,58,60,109,110,123,125,127/2,6,12,15,16,18,19,20,28,29,30,34,36,46,50,51,55,56,57,59,62,63,64,65,73,79,81,86,91,92,98	g-	0.9803407805567073	0.9803407805567073	0.0	0.0	0.9813718532889202	0.9793097078244943	0.0	0.0	0.0	0.0	0.0	0.0	0.36363636363636365	0.75	0.8223947076510518	38		S_1	15	31	-1
12	330	13,35,38,39,41,43,64,69,76,94,105,116,119,131,133/1,2,3,15,16,20,31,44,45,48,51,54,55,57,59,68,70,86,89,94,96,98	g-	0.9801845580835676	0.9801845580835676	0.0	0.0	0.9814219795894625	0.9789471365776727	0.0	0.0	0.0	0.0	0.0	0.0	0.2631578947368421	0.5217391304347826	0.8457521060411023	26		S_1	15	22	-1
13	280	1,6,32,35,37,39,64,76,114,125/2,10,17,20,21,23,25,26,29,31,42,43,44,45,52,58,62,65,68,74,75,77,84,85,89,92,94,96	e+	0.9797929573892815	0.9797929573892815	0.0	0.0	0.9818851718934305	0.9777007428851325	0.0	0.0	0.0	0.0	0.0	0.0	0.5555555555555556	0.8571428571428571	0.8296173288213279	22		S_1	10	28	-1
14	567	3,5,9,12,16,18,19,20,22,23,26,30,31,36,56,57,58,63,64,67,71,77,82,85,111,132,143/1,2,14,15,16,17,27,29,30,43,50,51,59,65,72,84,85,89,91,97,99	g+	0.9797829088730956	0.9797829088730956	0.0	0.0	0.9799693423494016	0.9795964753967896	0.0	0.0	0.0	0.0	0.0	0.0	0.625	0.5882352941176471	0.8543577732292617	43		S_1	27	21	-1
15	496	3,9,21,26,28,30,31,36,52,62,64,91,110,112,127,129/2,4,6,8,12,16,18,19,20,21,26,34,36,46,50,51,54,58,62,65,70,73,76,79,81,86,89,91,97,98,100	e+	0.9795142317468315	0.9795142317468315	0.0	0.0	0.9800764202689449	0.9789520432247181	0.0	0.0	0.0	0.0	0.0	0.0	0.29411764705882354	0.5555555555555556	0.8385968252186443	44		S_1	16	31	-1
16	368	5,27,33,48,51,63,64,90,91,92,93,95,100,103,104,107,114,122,131,133,134,148,150/22,26,27,34,42,43,46,53,60,64,65,68,69,77,92,99	g-	0.9794716947600574	0.9794716947600574	0.0	0.0	0.9782608417714025	0.9806825477487122	0.0	0.0	0.0	0.0	0.0	0.0	0.8125	0.5714285714285714	0.8366784575660158	24		S_1	23	16	-1
17	532	16,21,22,24,25,28,30,43,58,61,64,66,71,73,88,109,111,136,142/2,5,10,13,14,15,16,18,27,29,30,31,32,42,44,45,49,51,54,55,65,69,81,91,92,94,97,98	g+	0.979406826316345	0.979406826316345	0.0	0.0	0.9797404903408675	0.9790731622918225	0.0	0.0	0.0	0.0	0.0	0.0	0.5263157894736842	0.6521739130434783	0.8849122005697171	38		S_1	19	28	-1
18	360	32,35,37,39,48,51,56,63,71,76,85,86,92,95,102,120,126,133/1,13,16,17,21,23,29,31,41,44,49,53,55,77,79,84,86,94,96,97	g+	0.9793702875733541	0.9793702875733541	0.0	0.0	0.9795695977256762	0.9791709774210321	0.0	0.0	0.0	0.0	0.0	0.0	0.6363636363636364	0.43478260869565216	0.8516068884867642	25		S_1	18	20	-1
19	299	1,10,17,18,19,21,24,30,38,40,52,65,72,85,87,93,98,106,107,112,116,133,142/13,18,20,38,48,49,50,61,65,66,68,74,80	g-	0.9792976183361735	0.9792976183361735	0.0	0.0	0.9782771356189116	0.9803181010534352	0.0	0.0	0.0	0.0	0.0	0.0	0.75	0.5555555555555556	0.8903986471044792	25		S_1	23	13	-1
20	286	4,5,6,8,15,19,24,46,64,80,81,108,117/3,4,6,8,9,10,11,19,22,29,39,48,51,58,59,67,69,76,80,86,89,96	e-	0.9792614705384859	0.9792614705384859	0.0	0.0	0.9804124180508752	0.9781105230260967	0.0	0.0	0.0	0.0	0.0	0.0	0.23076923076923078	0.5416666666666666	0.826600767380802	32		S_1	13	22	-1
21	812	3,5,12,23,30,36,39,43,49,57,59,63,64,70,71,75,76,77,82,83,102,113,120,126,130,142,148,149/3,4,5,8,13,15,19,20,26,29,31,38,42,44,52,54,55,56,61,64,71,84,86,87,89,90,92,96,97	g+	0.9792412402117725	0.9792412402117725	0.0	0.0	0.977476702259729	0.981005778163816	0.0	0.0	0.0	0.0	0.0	0.0	0.5416666666666666	0.6363636363636364	0.8050195690889012	51		S_1	28	29	-1
22	840	3,5,8,9,13,15,19,31,33,37,41,43,44,54,56,57,67,73,76,77,83,89,92,93,98,100,109,110,112,113,114,120,123,129,134,140,141,143,146,150/1,6,22,24,26,31,43,44,45,48,51,54,65,66,68,69,73,84,92,94,98	g-	0.9790068150615356	0.9790068150615356	0.0	0.0	0.9801559614921489	0.9778576686309224	0.0	0.0	0.0	0.0	0.0	0.0	0.7916666666666666	0.391304347826087	0.8496191018263997	25		S_1	40	21	-1
23	558	9,11,13,17,18,25,29,31,36,47,49,54,57,58,63,64,71,75,77,84,88,99,104,106,109,111,113,116,120,134,135/7,9,16,18,31,33,36,42,45,47,49,53,65,71,82,95,97,99	g+	0.9789770561154063	0.9789770561154063	0.0	0.0	0.9794761969949004	0.9784779152359122	0.0	0.0	0.0	0.0	0.0	0.0	0.5416666666666666	0.375	0.883868426360028	35		S_1	31	18	-1
24	240	30,32,53,59,61,71,76,79,81,83,94,101,115,117,121,126/1,3,8,11,19,40,41,44,47,48,58,59,69,80,96	e+	0.9789567643321611	0.9789567643321611	0.0	0.0	0.980491571164957	0.977421957499365	0.0	0.0	0.0	0.0	0.0	0.0	0.36363636363636365	0.375	0.8806083401193343	21		S_1	16	15	-1
25	315	9,11,12,13,14,18,23,24,30,36,39,43,48,49,50,56,57,59,60,71,75,77,83,89,106,110,116,117,120,125,126,134,136,145,149/12,21,23,26,32,42,54,71,90	g-	0.9789253456904206	0.9789253456904206	0.0	0.0	0.9817966361511792	0.9760540552296619	0.0	0.0	0.0	0.0	0.0	0.0	1.0	0.375	0.8921246422408237	17		S_1	35	9	-1
26	360	3,8,13,18,20,21,31,37,43,44,54,77,88,110,111,129,140,141,142,143/1,12,21,26,45,47,55,74,77,84,85,89,90,92,93,94,97,100	g+	0.97881570306064	0.97881570306064	0.0	0.0	0.9783997641324977	0.9792316419887823	0.0	0.0	0.0	0.0	0.0	0.0	0.5333333333333333	0.2727272727272727	0.8853563671253065	43		S_1	20	18	-1
27	520	3,10,25,34,46,55,62,64,91,94,107,108,119,127,132,133,139,142,147,149/2,3,4,6,9,12,19,21,22,26,46,50,54,59,63,67,70,74,76,85,86,89,90,91,97,99	e+	0.9787197229901287	0.9787197229901287	0.0	0.0	0.9796656590862718	0.9777737868939855	0.0	0.0	0.0	0.0	0.0	0.0	0.391304347826087	0.7727272727272727	0.8560657390018225	35		S_1	20	26	-1
28	567	18,19,20,22,23,25,30,40,61,65,71,72,74,79,85,86,89,92,94,95,100,102,105,124,127,133,137/1,2,14,16,17,28,29,30,44,50,51,55,59,67,72,73,79,84,89,91,99	g-	0.978600451681741	0.978600451681741	0.0	0.0	0.9803322530043107	0.9768686503591713	0.0	0.0	0.0	0.0	0.0	0.0	0.8666666666666667	0.6086956521739131	0.9040044705350891	23		S_1	27	21	-1
29	594	18,22,28,29,36,38,51,52,58,60,62,64,78,82,91,94,98,118,126,129,133,144/1,3,5,6,14,15,18,19,20,21,22,23,41,51,53,54,59,62,63,65,67,69,72,74,79,98,99	g-	0.9783892136506422	0.9783892136506422	0.0	0.0	0.9772107689092685	0.9795676583920161	0.0	0.0	0.0	0.0	0.0	0.0	0.4444444444444444	0.5555555555555556	0.7993364146919653	44		S_1	22	27	-1
30	160	16,19,24,33,37,42,43,44,49,57,60,76,77,92,100,122,124,126,129,143/31,45,55,69,84,92,93,100	g+	0.9783730829345189	0.9783730829345189	0.0	0.0	0.9820702555764711	0.9746759102925666	0.0	0.0	0.0	0.0	0.0	0.0	0.36	0.42857142857142855	0.9715158061896284	12		S_1	20	8	-1
31	754	4,5,16,18,29,31,37,38,39,41,42,43,44,47,53,54,55,56,64,73,77,89,110,111,133,137,138,143,149/8,11,29,33,34,42,45,46,49,55,57,58,59,60,69,70,75,84,86,89,92,93,94,96,97,100	g+	0.978305674355476	0.978305674355476	0.0	0.0	0.9769978784898914	0.9796134702210606	0.0	0.0	0.0	0.0	0.0	0.0	0.5416666666666666	0.5416666666666666	0.8126261766518672	43		S_1	29	26	-1
32	575	5,22,25,26,28,31,39,42,46,49,61,64,73,77,90,92,93,99,107,118,131,133,134/9,11,17,28,29,30,32,34,38,44,46,48,49,51,58,60,64,65,66,68,75,77,79,81,98	e+	0.9783031409631848	0.9783031409631848	0.0	0.0	0.9777476156719893	0.9788586662543803	0.0	0.0	0.0	0.0	0.0	0.0	0.7142857142857143	0.6875	0.8737365318536117	40		S_1	23	25	-1
33	299	8,9,20,24,33,62,64,110,118,124,126,127,134/6,8,10,18,19,20,30,50,52,58,61,63,65,70,74,76,81,84,86,90,91,97,98	g+	0.9781493560441514	0.9781493560441514	0.0	0.0	0.9797928158673446	0.9765058962209583	0.0	0.0	0.0	0.0	0.0	0.0	0.23529411764705882	0.5555555555555556	0.8842172933235412	30		S_1	13	23	-1
