#number	block_area	block_id	move_type	pre_criterion	full_crit	expr_mean_crit	expr_mean_crit	expr_reg_crit	expr_kend_crit	expr_cor_crit	expr_euc_crit	expr_spear_crit	PPI_crit	feat_crit	TF_crit	percent_orig_genes	percent_orig_exp	exp_mean	trajectory_position	FEATURE_INDICES	move_class	num_genes	num_exps
1	260	41,42,43,44,45,46,47,48,49,50,51,52,53,54,55,56,57,58,59,60/41,42,43,45,46,47,49,50,51,52,55,57,59	e+	0.992609011665611	0.992609011665611	0.0	0.9955946893210252	0.9914937588262931	0.9907385868495147	0.0	0.0	0.0	0.0	0.0	0.0	1.0	0.08333333333333333	1.1274039863943843	22		S_1	20	13	-1
2	200	1,2,3,4,5,6,7,8,9,10,11,12,13,14,15,16,17,18,19,20/1,2,5,9,13,14,15,17,18,20	e+	0.9897368712245602	0.9897368712245602	0.0	0.9950975027002243	0.9847124351378217	0.9894006758356346	0.0	0.0	0.0	0.0	0.0	0.0	0.5	0.8571428571428571	0.9912200709939004	15		S_1	20	10	-1
3	240	21,22,23,24,25,26,27,28,29,30,31,32,33,34,35,36,37,38,39,40/21,22,23,24,27,28,29,32,33,36,38,39	e-	0.9890028675671232	0.9890028675671232	0.0	0.995462419993284	0.9811872937559614	0.9903588889521244	0.0	0.0	0.0	0.0	0.0	0.0	0.6875	0.0	0.7666502508354167	67		S_1	20	12	-1
4	200	61,62,63,64,65,66,67,68,69,70,71,72,73,74,75,76,77,78,79,80/61,63,64,65,67,68,71,72,76,77	e-	0.9879056669816203	0.9879056669816203	0.0	0.9950975027002243	0.979218822409002	0.9894006758356346	0.0	0.0	0.0	0.0	0.0	0.0	0.8461538461538461	0.0	0.7940093366478002	54		S_1	20	10	-1
5	120	41,42,43,44,45,46,47,48,49,50,51,52,53,54,55,56,57,58,59,60/44,53,54,56,58,60	e-	0.987506701405476	0.987506701405476	0.0	0.9940739464534125	0.9821477280115922	0.9862984297514232	0.0	0.0	0.0	0.0	0.0	0.0	1.0	0.8571428571428571	1.1376879995034996	4		B_0	20	6	-1
6	150	2,15,21,22,23,24,25,26,27,28,29,30,31,32,33,34,35,36,37,38,39,40,47,48,77,102,112,134,135,192/30,31,34,35,40	g-	0.9827122859897267	0.9827122859897267	0.0	0.9902244237306996	0.9718632180372955	0.9860492162011849	0.0	0.0	0.0	0.0	0.0	0.0	0.6842105263157895	0.2	0.954935070114761	43		S_1	30	5	-1
7	672	61,62,63,64,65,66,67,68,69,70,71,72,73,74,76,77,78,79,80,107,117/3,7,9,15,19,28,29,43,46,54,56,62,63,65,66,69,70,73,74,75,77,79,80,86,92,93,104,112,125,130,143,148	g-	0.9812163836801614	0.9812163836801614	0.0	0.9859416035093996	0.9738024686599198	0.9839050788711649	0.0	0.0	0.0	0.0	0.0	0.0	0.9230769230769231	0.72	0.821526466408141	33		S_1	21	32	-1
8	598	21,22,23,24,25,28,29,30,31,32,33,35,36,37,38,39,40,48,57,60,107,167,189/7,9,10,22,24,27,31,34,35,37,43,46,47,50,62,67,68,88,95,104,106,110,122,125,140,146	g-	0.9791987734940673	0.9791987734940673	0.0	0.9841630449678802	0.9696437565814366	0.9837895189328847	0.0	0.0	0.0	0.0	0.0	0.0	0.8125	0.7058823529411765	0.8345386994583863	42		S_1	23	26	-1
9	756	1,2,3,6,7,9,10,11,14,16,18,19,20,61,84,87,91,100,105,114,134,136,161,174,191,195,199/1,2,3,10,13,14,15,16,17,18,35,38,46,55,59,65,68,88,98,101,102,103,132,133,135,143,146,147	g-	0.9787723900708502	0.9787723900708502	0.0	0.9808337459778903	0.973683967273912	0.9817994569607483	0.0	0.0	0.0	0.0	0.0	0.0	0.5	0.7058823529411765	0.858505446572332	72		S_1	27	28	-1
10	728	9,13,16,24,25,30,31,35,36,38,40,46,47,50,68,72,90,97,104,107,148,166,171,179,185,192/2,7,19,23,31,36,37,43,45,46,49,50,55,56,57,62,74,82,83,85,91,92,104,121,126,128,134,144	g-	0.9775348181355193	0.9775348181355193	0.0	0.9789124310096682	0.9736350295369538	0.980056993859936	0.0	0.0	0.0	0.0	0.0	0.0	0.5	0.6666666666666666	0.8637118157397015	55		S_1	26	28	-1
11	720	15,28,29,35,36,44,64,70,72,73,76,79,80,82,89,109,110,122,126,145,176,177,178,179/2,5,21,24,38,40,47,62,65,67,69,74,77,79,80,82,87,91,93,100,106,108,118,120,124,129,130,131,144,145	e+	0.9768887101958711	0.9768887101958711	0.0	0.9805554168900875	0.9682342159219343	0.9818764977755916	0.0	0.0	0.0	0.0	0.0	0.0	0.5	0.25	0.8189700386555597	61		S_1	24	30	-1
12	704	20,24,28,36,39,40,43,44,55,56,63,66,67,70,72,79,99,107,161,168,193,197/1,8,9,16,17,18,20,25,28,30,36,43,45,46,50,61,62,66,67,70,71,76,79,80,104,126,135,142,143,148,149,150	g-	0.9765828031798858	0.9765828031798858	0.0	0.9769631123107739	0.9741556570318017	0.9786296401970819	0.0	0.0	0.0	0.0	0.0	0.0	0.45454545454545453	0.5714285714285714	0.8322940107574915	55		S_1	22	32	-1
13	768	9,22,37,42,43,44,45,48,53,55,58,83,96,105,116,127,128,133,140,146,149,152,172,194/7,11,17,20,30,33,38,42,43,45,46,47,50,51,54,55,57,59,63,69,79,91,102,105,108,114,126,132,133,138,145,150	g+	0.9763162973276548	0.9763162973276548	0.0	0.9755417914240612	0.9764377414671117	0.9769693590917916	0.0	0.0	0.0	0.0	0.0	0.0	0.5384615384615384	0.6956521739130435	0.8470779701830371	64		S_1	24	32	-1
14	690	23,24,25,31,32,40,50,58,65,68,69,72,73,76,80,81,101,136,148,159,166,178,181/2,7,13,23,25,30,32,37,40,43,46,48,51,66,70,73,74,75,76,81,82,83,91,92,97,100,104,112,120,134	e+	0.9761430721847892	0.9761430721847892	0.0	0.9793667044571477	0.9688688162200592	0.9801936958771609	0.0	0.0	0.0	0.0	0.0	0.0	0.46153846153846156	0.5238095238095238	0.772961064839318	57		S_1	23	30	-1
15	589	7,21,23,25,27,30,32,33,36,40,41,42,47,50,68,121,159,174,199/5,9,13,23,27,30,31,34,35,37,43,46,56,57,68,70,82,83,84,85,88,100,105,116,121,132,137,138,141,144,147	e+	0.9758904622820214	0.9758904622820214	0.0	0.974762698665964	0.9749684871006862	0.9779402010794139	0.0	0.0	0.0	0.0	0.0	0.0	0.35714285714285715	0.7272727272727273	0.83680807002154	43		S_1	19	31	-1
16	260	8,21,26,28,30,31,32,35,36,37,38,39,40,48,52,57,98,102,103,186/22,31,34,35,45,50,57,67,78,108,111,131,146	g-	0.9757802069613644	0.9757802069613644	0.0	0.9756022468468866	0.9709037607870492	0.9808346132501572	0.0	0.0	0.0	0.0	0.0	0.0	0.25	0.7	0.9704249511799249	22		S_1	20	13	-1
17	567	7,10,16,27,41,50,53,60,61,66,68,75,76,77,78,80,100,104,107,133,136,138,143,185,192,198,199/2,5,12,23,31,34,39,49,63,64,77,79,84,85,92,131,133,137,138,144,150	e+	0.9753341575037395	0.9753341575037395	0.0	0.9777756954585021	0.9680527145935596	0.9801740624591567	0.0	0.0	0.0	0.0	0.0	0.0	0.5294117647058824	0.5333333333333333	0.8560039835424382	51		S_1	27	21	-1
18	750	28,34,36,55,62,65,66,67,68,69,70,71,72,74,76,78,85,88,91,148,155,158,163,164,187/12,14,16,18,36,55,57,61,65,67,68,72,75,76,77,80,88,100,101,102,104,109,110,113,115,127,132,140,143,146	e+	0.9751339169707148	0.9751339169707148	0.0	0.9779099472801766	0.9681431606305904	0.9793486430013774	0.0	0.0	0.0	0.0	0.0	0.0	0.4375	0.75	0.8186385453344869	56		S_1	25	30	-1
19	816	20,21,22,23,28,30,31,38,48,55,56,59,62,70,87,96,105,116,127,142,148,158,176,180/3,5,6,12,17,21,26,33,35,36,42,43,45,46,50,54,55,65,71,72,76,85,94,98,99,102,113,120,121,125,127,131,141,143	g+	0.9750527236510148	0.9750527236510148	0.0	0.9756751410697795	0.9730233542567857	0.9764596756264792	0.0	0.0	0.0	0.0	0.0	0.0	0.5217391304347826	0.782608695652174	0.8058170380064219	59		S_1	24	34	-1
20	520	31,34,35,62,63,64,65,66,68,69,70,71,72,73,76,79,96,110,125,148,151,170,175,177,180,194/12,13,26,29,41,45,46,57,65,69,72,73,74,77,83,95,104,127,131,135	g-	0.9747805222138154	0.9747805222138154	0.0	0.9794240420420803	0.9654991277783961	0.9794183968209698	0.0	0.0	0.0	0.0	0.0	0.0	0.3333333333333333	0.45	0.868851884546065	47		S_1	26	20	-1
21	552	23,27,28,29,30,40,52,59,64,67,74,77,91,104,110,112,134,135,141,151,157,167,172/1,4,6,15,26,30,34,35,44,47,55,56,66,70,100,127,130,131,132,139,140,143,144,149	g-	0.9747708716985212	0.9747708716985212	0.0	0.9764810457808883	0.9700597206826869	0.9777718486319882	0.0	0.0	0.0	0.0	0.0	0.0	0.4	0.5294117647058824	0.8377703097113087	49		S_1	23	24	-1
22	198	1,9,42,44,45,47,48,49,50,55,59,83,88,112,113,120,130,133,140,152,162,176/22,42,43,45,50,59,64,96,114	g-	0.9747421979085688	0.9747421979085688	0.0	0.9706779020032195	0.9767841660086071	0.9767645257138796	0.0	0.0	0.0	0.0	0.0	0.0	0.7692307692307693	0.2222222222222222	1.0842356992407398	22		S_1	22	9	-1
23	828	2,7,21,22,23,24,28,30,33,39,40,43,44,48,53,56,58,59,65,70,87,105,107,116,123,124,129,139,142,144,161,168,172,178,180,187/1,5,13,15,20,25,28,32,35,42,53,56,57,58,71,76,84,85,95,104,110,139,147	g-	0.9747251253266173	0.9747251253266173	0.0	0.9780381146829606	0.9664643071684424	0.9796729541284483	0.0	0.0	0.0	0.0	0.0	0.0	0.5217391304347826	0.47368421052631576	0.8014482919426646	46		S_1	36	23	-1
24	841	4,5,6,11,14,17,25,27,28,33,34,35,36,61,74,95,102,103,115,118,120,131,135,137,140,181,192,194,197/3,5,15,17,18,20,21,24,32,36,37,38,39,44,46,49,59,81,89,94,102,104,107,113,114,117,125,135,146	g+	0.9745247418573749	0.9745247418573749	0.0	0.9749342220729089	0.969717304909147	0.9789226985900689	0.0	0.0	0.0	0.0	0.0	0.0	0.375	0.5625	0.7903000611246306	68		S_1	29	29	-1
25	600	1,4,7,12,20,43,46,47,64,69,71,84,88,110,114,116,122,142,161,165,175,177,184,190/2,4,22,25,29,30,32,41,44,46,48,74,75,80,81,86,93,95,108,113,130,135,136,143,149	g-	0.9743794432855774	0.9743794432855774	0.0	0.9766810271336399	0.9682079489309876	0.9782493537921046	0.0	0.0	0.0	0.0	0.0	0.0	0.7368421052631579	0.5	0.8267335811431921	60		S_1	24	25	-1
26	360	11,43,46,58,59,63,65,70,72,73,75,82,105,106,118,124,141,150,154,159,172,177,195,196/3,5,18,32,37,60,70,71,72,82,83,95,110,126,149	g+	0.9741516402522817	0.9741516402522817	0.0	0.9735111611627423	0.9702115171806249	0.9787322424134779	0.0	0.0	0.0	0.0	0.0	0.0	0.8666666666666667	0.7	0.8761715807829403	33		S_1	24	15	-1
27	432	13,62,64,71,73,78,91,109,110,122,124,126,153,159,174,177,178,185/3,12,21,24,26,30,38,47,56,57,62,65,67,68,69,74,80,87,98,121,124,130,131,150	g-	0.9740797519084813	0.9740797519084813	0.0	0.9743983108066117	0.9699085387822479	0.977932406136584	0.0	0.0	0.0	0.0	0.0	0.0	0.5	0.7333333333333333	0.8240611333615131	42		S_1	18	24	-1
28	650	8,10,12,17,25,28,34,37,55,63,66,67,68,69,70,71,72,75,77,130,135,141,149,163,183/5,11,15,17,20,30,47,59,63,66,69,71,77,80,89,90,96,100,101,108,117,130,133,139,142,146	e+	0.9739309138449196	0.9739309138449196	0.0	0.9766825075699912	0.9677983056820256	0.9773119282827418	0.0	0.0	0.0	0.0	0.0	0.0	0.5714285714285714	0.3333333333333333	0.8282469816677167	58		S_1	25	26	-1
29	675	18,44,48,54,55,60,63,66,72,75,77,78,82,99,107,123,126,148,161,168,169,174,183,193,195/3,9,12,15,27,34,39,44,46,50,61,65,68,70,72,75,78,81,88,115,119,121,122,126,127,142,147	e+	0.9736892229942739	0.9736892229942739	0.0	0.9741423268239788	0.9706059750947831	0.9763193670640595	0.0	0.0	0.0	0.0	0.0	0.0	0.7272727272727273	0.5555555555555556	0.8158175521936186	51		S_1	25	27	-1
30	672	3,4,6,20,29,41,44,64,68,70,72,80,96,108,109,122,127,137,149,154,157,165,173,177,178,179,184,194/7,9,10,19,20,31,43,47,59,62,70,72,76,91,100,118,120,122,127,128,130,137,138,140	e+	0.9736448592978469	0.9736448592978469	0.0	0.975412541879209	0.9676456457287087	0.9778763902856232	0.0	0.0	0.0	0.0	0.0	0.0	0.5833333333333334	0.5714285714285714	0.8420251783143565	60		S_1	28	24	-1
31	806	15,30,31,38,40,42,43,44,49,50,53,54,59,68,96,104,108,111,116,121,123,147,153,167,171,185/4,7,22,27,29,44,54,56,58,62,66,70,71,78,81,84,86,89,93,95,102,106,110,124,128,130,133,134,142,145,146	g+	0.9734134620675036	0.9734134620675036	0.0	0.9747657933236247	0.9697234635650046	0.9757511293138814	0.0	0.0	0.0	0.0	0.0	0.0	0.5263157894736842	0.6	0.7814701654342938	60		S_1	26	31	-1
32	775	1,13,15,64,65,69,70,72,73,76,79,80,82,89,109,110,125,126,147,153,154,157,160,180,197/4,7,22,28,31,37,46,50,62,66,67,69,71,73,74,75,79,80,81,82,92,93,95,97,106,118,125,131,133,137,148	g-	0.9734118716857584	0.9734118716857584	0.0	0.973677413351119	0.9692737082751713	0.9772844934309848	0.0	0.0	0.0	0.0	0.0	0.0	0.6666666666666666	0.375	0.8011815891024652	58		S_1	25	31	-1
33	437	13,15,16,19,27,34,35,61,63,64,71,72,78,85,86,88,91,107,115,143,164,192,198/3,4,13,16,18,29,35,38,45,54,65,74,77,84,103,104,135,138,140	g-	0.9733716814325684	0.9733716814325684	0.0	0.9759839730292288	0.9666348509082179	0.9774962203602585	0.0	0.0	0.0	0.0	0.0	0.0	0.75	0.6875	0.934203673573015	27		S_1	23	19	-1
34	408	21,23,24,28,30,31,32,33,36,38,39,44,82,110,119,125,152,155,157,161,163,167,182,193/3,6,31,34,35,48,55,59,62,76,84,101,119,120,131,135,150	g-	0.9732657478353092	0.9732657478353092	0.0	0.9726007223613317	0.9702634231237178	0.9769330980208781	0.0	0.0	0.0	0.0	0.0	0.0	0.6666666666666666	0.6666666666666666	0.8533873133070803	29		S_1	24	17	-1
35	240	25,28,36,48,56,64,65,67,68,69,71,77,124,132,142,180/1,13,14,17,28,35,61,65,67,68,72,76,77,78,80	e+	0.973101710514538	0.973101710514538	0.0	0.9790277761388795	0.9635792950086532	0.9766980603960811	0.0	0.0	0.0	0.0	0.0	0.0	0.6	0.9	0.7919396412130162	22		S_1	16	15	-1
36	405	10,16,36,37,61,65,68,73,76,80,102,108,115,120,121,134,142,161,162,167,169,170,191,193,195,199,200/10,20,55,59,64,68,77,88,103,105,121,132,133,135,140	g+	0.9728423958386215	0.9728423958386215	0.0	0.9755918786627626	0.9655730544351983	0.9773622544179038	0.0	0.0	0.0	0.0	0.0	0.0	0.7619047619047619	0.6363636363636364	0.8341832194334124	34		S_1	27	15	-1
37	525	9,15,20,34,35,37,39,44,60,62,70,71,75,79,83,88,95,98,111,113,130,155,162,176,178/5,9,11,40,42,57,61,63,77,82,83,84,90,97,100,110,124,129,139,142,146	g+	0.972828340089939	0.972828340089939	0.0	0.9751042876263671	0.9666643840347011	0.9767163486087487	0.0	0.0	0.0	0.0	0.0	0.0	0.6153846153846154	0.4666666666666667	0.7829111690985089	47		S_1	25	21	-1
38	306	9,13,37,49,50,51,53,55,83,95,98,128,130,133,143,152,158,176/13,18,29,33,42,45,46,47,51,77,83,89,93,96,113,123,146	g-	0.9727848982635278	0.9727848982635278	0.0	0.9742587749450469	0.9663267498331728	0.9777691700123634	0.0	0.0	0.0	0.0	0.0	0.0	0.6923076923076923	0.6153846153846154	0.8543013278025426	28		S_1	18	17	-1
39	500	9,11,13,15,23,40,61,76,80,81,91,99,107,126,136,143,157,174,179,192/5,10,18,20,24,40,42,55,56,60,66,67,73,74,75,80,81,88,89,110,123,124,145,146,148	e+	0.9727792410327843	0.9727792410327843	0.0	0.9743264153653806	0.9678151649474277	0.9761961427855447	0.0	0.0	0.0	0.0	0.0	0.0	0.375	0.5263157894736842	0.8055338393448055	44		S_1	20	25	-1
40	506	7,10,16,19,27,28,34,36,61,78,84,88,112,120,135,136,143,154,156,159,174,192,199/3,6,16,18,19,20,33,39,44,50,54,56,59,80,89,102,103,126,131,137,138,145	g-	0.9727780643496091	0.9727780643496091	0.0	0.9738362271399857	0.9680542612790866	0.9764437046297549	0.0	0.0	0.0	0.0	0.0	0.0	0.625	0.4583333333333333	0.8479069967657518	40		S_1	23	22	-1
41	630	3,9,31,33,37,46,83,93,95,110,120,133,136,140,143,152,161,176,182,192,196/3,6,11,12,19,21,30,31,32,34,35,44,45,48,54,63,66,68,69,71,76,80,87,96,97,116,124,130,143,149	e+	0.9726626680986513	0.9726626680986513	0.0	0.9719318987348333	0.9699807870852877	0.9760753184758328	0.0	0.0	0.0	0.0	0.0	0.0	0.6923076923076923	0.4583333333333333	0.793278604407935	56		S_1	21	30	-1
