#number	block_area	block_id	move_type	pre_criterion	full_crit	expr_mean_crit	expr_mean_crit	expr_reg_crit	expr_kend_crit	expr_cor_crit	expr_euc_crit	expr_spear_crit	PPI_crit	feat_crit	TF_crit	percent_orig_genes	percent_orig_exp	exp_mean	trajectory_position	FEATURE_INDICES	move_class	num_genes	num_exps
1	775	27,30,47,101,102,103,104,105,106,107,108,109,110,111,112,113,114,115,116,117,118,119,120,121,122,123,124,125,197,240,298/101,102,103,104,105,106,107,108,109,110,111,112,113,114,115,116,117,118,119,120,121,122,123,124,125	g-	0.9941818915292004	0.9941818915292004	0.0	0.0	0.0	0.0	0.9941818915292004	0.0	0.0	0.0	0.0	0.0	0.2	0.21052631578947367	0.8177607628324668	22		S_1	31	25	-1
2	650	1,2,3,4,5,6,7,8,9,10,11,12,13,14,15,16,17,18,19,20,21,22,23,24,25/1,2,3,4,5,6,7,8,9,10,11,12,13,14,15,16,17,18,19,20,21,22,23,24,25,52	g-	0.9941330254171774	0.9941330254171774	0.0	0.0	0.0	0.0	0.9941330254171774	0.0	0.0	0.0	0.0	0.0	0.47058823529411764	0.9230769230769231	0.6775622097277452	13		S_1	25	26	-1
3	800	15,26,27,28,29,30,31,32,33,34,35,36,37,38,39,40,41,42,43,44,45,46,47,48,49,50,84,111,202,249,252,253/26,27,28,29,30,31,32,33,34,35,36,37,38,39,40,41,42,43,44,45,46,47,48,49,50	g-	0.994132775826206	0.994132775826206	0.0	0.0	0.0	0.0	0.994132775826206	0.0	0.0	0.0	0.0	0.0	0.06666666666666667	0.6875	0.7248134455244563	17		S_1	32	25	-1
4	625	51,52,53,54,55,56,57,58,59,60,61,62,63,64,65,66,67,68,69,70,71,72,73,74,75/51,52,53,54,55,56,57,58,59,60,61,62,63,64,65,66,67,68,69,70,71,72,73,74,75	g+	0.9941208410896324	0.9941208410896324	0.0	0.0	0.0	0.0	0.9941208410896324	0.0	0.0	0.0	0.0	0.0	0.16666666666666666	0.6923076923076923	0.819247559328244	17		S_1	25	25	-1
5	600	76,77,78,79,80,81,82,83,84,85,86,87,88,89,90,91,93,94,95,96,97,98,99,100/76,77,78,79,80,81,82,83,84,85,86,87,88,89,90,91,92,93,94,95,96,97,98,99,100	g+	0.9940860000723823	0.9940860000723823	0.0	0.0	0.0	0.0	0.9940860000723823	0.0	0.0	0.0	0.0	0.0	0.6666666666666666	0.875	0.6715006021083353	10		S_1	24	25	-1
6	594	15,18,53,56,57,60,62,67,72,73,74,77,91,102,134,161,179,199,209,225,226,244/16,32,35,47,50,51,52,55,56,57,58,59,60,62,66,67,69,71,72,73,75,85,89,116,174,185,197	g-	0.9885828323882722	0.9885828323882722	0.0	0.0	0.0	0.0	0.9885828323882722	0.0	0.0	0.0	0.0	0.0	0.34782608695652173	0.4166666666666667	0.8665488616622827	64		S_1	22	27	-1
7	390	33,42,45,65,67,83,106,114,150,168,174,202,210,216,279/35,101,102,103,104,105,106,107,108,110,111,112,113,114,115,116,117,118,119,120,121,122,123,124,125,189	g-	0.9885386637138733	0.9885386637138733	0.0	0.0	0.0	0.0	0.9885386637138733	0.0	0.0	0.0	0.0	0.0	0.8125	1.0	0.9772431960320276	6		S_1	15	26	-1
8	364	10,17,106,114,132,134,145,149,164,172,197,223,235/70,101,102,103,104,105,106,107,108,109,110,112,113,114,115,116,117,118,119,120,121,122,123,124,182,186,188,189	g-	0.9881400505149125	0.9881400505149125	0.0	0.0	0.0	0.0	0.9881400505149125	0.0	0.0	0.0	0.0	0.0	0.5238095238095238	1.0	0.9542605777384575	6		S_1	13	28	-1
9	252	31,106,114,157,161,171,192,246,294/35,101,102,103,104,105,106,107,108,109,110,111,112,113,114,115,116,117,118,119,120,121,122,123,124,125,188,189	e+	0.9878530699632613	0.9878530699632613	0.0	0.0	0.0	0.0	0.9878530699632613	0.0	0.0	0.0	0.0	0.0	0.6363636363636364	1.0	1.1823795898058367	5		S_1	9	28	-1
10	627	2,20,32,40,80,83,90,91,92,96,99,114,132,154,170,219,259,280,289/6,8,76,77,78,80,81,85,87,89,91,92,95,96,98,99,100,126,127,128,129,132,143,154,156,161,172,177,180,183,185,190,197	e+	0.9877793115923988	0.9877793115923988	0.0	0.0	0.0	0.0	0.9877793115923988	0.0	0.0	0.0	0.0	0.0	0.4117647058823529	0.6363636363636364	0.8617048791683584	54		S_1	19	33	-1
11	234	9,82,106,114,173,217,230,293,296/7,101,102,103,104,105,106,107,108,110,111,112,113,114,115,116,117,118,119,120,121,122,123,124,125,189	g-	0.9877773706350417	0.9877773706350417	0.0	0.0	0.0	0.0	0.9877773706350417	0.0	0.0	0.0	0.0	0.0	0.5	1.0	1.1294930996480994	6		S_1	9	26	-1
12	360	4,20,90,106,114,133,155,158,176,196,199,214,221,285,297/101,102,103,104,105,106,107,108,110,111,112,113,114,115,116,117,118,119,120,121,122,123,124,189	g-	0.9877343854719065	0.9877343854719065	0.0	0.0	0.0	0.0	0.9877343854719065	0.0	0.0	0.0	0.0	0.0	0.6842105263157895	1.0	1.0150383699287209	6		S_1	15	24	-1
