#number	block_area	block_id	move_type	pre_criterion	full_crit	expr_mean_crit	expr_mean_crit	expr_reg_crit	expr_kend_crit	expr_cor_crit	expr_euc_crit	expr_spear_crit	PPI_crit	feat_crit	TF_crit	percent_orig_genes	percent_orig_exp	exp_mean	trajectory_position	FEATURE_INDICES	move_class	num_genes	num_exps
1	105	1,2,3,4,5,6,7,8,9,10,11,12,13,14,15/1,2,4,6,9,11,13	e-	0.9859303918649959	0.9859303918649959	0.0	0.9926061459500215	0.9819838316551777	0.9832011979897886	0.0	0.0	0.0	0.0	0.0	0.0	0.6190476190476191	0.0	1.156522172857143	34		S_1	15	7	-1
2	204	10,31,32,33,34,35,36,37,38,39,40,41,42,43,44,45,70/31,32,33,34,35,36,40,41,45,59,69,90	e-	0.9821495495576805	0.9821495495576805	0.0	0.9880919259057386	0.9757420708538926	0.9826146519134102	0.0	0.0	0.0	0.0	0.0	0.0	0.5	0.5	0.7819214993893544	26		S_1	17	12	-1
3	624	1,9,15,16,18,19,20,21,22,23,24,25,26,27,28,29,30,32,52,53,66,71,72,128,129,145/8,10,12,15,17,18,19,20,21,23,25,26,27,28,29,32,35,42,63,70,83,88,91,99	e+	0.9772118963394266	0.9772118963394266	0.0	0.9811429361158903	0.9692563657752765	0.9812363871271131	0.0	0.0	0.0	0.0	0.0	0.0	0.5652173913043478	0.5454545454545454	0.7998247228311777	50		S_1	26	24	-1
4	425	9,15,18,21,22,24,25,28,38,47,51,54,60,66,75,84,91,94,102,113,123,124,141,145,146/10,20,24,25,27,28,32,34,49,62,64,70,83,84,86,88,96	e+	0.9730332283690188	0.9730332283690188	0.0	0.9746525431534355	0.9677407456711142	0.9767063962825067	0.0	0.0	0.0	0.0	0.0	0.0	0.5238095238095238	0.36363636363636365	0.9049901301711003	43		S_1	25	17	-1
5	620	16,21,25,31,33,35,37,39,46,47,48,51,57,60,62,64,83,92,97,106,116,120,121,123,124,127,128,135,138,139,146/4,5,9,12,16,39,40,49,55,60,67,73,79,80,82,83,84,89,96,97	g-	0.9728496459083372	0.9728496459083372	0.0	0.9738996703091994	0.9670459988965641	0.9776032685192485	0.0	0.0	0.0	0.0	0.0	0.0	0.7391304347826086	0.5	0.876188303142302	43		S_1	31	20	-1
6	546	2,3,5,6,9,11,18,20,26,30,31,34,40,41,43,46,54,55,61,67,69,82,85,130,133,149/4,9,11,13,17,18,38,39,42,43,44,51,53,55,60,61,71,76,80,86,95	g+	0.9727624396344808	0.9727624396344808	0.0	0.9736531922524285	0.9686568239794162	0.9759773026715981	0.0	0.0	0.0	0.0	0.0	0.0	0.6666666666666666	0.6842105263157895	0.8482995591951753	34		S_1	26	21	-1
7	650	1,4,5,17,19,20,21,22,24,25,26,51,53,65,73,79,106,113,114,116,127,131,138,140,148/4,8,11,13,18,21,22,24,25,27,30,35,38,39,45,51,55,58,63,68,71,72,76,79,89,90	e+	0.9726925112010045	0.9726925112010045	0.0	0.974471643935926	0.9670222148499801	0.9765836748171075	0.0	0.0	0.0	0.0	0.0	0.0	0.7272727272727273	0.5263157894736842	0.8338762646815365	51		S_1	25	26	-1
8	600	2,6,8,11,13,30,35,52,53,54,57,62,69,72,76,96,101,103,110,111,123,125,128,129,135,141,144,146,148,149/4,9,19,42,45,54,56,57,63,65,66,72,74,75,77,79,86,90,92,94	g+	0.9726716700117556	0.9726716700117556	0.0	0.97413065215746	0.9668104203415079	0.9770739375362992	0.0	0.0	0.0	0.0	0.0	0.0	0.8421052631578947	0.5416666666666666	0.8642814575343787	34		S_1	30	20	-1
9	675	9,18,19,20,23,26,28,30,35,40,44,52,64,69,72,85,96,110,111,112,120,126,129,130,143/3,4,7,8,10,12,20,22,23,24,28,30,31,37,42,50,51,57,63,72,74,76,82,84,88,92,94	g-	0.9726686937741474	0.9726686937741474	0.0	0.976983245937196	0.9631114850813529	0.9779113503038932	0.0	0.0	0.0	0.0	0.0	0.0	0.65	0.5454545454545454	0.8235348176291556	49		S_1	25	27	-1
10	713	10,12,13,15,17,18,19,22,24,26,43,53,56,65,73,79,89,94,105,113,114,127,131/2,4,6,11,13,15,17,18,23,25,26,27,28,35,36,37,39,41,44,54,57,59,73,77,81,83,85,86,93,94,99	g+	0.972642655429797	0.972642655429797	0.0	0.9755628539191752	0.9665456049850032	0.9758195073852126	0.0	0.0	0.0	0.0	0.0	0.0	0.7272727272727273	0.7391304347826086	0.8490963385842432	44		S_1	23	31	-1
11	625	4,12,18,21,25,26,27,47,48,53,54,60,61,68,76,80,84,93,94,100,109,113,114,140,143/6,9,10,11,12,13,19,25,28,30,32,35,40,45,54,61,67,71,75,81,86,93,94,96,97	e+	0.9726089937338265	0.9726089937338265	0.0	0.974828607964179	0.9660876486330566	0.9769107246042439	0.0	0.0	0.0	0.0	0.0	0.0	0.6666666666666666	0.47368421052631576	0.8340927907376887	55		S_1	25	25	-1
12	476	18,19,26,32,34,38,40,44,50,65,67,69,70,72,76,77,80,84,86,91,93,95,97,113,140,141,143,145/12,17,20,28,30,32,42,49,58,61,67,71,73,78,84,96,97	g+	0.9724294194117163	0.9724294194117163	0.0	0.9738402265644412	0.9661615385696032	0.9772864931011046	0.0	0.0	0.0	0.0	0.0	0.0	0.68	0.5384615384615384	0.872823217740511	49		S_1	28	17	-1
13	440	29,32,34,35,36,38,41,44,49,57,64,71,81,86,103,110,125,129,139,141,147,150/13,14,19,23,29,30,38,39,42,44,45,50,60,71,77,79,83,86,92,94	e+	0.9720199227166247	0.9720199227166247	0.0	0.9752881856398629	0.9659125478376336	0.9748590346723776	0.0	0.0	0.0	0.0	0.0	0.0	1.0	0.32	0.8438394828012171	43		S_1	22	20	-1
14	552	16,17,19,20,21,23,27,28,30,35,40,41,51,53,63,78,80,101,106,116,126,141,143/6,8,16,18,22,24,26,27,30,33,39,44,48,52,53,54,62,68,73,76,80,81,90,94	g+	0.9716021610640855	0.9716021610640855	0.0	0.9749392696004	0.9621300093406322	0.9777372042512245	0.0	0.0	0.0	0.0	0.0	0.0	0.5714285714285714	0.6818181818181818	0.8525911016497557	48		S_1	23	24	-1
