#number	block_area	block_id	move_type	pre_criterion	full_crit	expr_mean_crit	expr_mean_crit	expr_reg_crit	expr_kend_crit	expr_cor_crit	expr_euc_crit	expr_spear_crit	PPI_crit	feat_crit	TF_crit	percent_orig_genes	percent_orig_exp	exp_mean	trajectory_position	FEATURE_INDICES	move_class	num_genes	num_exps
1	300	101,102,103,104,105,106,107,108,109,110,111,112,113,114,115,116,117,118,119,120,121,122,123,124,125/103,105,107,108,109,111,116,118,119,122,123,124	e-	0.9929889704682204	0.9929889704682204	0.0	0.9963791560022444	0.9902598814110664	0.9923278739913505	0.0	0.0	0.0	0.0	0.0	0.0	0.0	0.8571428571428571	1.0371398103162504	22		S_1	25	12	-1
2	300	26,27,28,29,30,31,32,33,34,35,36,37,38,39,40,41,42,43,44,45,46,47,48,49,50/26,27,28,29,31,32,35,37,44,46,47,49	e+	0.9929521174854264	0.9929521174854264	0.0	0.9963791560022444	0.9901493224626843	0.9923278739913505	0.0	0.0	0.0	0.0	0.0	0.0	0.0	0.17391304347826086	1.0153315062709172	33		S_1	25	12	-1
3	275	76,77,78,79,80,81,82,83,84,85,86,87,88,89,90,91,92,93,94,95,96,97,98,99,100/79,83,84,85,86,88,92,93,96,98,99	e-	0.9925522184016154	0.9925522184016154	0.0	0.9961783279147953	0.989530968920624	0.9919473583694274	0.0	0.0	0.0	0.0	0.0	0.0	0.7272727272727273	0.3333333333333333	1.0352465965532724	17		S_1	25	11	-1
4	200	51,52,53,54,55,56,57,58,59,60,61,62,63,64,65,66,67,68,69,70,71,72,73,74,75/52,57,60,63,67,68,72,74	e-	0.9922179301895918	0.9922179301895918	0.0	0.9956859197339534	0.9904755499638696	0.9904923208709526	0.0	0.0	0.0	0.0	0.0	0.0	0.04	0.1111111111111111	1.2541792272165002	23		S_1	25	8	-1
5	300	1,2,3,4,5,6,7,8,9,10,11,12,13,14,15,16,17,18,19,20,21,22,23,24,25/2,4,6,11,12,14,15,16,17,21,23,24	e+	0.9920496698959359	0.9920496698959359	0.0	0.9963791560022444	0.9874419796942129	0.9923278739913505	0.0	0.0	0.0	0.0	0.0	0.0	0.04	0.17647058823529413	0.9177611284944999	41		S_1	25	12	-1
6	200	26,27,28,29,30,31,32,33,34,35,36,37,38,39,40,41,42,43,44,45,46,47,48,49,50/30,34,36,38,39,42,48,50	g+	0.9905512900237198	0.9905512900237198	0.0	0.9956859197339534	0.9854756294662534	0.9904923208709526	0.0	0.0	0.0	0.0	0.0	0.0	1.0	0.3125	1.080568803508875	13		S_1	25	8	-1
7	275	51,52,53,54,55,56,57,58,59,60,61,62,63,64,65,66,67,68,69,70,71,72,73,74,75/51,53,56,58,59,61,62,64,65,66,71	g-	0.9901304825970905	0.9901304825970905	0.0	0.9961783279147953	0.9822657615070487	0.9919473583694274	0.0	0.0	0.0	0.0	0.0	0.0	0.8333333333333334	0.16666666666666666	0.8229502417187269	28		S_1	25	11	-1
8	225	1,2,3,4,5,6,7,8,9,10,11,12,13,14,15,16,17,18,19,20,21,22,23,24,25/3,5,7,8,9,13,18,22,25	e+	0.9893153974721748	0.9893153974721748	0.0	0.995837453776137	0.9810596344996908	0.9910491041406968	0.0	0.0	0.0	0.0	0.0	0.0	0.9411764705882353	1.0	0.8436492999058888	6		S_1	25	9	-1
9	1085	1,2,6,8,9,13,18,33,38,41,50,54,56,62,71,82,84,90,91,93,144,151,174,185,203,207,237,278,283,287,292/1,4,6,14,15,16,21,28,39,51,58,71,77,84,85,95,99,101,121,125,126,128,130,136,137,145,147,154,164,165,168,170,175,176,196	g+	0.9823475553764999	0.9823475553764999	0.0	0.9819117779422465	0.9814731883968807	0.9836576997903725	0.0	0.0	0.0	0.0	0.0	0.0	0.4	0.625	0.8663001613304051	73		S_1	31	35	-1
10	750	61,64,65,68,76,79,80,81,82,84,85,86,89,90,91,92,93,96,97,98,99,183,241,244,264/5,7,13,22,44,49,52,57,69,72,74,75,76,77,78,82,84,88,90,91,94,95,97,125,126,139,141,159,183,193	e+	0.9819450367164565	0.9819450367164565	0.0	0.987923962181837	0.9750382090898164	0.9828729388777162	0.0	0.0	0.0	0.0	0.0	0.0	0.9090909090909091	0.6666666666666666	0.8249961257508381	46		S_1	25	30	-1
11	1936	9,14,16,20,30,51,52,53,54,57,58,59,60,61,62,63,65,66,67,68,69,70,71,72,74,75,80,84,102,103,110,118,121,131,135,164,185,204,206,215,226,238,260,270/2,6,15,16,28,29,30,31,47,52,57,64,65,66,67,68,72,74,83,90,92,98,102,110,114,116,119,122,130,147,149,151,152,157,165,172,174,178,182,183,187,189,190,194	g+	0.9819096536361954	0.9819096536361954	0.0	0.9845987069726787	0.9774337770687724	0.983696476867135	0.0	0.0	0.0	0.0	0.0	0.0	0.48	0.48	0.8755550838832253	94		S_1	44	44	-1
12	992	7,70,72,101,102,103,106,109,110,112,114,115,116,117,118,120,125,131,135,153,154,163,181,214,220,224,225,226,238,260,264,279/9,14,19,64,66,68,69,80,88,89,99,103,107,110,111,114,116,119,122,124,144,147,149,150,151,165,172,178,190,191,197	g-	0.981349059485965	0.981349059485965	0.0	0.9833948007507566	0.9763156169795497	0.984336760727589	0.0	0.0	0.0	0.0	0.0	0.0	0.4	0.36	0.8686849739307136	89		S_1	32	31	-1
13	780	1,8,14,32,35,42,50,56,79,82,83,86,87,89,98,99,100,104,111,160,165,173,231,240,257,280/2,4,6,15,17,18,39,58,71,79,80,84,85,96,98,102,121,128,145,147,150,151,154,156,162,170,171,175,176,186	e+	0.980132074275779	0.980132074275779	0.0	0.9798021758442442	0.9786964433129712	0.9818976036701217	0.0	0.0	0.0	0.0	0.0	0.0	0.5333333333333333	0.5416666666666666	0.86339222592921	59		S_1	26	30	-1
14	1056	1,2,3,26,32,33,37,38,44,46,48,50,51,90,92,132,139,141,162,188,192,198,199,218,233,241,254,258,259,284,287,297,300/19,21,24,26,28,33,34,36,38,39,42,50,59,73,84,93,98,102,121,126,144,145,155,163,164,168,172,176,177,180,182,197	e+	0.9800951713314568	0.9800951713314568	0.0	0.9827877483523111	0.9753974934034606	0.9821002722385986	0.0	0.0	0.0	0.0	0.0	0.0	0.7222222222222222	0.56	0.8379033242948163	74		S_1	33	32	-1
15	580	33,79,84,86,88,91,92,93,94,96,97,108,123,133,192,220,230,245,263,299/1,9,14,40,43,54,58,71,73,76,82,83,84,85,88,92,101,109,114,118,121,148,152,155,178,180,191,195,196	e+	0.9794943398765632	0.9794943398765632	0.0	0.9807259421591464	0.9773648247142155	0.9803922527563275	0.0	0.0	0.0	0.0	0.0	0.0	0.35294117647058826	0.5714285714285714	0.8429179730835659	58		S_1	20	29	-1
16	1056	6,41,76,78,79,80,81,84,86,88,89,94,110,121,127,129,136,147,157,175,186,198,200,223,233,236,249,262,263,264,287,293/5,17,19,26,37,43,53,68,71,77,79,83,84,85,88,95,98,99,110,112,115,121,133,140,144,149,151,152,164,174,193,198,199	g-	0.9794799010895646	0.9794799010895646	0.0	0.9806823355842484	0.9752716316098473	0.9824857360745979	0.0	0.0	0.0	0.0	0.0	0.0	0.4583333333333333	0.6363636363636364	0.8400890407934095	84		S_1	32	33	-1
17	319	24,25,41,53,56,59,76,78,79,81,82,89,93,94,95,96,99,109,112,126,139,174,227,244,262,270,288,289,293/19,84,85,88,92,93,99,124,165,181,193	g-	0.9794260263641235	0.9794260263641235	0.0	0.9825190568735261	0.9729978189677286	0.9827612032511153	0.0	0.0	0.0	0.0	0.0	0.0	0.75	0.18181818181818182	0.9826172001190889	31		S_1	29	11	-1
18	775	7,31,67,101,103,105,107,108,110,111,112,114,115,117,118,120,121,181,185,187,206,224,228,245,283/8,16,21,33,38,48,54,64,70,73,87,98,102,105,109,110,111,113,114,120,121,123,141,143,144,155,159,163,176,177,182	g-	0.9793666550548145	0.9793666550548145	0.0	0.9804936487329479	0.9758570991068906	0.9817492173246049	0.0	0.0	0.0	0.0	0.0	0.0	0.56	0.64	0.8191613953782051	46		S_1	25	31	-1
19	782	2,33,51,53,55,58,60,62,68,70,74,75,89,121,131,132,134,157,162,170,205,233,253/4,6,16,17,26,31,37,51,52,57,59,65,67,68,71,72,74,84,104,107,117,127,130,133,136,137,142,145,147,157,164,170,175,180	g-	0.9792878843374918	0.9792878843374918	0.0	0.9809236115950928	0.9747643860847766	0.9821756553326062	0.0	0.0	0.0	0.0	0.0	0.0	0.6428571428571429	0.7083333333333334	0.8456362826698968	46		S_1	23	34	-1
20	992	22,27,50,51,52,53,54,55,58,59,60,62,63,70,72,74,109,131,144,148,159,160,176,178,184,233,244,246,250,282,283,290/2,7,13,14,27,30,37,49,51,61,62,64,65,66,68,70,71,72,82,83,90,129,141,146,151,159,166,169,181,185,200	g-	0.9792420918999625	0.9792420918999625	0.0	0.9811386232188472	0.9730840538318594	0.9835035986491811	0.0	0.0	0.0	0.0	0.0	0.0	0.7272727272727273	0.5238095238095238	0.8444199049009494	47		S_1	32	31	-1
21	486	101,105,107,108,109,110,113,114,116,117,118,119,121,123,124,125,158,233/2,4,8,33,40,70,75,79,95,98,99,104,111,112,113,114,119,120,122,125,127,128,131,141,144,146,198	e+	0.9792001911031015	0.9792001911031015	0.0	0.9852860947300943	0.9733032011115135	0.9790112774676971	0.0	0.0	0.0	0.0	0.0	0.0	0.9230769230769231	0.9473684210526315	0.876217832630134	18		S_1	18	27	-1
22	930	28,42,50,54,70,78,80,82,84,88,89,90,96,99,112,127,144,147,157,175,183,185,223,230,237,239,262,264,287,292,294/4,5,8,17,34,39,48,52,71,82,84,85,90,91,104,117,120,126,130,136,139,145,154,159,164,168,170,171,175,182	e+	0.9791009546920065	0.9791009546920065	0.0	0.9825684249749632	0.9729420866585268	0.9817923524425294	0.0	0.0	0.0	0.0	0.0	0.0	0.7727272727272727	0.625	0.8746069702987327	45		S_1	31	30	-1
23	667	24,26,27,29,31,33,34,40,41,42,45,46,82,85,86,88,89,91,92,95,98,170,292/12,13,19,26,30,34,35,39,49,58,66,67,84,88,92,107,112,134,136,143,145,148,158,159,161,178,179,192,196	e+	0.9790718765084264	0.9790718765084264	0.0	0.9835902198456831	0.972309558339254	0.9813158513403419	0.0	0.0	0.0	0.0	0.0	0.0	0.6363636363636364	0.64	0.8883097969291055	42		S_1	23	29	-1
24	780	10,12,17,26,27,28,30,32,33,42,46,47,48,50,61,65,68,81,96,132,144,150,185,206,239,284/21,34,36,38,39,42,48,50,51,53,71,73,74,98,100,102,110,114,116,121,143,144,152,153,157,160,161,176,177,178	e+	0.9790018239758475	0.9790018239758475	0.0	0.9790039733367009	0.9778264772025037	0.980175021388338	0.0	0.0	0.0	0.0	0.0	0.0	0.6842105263157895	0.68	0.8923500378437761	45		S_1	26	30	-1
25	616	1,2,6,8,9,14,15,22,23,24,25,103,104,112,120,124,165,179,211,254,257,281/4,6,11,12,15,16,17,19,21,27,38,49,54,58,71,98,103,104,117,121,133,137,147,151,167,171,177,182	g-	0.9787836873071131	0.9787836873071131	0.0	0.9798973286189403	0.9757842354017245	0.9806694979006745	0.0	0.0	0.0	0.0	0.0	0.0	0.9090909090909091	0.5833333333333334	0.8497631609839786	43		S_1	22	28	-1
26	700	1,4,6,8,9,10,14,17,18,21,22,24,25,55,78,79,85,98,128,133,151,153,159,238,283/3,5,7,9,13,22,23,25,41,59,60,63,65,93,95,98,108,115,118,125,132,135,141,158,161,163,170,177	g-	0.9787281396342817	0.9787281396342817	0.0	0.9798783186916156	0.9748718926514433	0.9814342075597864	0.0	0.0	0.0	0.0	0.0	0.0	0.75	0.4090909090909091	0.8568283205457939	53		S_1	25	28	-1
27	1120	1,8,20,22,32,46,51,66,78,79,84,90,95,97,100,101,102,112,121,125,127,150,181,182,196,214,217,237,238,248,252,264,285,289,296/21,30,32,39,40,42,59,66,77,80,84,85,88,96,102,105,108,116,121,122,134,143,144,146,157,161,165,176,177,182,188,193	g+	0.9785318216401814	0.9785318216401814	0.0	0.9809698373012706	0.9727294007994807	0.9818962268197926	0.0	0.0	0.0	0.0	0.0	0.0	0.56	0.56	0.841178120114044	75		S_1	35	32	-1
28	1015	26,32,33,35,37,39,41,46,49,55,65,71,72,76,99,105,135,141,142,160,193,194,195,218,219,244,253,267,274/1,11,13,14,17,18,22,24,25,26,27,29,35,37,46,49,50,53,58,61,70,75,81,82,83,95,96,127,132,135,141,151,183,191,197	e+	0.978408544028991	0.978408544028991	0.0	0.9779289555414605	0.9763069675976912	0.9809897089478212	0.0	0.0	0.0	0.0	0.0	0.0	0.5625	0.48	0.8531989844791734	69		S_1	29	35	-1
29	644	4,8,10,12,13,16,17,19,20,21,22,25,40,68,85,131,192,233,235,241,266,267,283/2,3,4,6,15,16,18,42,46,56,58,64,72,74,76,79,107,109,110,117,124,133,141,150,163,180,185,198	e+	0.9783547028830833	0.9783547028830833	0.0	0.9814827828616318	0.973067455309579	0.9805138704780392	0.0	0.0	0.0	0.0	0.0	0.0	0.625	0.48	0.9040709059693757	45		S_1	23	28	-1
