#number	block_area	block_id	move_type	pre_criterion	full_crit	expr_mean_crit	expr_mean_crit	expr_reg_crit	expr_kend_crit	expr_cor_crit	expr_euc_crit	expr_spear_crit	PPI_crit	feat_crit	TF_crit	percent_orig_genes	percent_orig_exp	exp_mean	trajectory_position	FEATURE_INDICES	move_class	num_genes	num_exps
1	380	4,6,7,9,11,15,24,29,32,55,58,59,72,80,96,102,128,140,143/1,2,3,14,15,20,23,24,26,36,39,57,62,64,71,72,76,81,82,96	g+	0.981659414332906	0.981659414332906	0.0	0.0	0.983779809882898	0.9795390187829142	0.0	0.0	0.0	0.0	0.0	0.0	0.375	0.45454545454545453	0.9012163665170586	38		S_1	19	20	-1
2	513	1,3,4,5,6,7,8,9,11,12,13,15,25,30,38,40,47,58,60,65,66,86,109,127,128,137,140/1,2,3,4,5,7,14,15,26,34,36,39,41,47,64,72,78,87,96	g+	0.9810547644469733	0.9810547644469733	0.0	0.0	0.9822843051123549	0.9798252237815916	0.0	0.0	0.0	0.0	0.0	0.0	0.7619047619047619	0.4090909090909091	0.9251977981386269	34		S_1	27	19	-1
3	352	4,6,7,9,10,17,29,36,51,58,59,60,65,67,75,78,86,89,97,99,100,107,108,109,110,118,127,128,130,136,137,139/9,15,34,39,48,57,66,72,90,94,95	e+	0.9809238695076866	0.9809238695076866	0.0	0.0	0.9824605965470268	0.9793871424683465	0.0	0.0	0.0	0.0	0.0	0.0	0.9411764705882353	0.18181818181818182	0.8864130620969516	28		S_1	32	11	-1
4	248	16,18,20,21,22,23,24,25,26,27,28,29,30,35,43,45,46,58,71,76,80,81,95,100,112,113,115,123,130,133,139/1,16,17,18,26,30,69,83	g-	0.9809199452774744	0.9809199452774744	0.0	0.0	0.9817614271014954	0.9800784634534534	0.0	0.0	0.0	0.0	0.0	0.0	0.9230769230769231	0.5714285714285714	0.9089695813366983	18		S_1	31	8	-1
5	448	1,12,14,15,25,43,48,66,83,105,118,124,145,150/1,2,3,4,14,15,16,18,20,22,28,29,30,38,43,44,52,59,60,64,67,68,69,71,74,75,77,82,86,89,93,97	e+	0.9808481539891989	0.9808481539891989	0.0	0.0	0.9830698133950584	0.9786264945833393	0.0	0.0	0.0	0.0	0.0	0.0	0.3333333333333333	0.7272727272727273	0.8581357368478264	39		S_1	14	32	-1
6	322	7,12,13,14,17,18,19,20,21,22,24,25,26,27,29,30,32,34,40,43,45,51,58,62,63,72,78,81,82,85,87,89,90,93,95,115,118,120,126,129,130,135,139,142,147,149/16,18,50,69,73,86,100	g-	0.980815761361914	0.980815761361914	0.0	0.0	0.9838512812741675	0.9777802414496605	0.0	0.0	0.0	0.0	0.0	0.0	0.9285714285714286	0.42857142857142855	0.8163454486820175	18		S_1	46	7	-1
7	360	8,19,22,25,28,35,89,93,104,109,115,123/3,10,13,14,15,19,21,24,35,42,47,48,50,51,52,55,56,57,59,63,64,74,78,81,85,86,93,94,95,97	e+	0.9807810242135719	0.9807810242135719	0.0	0.0	0.9831836627827228	0.978378385644421	0.0	0.0	0.0	0.0	0.0	0.0	0.25	0.631578947368421	0.9152407952172891	43		S_1	12	30	-1
8	480	5,7,11,44,48,62,63,65,67,72,73,76,79,84,93,96,104,105,108,109,124,131,144,147/5,6,13,20,21,23,31,33,43,51,54,55,69,74,78,80,91,92,96,98	g+	0.9806173358500567	0.9806173358500567	0.0	0.0	0.979868256989039	0.9813664147110743	0.0	0.0	0.0	0.0	0.0	0.0	0.42105263157894735	0.4782608695652174	0.8634956045980368	28		S_1	24	20	-1
9	775	5,17,18,26,33,37,40,53,60,62,67,68,77,79,88,89,91,103,109,110,111,124,132,133,138/1,4,5,6,7,9,17,18,23,24,25,27,28,29,31,32,33,34,43,46,49,50,51,63,69,74,84,88,90,92,96	g+	0.9805885248615097	0.9805885248615097	0.0	0.0	0.9812550263189428	0.9799220234040766	0.0	0.0	0.0	0.0	0.0	0.0	0.47368421052631576	0.6521739130434783	0.8602703309106038	42		S_1	25	31	-1
10	261	19,20,21,78,82,100,113,114,147/1,3,7,8,9,15,20,22,25,33,38,39,41,48,52,54,58,59,62,70,72,73,77,80,81,82,84,88,94	e+	0.98057060679862	0.98057060679862	0.0	0.0	0.981997138932529	0.9791440746647109	0.0	0.0	0.0	0.0	0.0	0.0	0.2222222222222222	0.5333333333333333	0.826610439106262	33		S_1	9	29	-1
11	175	3,5,13,17,20,21,26,27,28,35,38,42,48,58,60,68,75,79,80,81,90,92,95,97,100,101,106,107,112,119,122,129,143,146,147/5,12,14,24,47	g-	0.9804978242676841	0.9804978242676841	0.0	0.0	0.9841787346979537	0.9768169138374145	0.0	0.0	0.0	0.0	0.0	0.0	0.6666666666666666	0.3333333333333333	0.8454996100227054	20		S_1	35	5	-1
12	567	2,19,20,23,28,37,53,68,77,88,97,103,107,110,115,118,124,130,135,139,142/4,7,8,12,15,17,19,22,23,24,28,29,31,39,46,50,51,52,54,63,68,69,79,88,92,93,98	g+	0.980446523149471	0.980446523149471	0.0	0.0	0.9810527967721793	0.9798402495267626	0.0	0.0	0.0	0.0	0.0	0.0	0.5625	0.7	0.8524218048448184	39		S_1	21	27	-1
13	392	5,18,21,23,24,33,37,40,52,53,54,62,68,70,75,89,97,99,103,106,107,110,122,123,126,132,142,143/17,19,27,28,29,33,36,44,48,61,63,82,90,92	g+	0.9803683104735957	0.9803683104735957	0.0	0.0	0.9809885176336659	0.9797481033135256	0.0	0.0	0.0	0.0	0.0	0.0	0.625	0.25	0.8638700622806631	49		S_1	28	14	-1
14	225	16,37,45,67,74,77,85,114,124/3,4,5,9,11,15,17,18,23,24,29,31,32,43,45,46,50,63,64,66,84,88,90,92,98	g+	0.9802044961926548	0.9802044961926548	0.0	0.0	0.9818669657643635	0.978542026620946	0.0	0.0	0.0	0.0	0.0	0.0	0.0	0.5454545454545454	0.8747704833181105	36		S_1	9	25	-1
15	410	7,13,16,17,19,22,25,32,34,36,37,40,41,42,45,55,58,60,62,70,71,76,77,81,83,90,96,101,105,110,114,115,116,124,128,135,136,139,144,147,149/13,21,31,47,50,52,55,60,66,73	g-	0.979978594706584	0.979978594706584	0.0	0.0	0.9838078197158346	0.9761493696973333	0.0	0.0	0.0	0.0	0.0	0.0	0.84	0.36363636363636365	0.873508321922935	22		S_1	41	10	-1
16	475	17,18,19,20,22,24,48,51,52,64,67,76,79,80,88,91,92,93,103,108,112,114,134,147,149/1,3,4,7,11,13,16,17,19,20,24,27,29,36,53,61,64,77,82	g-	0.9799646658198686	0.9799646658198686	0.0	0.0	0.9782471291541653	0.981682202485572	0.0	0.0	0.0	0.0	0.0	0.0	0.5	0.5	0.7791174654673505	17		S_1	25	19	-1
17	648	2,4,17,23,29,30,32,33,37,39,41,44,45,53,57,65,73,83,87,100,120,128,133,136/5,10,21,22,23,31,32,42,43,44,45,48,51,56,57,58,61,73,75,78,79,80,85,87,90,91,97	g+	0.9799203355273943	0.9799203355273943	0.0	0.0	0.9781741744150358	0.9816664966397528	0.0	0.0	0.0	0.0	0.0	0.0	0.6470588235294118	0.631578947368421	0.8142580957209121	40		S_1	24	27	-1
18	952	5,10,16,31,32,33,35,36,37,38,39,40,41,42,43,44,45,60,63,66,73,76,77,85,87,105,113,124,131,135,143,144,145,150/3,4,5,6,7,18,22,23,24,28,30,31,32,37,38,39,43,44,45,46,61,64,68,69,71,88,90,97	g+	0.9799123555389877	0.9799123555389877	0.0	0.0	0.9796389748023078	0.9801857362756676	0.0	0.0	0.0	0.0	0.0	0.0	0.6923076923076923	0.56	0.8225392147589772	50		S_1	34	28	-1
19	580	10,14,18,19,23,25,26,29,31,35,36,37,39,41,43,47,56,68,72,74,86,104,118,127,133,136,141,144,148/1,3,20,21,22,23,28,43,44,45,51,52,56,59,60,67,71,73,77,88	g-	0.9795540982435199	0.9795540982435199	0.0	0.0	0.980609026189599	0.9784991702974408	0.0	0.0	0.0	0.0	0.0	0.0	0.8947368421052632	0.7272727272727273	0.886403878610601	20		S_1	29	20	-1
20	464	4,16,38,44,55,63,66,73,76,80,96,104,108,120,129,144/6,10,11,13,19,21,30,31,33,37,41,43,46,48,51,55,56,58,60,62,68,70,75,78,79,91,97,99,100	g+	0.9794149644513783	0.9794149644513783	0.0	0.0	0.9811543239304956	0.977675604972261	0.0	0.0	0.0	0.0	0.0	0.0	0.5384615384615384	0.64	0.8657666518206409	35		S_1	16	29	-1
21	136	19,20,22,28,39,55,58,62,77,78,79,87,90,91,120,122,148/9,12,25,29,54,55,94,95	g-	0.9793200341968475	0.9793200341968475	0.0	0.0	0.9813152188682748	0.9773248495254204	0.0	0.0	0.0	0.0	0.0	0.0	0.9	0.5714285714285714	1.0025112071831612	16		S_1	17	8	-1
22	468	5,8,12,13,17,18,23,29,36,48,60,65,67,73,79,81,90,92,95,112,119,128,129,135,138,146/5,9,10,12,14,20,21,22,24,36,42,55,56,61,78,79,90,97	g-	0.9791063612073448	0.9791063612073448	0.0	0.0	0.9780841873913504	0.9801285350233393	0.0	0.0	0.0	0.0	0.0	0.0	0.7777777777777778	0.375	0.8491804352310002	49		S_1	26	18	-1
23	378	3,14,32,33,34,40,42,43,56,71,83,114,118,135/1,3,6,12,18,20,21,22,28,36,37,38,39,40,46,49,50,54,56,58,60,69,70,80,83,88,95	g-	0.9790607906422144	0.9790607906422144	0.0	0.0	0.9784934900090467	0.979628091275382	0.0	0.0	0.0	0.0	0.0	0.0	0.75	0.6111111111111112	0.7123149621001136	37		S_1	14	27	-1
24	567	2,4,7,8,9,23,24,44,55,63,64,65,76,104,121,124,127,135,136,141,148/8,10,12,13,19,21,22,23,35,36,46,48,55,56,57,58,61,62,69,70,75,78,81,82,86,91,98	g+	0.9788218127239952	0.9788218127239952	0.0	0.0	0.9794240651755628	0.9782195602724276	0.0	0.0	0.0	0.0	0.0	0.0	0.5789473684210527	0.7894736842105263	0.8175358330728144	33		S_1	21	27	-1
25	270	29,36,37,77,80,84,94,113,140,143/3,4,9,12,13,20,21,23,24,31,32,36,38,44,45,46,58,62,63,64,71,76,84,88,93,94,96	e+	0.9788141391094453	0.9788141391094453	0.0	0.0	0.982857398157643	0.9747708800612476	0.0	0.0	0.0	0.0	0.0	0.0	0.5555555555555556	0.75	0.9109873810886271	26		S_1	10	27	-1
26	210	6,9,10,14,18,20,22,24,36,38,44,45,48,51,52,58,72,79,82,86,89,92,94,103,108,124,127,131,133,135,137,140,145,147,149/5,14,17,53,66,97	g+	0.9787581405808106	0.9787581405808106	0.0	0.0	0.9838831870267309	0.9736330941348903	0.0	0.0	0.0	0.0	0.0	0.0	1.0	0.42857142857142855	0.8967593696933862	12		S_1	35	6	-1
27	544	14,17,18,53,62,64,65,67,79,100,103,112,114,119,138,149/1,3,5,7,9,11,13,16,17,25,27,28,29,30,35,43,47,48,49,52,53,54,55,62,64,65,74,75,77,79,86,94,95,96	e+	0.9787444956006119	0.9787444956006119	0.0	0.0	0.9804389850537067	0.9770500061475171	0.0	0.0	0.0	0.0	0.0	0.0	0.5	0.7916666666666666	0.8218819161868142	34		S_1	16	34	-1
28	360	5,7,9,18,22,24,25,29,30,33,37,40,41,50,53,54,55,56,62,66,68,70,75,77,79,90,97,99,100,103,107,111,114,118,122,123,129,137,139,146/11,17,24,29,34,41,63,71,94	g-	0.9785583282732915	0.9785583282732915	0.0	0.0	0.9819603724378558	0.9751562841087271	0.0	0.0	0.0	0.0	0.0	0.0	0.7142857142857143	0.2727272727272727	0.8944645842378781	20		S_1	40	9	-1
29	442	5,18,19,20,22,23,24,26,28,29,33,53,62,79,99,117,130/1,3,7,8,9,12,17,21,22,23,24,26,29,31,35,36,43,50,54,55,68,75,77,78,81,92	g-	0.9785168783620437	0.9785168783620437	0.0	0.0	0.9782605585821493	0.978773198141938	0.0	0.0	0.0	0.0	0.0	0.0	0.7272727272727273	0.8095238095238095	0.7657291731451198	23		S_1	17	26	-1
30	693	6,9,10,11,12,14,18,28,36,37,41,43,47,55,56,65,74,85,86,88,94,108,111,112,117,118,121,127,129,133,138,144,148/1,2,3,10,14,15,20,21,22,24,26,28,36,53,57,62,72,76,78,81,100	g+	0.9785015586131025	0.9785015586131025	0.0	0.0	0.9797492749824543	0.9772538422437507	0.0	0.0	0.0	0.0	0.0	0.0	0.56	0.30434782608695654	0.8697645758571353	41		S_1	33	21	-1
31	285	13,14,18,22,24,26,27,28,29,30,38,90,93,100,117/4,10,12,14,16,24,26,28,29,30,33,36,46,68,81,83,87,93,96	e+	0.9783494060270335	0.9783494060270335	0.0	0.0	0.9781786780848163	0.9785201339692506	0.0	0.0	0.0	0.0	0.0	0.0	0.45454545454545453	0.6363636363636364	0.9347272097396797	24		S_1	15	19	-1
32	696	25,27,52,62,67,70,71,76,80,81,92,95,97,105,115,121,123,125,130,136,142,143,144,146/4,6,8,10,15,16,17,23,28,30,36,42,44,47,55,59,64,67,69,74,75,77,81,82,86,87,90,93,97	g-	0.978156316214736	0.978156316214736	0.0	0.0	0.979543390124482	0.9767692423049901	0.0	0.0	0.0	0.0	0.0	0.0	0.7894736842105263	0.64	0.8332041397941437	25		S_1	24	29	-1
33	341	10,21,23,31,32,33,35,36,37,38,39,41,43,44,45,48,51,56,65,76,77,78,80,87,94,105,108,113,124,127,133/1,27,28,31,32,43,44,45,83,88,89	g-	0.9779038513464006	0.9779038513464006	0.0	0.0	0.9791465173482932	0.976661185344508	0.0	0.0	0.0	0.0	0.0	0.0	0.48	0.6666666666666666	0.9123440625891205	16		S_1	31	11	-1
34	204	5,7,8,16,23,31,32,43,46,54,55,62,63,71,78,79,82,86,88,91,102,103,106,108,120,121,124,127,131,132,134,136,144,145/37,40,54,94,95,96	g+	0.977757589390601	0.977757589390601	0.0	0.0	0.9819970879867359	0.973518090794466	0.0	0.0	0.0	0.0	0.0	0.0	0.9444444444444444	0.2857142857142857	0.8822943877618428	22		S_1	34	6	-1
35	207	13,18,29,36,48,49,59,60,67,79,80,92,93,102,111,112,113,128,129,131,134,138,146/7,12,38,58,59,61,76,81,97	g+	0.9776570285729865	0.9776570285729865	0.0	0.0	0.9793609437570341	0.975953113388939	0.0	0.0	0.0	0.0	0.0	0.0	0.6111111111111112	0.3333333333333333	0.8481642150822779	22		S_1	23	9	-1
36	510	32,37,39,62,63,64,69,72,79,113,125,131,132,141,143,144,145/5,6,9,13,14,17,19,20,23,26,27,29,30,37,39,43,48,50,54,55,70,78,82,83,88,92,94,95,98,99	g-	0.9776431005726385	0.9776431005726385	0.0	0.0	0.9784570655527041	0.9768291355925729	0.0	0.0	0.0	0.0	0.0	0.0	0.35	0.76	0.8051744802290453	25		S_1	17	30	-1
37	380	7,15,19,20,21,35,46,49,53,54,55,62,68,85,97,103,107,118,148,149/1,3,15,17,24,26,27,29,32,35,49,55,63,71,74,77,78,87,95	g+	0.9775765093551122	0.9775765093551122	0.0	0.0	0.9777417077023953	0.9774113110078291	0.0	0.0	0.0	0.0	0.0	0.0	0.5	0.6470588235294118	0.8985509623384971	37		S_1	20	19	-1
38	700	5,6,8,12,13,15,17,22,31,42,54,60,65,67,73,76,80,81,85,92,97,101,102,107,109,116,128,129,132,134,137,138,140,142,146/2,5,12,14,25,28,34,35,46,49,51,65,71,80,84,90,93,96,98,100	g+	0.9775685190134035	0.9775685190134035	0.0	0.0	0.9768118084789084	0.9783252295478986	0.0	0.0	0.0	0.0	0.0	0.0	0.5652173913043478	0.5217391304347826	0.807734661389141	41		S_1	35	20	-1
39	567	2,8,16,17,23,34,40,45,46,51,67,72,73,89,112,114,124,135,136,137,139/1,5,13,15,16,19,21,22,35,36,42,48,50,52,55,56,57,59,61,69,70,81,91,94,96,97,99	g+	0.9775095543958137	0.9775095543958137	0.0	0.0	0.9782769135798136	0.9767421952118138	0.0	0.0	0.0	0.0	0.0	0.0	0.6	0.5789473684210527	0.8452542190009832	36		S_1	21	27	-1
40	500	27,31,35,60,61,67,68,70,71,79,80,81,86,92,97,106,107,108,111,112,142,144,146,147,149/4,7,8,12,14,19,23,27,29,43,54,67,68,79,82,90,91,93,96,97	g-	0.9774836296966634	0.9774836296966634	0.0	0.0	0.9776011006540805	0.9773661587392464	0.0	0.0	0.0	0.0	0.0	0.0	0.8571428571428571	0.4090909090909091	0.8659443628117414	23		S_1	25	20	-1
41	225	3,8,22,25,31,32,39,51,70,71,72,81,82,89,92,95,96,118,120,121,125,129,136,142,144/16,44,47,59,62,67,69,81,82	g-	0.9774431563714981	0.9774431563714981	0.0	0.0	0.97947507145282	0.9754112412901763	0.0	0.0	0.0	0.0	0.0	0.0	0.5263157894736842	1.0	0.9078434002474727	16		S_1	25	9	-1
42	416	2,13,18,19,21,23,39,58,64,69,87,132,136,142,145,149/1,3,7,8,11,12,15,16,18,20,21,29,31,52,53,63,64,65,67,71,72,74,79,86,87,98	g-	0.9774398870430627	0.9774398870430627	0.0	0.0	0.9786058265580694	0.9762739475280562	0.0	0.0	0.0	0.0	0.0	0.0	0.4	0.7727272727272727	0.8269514116944645	26		S_1	16	26	-1
43	522	5,8,12,32,35,63,71,72,80,82,85,89,98,102,112,122,135,144/2,3,5,11,15,16,18,19,24,27,32,35,37,39,44,47,48,50,52,56,57,61,69,72,76,81,83,93,96	g+	0.9774242775193861	0.9774242775193861	0.0	0.0	0.9775639807208554	0.9772845743179168	0.0	0.0	0.0	0.0	0.0	0.0	0.3684210526315789	0.625	0.7623856510002703	35		S_1	18	29	-1
44	300	7,44,48,55,72,73,80,81,85,92,102,129/2,3,17,18,19,20,24,25,29,36,42,47,52,56,61,62,64,66,68,71,72,74,82,83,89	e-	0.9773507682538511	0.9773507682538511	0.0	0.0	0.976529052180012	0.9781724843276904	0.0	0.0	0.0	0.0	0.0	0.0	0.7142857142857143	0.6470588235294118	0.7862009839181635	33		S_1	12	25	-1
45	220	28,40,61,62,78,82,83,95,105,114/3,7,9,10,15,20,24,33,35,41,44,52,56,62,72,77,81,82,92,93,94,100	g-	0.9773149159856875	0.9773149159856875	0.0	0.0	0.9793817333941662	0.975248098577209	0.0	0.0	0.0	0.0	0.0	0.0	0.5	0.7777777777777778	0.8152339480039389	24		S_1	10	22	-1
