#number	block_area	block_id	move_type	pre_criterion	full_crit	expr_mean_crit	expr_mean_crit	expr_reg_crit	expr_kend_crit	expr_cor_crit	expr_euc_crit	expr_spear_crit	PPI_crit	feat_crit	TF_crit	percent_orig_genes	percent_orig_exp	exp_mean	trajectory_position	FEATURE_INDICES	move_class	num_genes	num_exps
1	700	1,2,3,4,5,6,7,8,9,10,11,12,13,14,15,16,17,18,19,20,21,22,23,24,25,57,74,207/1,2,3,4,5,6,7,8,9,10,11,12,13,14,15,16,17,18,19,20,21,22,23,24,25	g-	0.9944797273286535	0.9944797273286535	0.0	0.0	0.0	0.0	0.9944797273286535	0.0	0.0	0.0	0.0	0.0	0.04	0.3888888888888889	0.7925826902377023	18		S_1	28	25	-1
2	650	26,27,28,29,30,31,32,33,34,35,36,37,38,39,40,41,42,43,44,45,46,47,48,49,50,270/26,27,28,29,30,31,32,33,34,35,36,37,38,39,40,41,42,43,44,45,46,47,48,49,50	g-	0.9944276730381814	0.9944276730381814	0.0	0.0	0.0	0.0	0.9944276730381814	0.0	0.0	0.0	0.0	0.0	0.125	0.16666666666666666	0.7222958332462953	29		S_1	26	25	-1
3	650	76,77,78,79,80,81,82,83,84,85,86,87,88,89,90,91,92,93,94,95,96,97,98,99,100,199/76,77,78,79,80,81,82,83,84,85,86,87,88,89,90,91,92,93,94,95,96,97,98,99,100	g-	0.9943956323915306	0.9943956323915306	0.0	0.0	0.0	0.0	0.9943956323915306	0.0	0.0	0.0	0.0	0.0	0.2	0.42857142857142855	0.6829152118132018	24		S_1	26	25	-1
4	650	34,51,52,53,54,55,56,57,58,59,60,61,62,63,64,65,66,67,68,69,70,72,73,74,75,145/51,52,53,54,55,56,57,58,59,60,61,62,63,64,65,66,67,68,69,70,71,72,73,74,75	g+	0.9943150479511909	0.9943150479511909	0.0	0.0	0.0	0.0	0.9943150479511909	0.0	0.0	0.0	0.0	0.0	0.16666666666666666	0.3181818181818182	0.9679031315338246	84		S_1	26	25	-1
5	600	101,102,103,104,105,106,107,108,109,111,112,113,114,115,116,117,118,119,120,121,122,123,124,125/101,102,103,104,105,106,107,108,109,110,111,112,113,114,115,116,117,118,119,120,121,122,123,124,125	g+	0.9942420061897375	0.9942420061897375	0.0	0.0	0.0	0.0	0.9942420061897375	0.0	0.0	0.0	0.0	0.0	0.0	0.7083333333333334	0.6968569504329499	16		S_1	24	25	-1
6	147	76,100,249/3,12,13,17,21,24,29,32,33,34,53,77,78,79,80,83,87,88,92,93,95,96,100,101,104,105,116,117,118,124,126,131,135,138,150,151,159,160,161,162,172,179,180,183,184,192,193,195,199	e-	0.9905286770571812	0.9905286770571812	0.0	0.0	0.0	0.0	0.9905286770571812	0.0	0.0	0.0	0.0	0.0	0.125	0.56	0.7493995742616434	49		S_1	3	49	-1
7	147	35,43,213/1,23,26,29,30,32,33,35,37,38,39,41,42,43,44,47,48,54,59,60,62,63,70,85,90,91,94,96,103,114,117,119,123,127,139,143,159,161,165,168,169,170,177,183,185,193,195,196,198	e-	0.9899757177379667	0.9899757177379667	0.0	0.0	0.0	0.0	0.9899757177379667	0.0	0.0	0.0	0.0	0.0	0.125	0.6111111111111112	0.893891441556987	38		S_1	3	49	-1
8	204	77,79,93,207,256,263/5,26,31,41,44,49,58,76,77,79,81,82,86,87,91,95,96,98,99,100,103,106,110,111,117,125,143,145,157,158,164,182,183,196	e+	0.9881177064498796	0.9881177064498796	0.0	0.0	0.0	0.0	0.9881177064498796	0.0	0.0	0.0	0.0	0.0	0.42857142857142855	0.9545454545454546	0.7909203269547463	11		S_1	6	34	-1
9	190	44,46,97,130,266/9,11,13,24,26,28,32,34,35,37,39,42,44,45,47,50,58,63,73,81,85,93,94,96,97,100,107,112,117,119,128,142,153,169,172,173,184,193	e+	0.9877384626704606	0.9877384626704606	0.0	0.0	0.0	0.0	0.9877384626704606	0.0	0.0	0.0	0.0	0.0	0.3333333333333333	0.875	0.8284629468497565	18		S_1	5	38	-1
10	280	29,88,140,157,163,190,218,294/1,2,7,28,32,47,48,49,62,78,79,82,87,94,95,107,126,131,134,135,138,148,149,150,151,152,163,180,181,183,186,190,191,193,199	e+	0.9862355786875979	0.9862355786875979	0.0	0.0	0.0	0.0	0.9862355786875979	0.0	0.0	0.0	0.0	0.0	0.058823529411764705	0.6	0.7808172278963053	55		S_1	8	35	-1
11	476	7,70,83,85,86,87,90,91,93,113,144,158,258,274,284,287,293/1,9,11,20,22,24,39,41,53,55,63,76,81,84,85,86,87,91,96,98,99,100,112,120,129,152,169,188	g-	0.9861923698529829	0.9861923698529829	0.0	0.0	0.0	0.0	0.9861923698529829	0.0	0.0	0.0	0.0	0.0	0.26666666666666666	0.68	0.7622443081923634	44		S_1	17	28	-1
