#number	block_area	block_id	move_type	pre_criterion	full_crit	expr_mean_crit	expr_mean_crit	expr_reg_crit	expr_kend_crit	expr_cor_crit	expr_euc_crit	expr_spear_crit	PPI_crit	feat_crit	TF_crit	percent_orig_genes	percent_orig_exp	exp_mean	trajectory_position	FEATURE_INDICES	move_class	num_genes	num_exps
1	312	13,41,42,43,44,45,46,47,49,50,51,52,53,54,55,56,57,58,59,60,74,124,140,174/41,42,43,44,45,52,54,55,56,57,58,59,60	g+	0.9891149025074274	0.9891149025074274	0.0	0.0	0.9895195128937642	0.9887102921210906	0.0	0.0	0.0	0.0	0.0	0.0	0.25	0.07692307692307693	1.0525609709400852	32		S_1	24	13	-1
2	522	40,42,56,59,61,62,63,64,65,66,67,68,69,70,71,72,73,74,75,76,77,78,79,80,99,118,122,146,159/5,7,26,61,62,63,64,66,67,68,69,70,77,78,79,80,103,113	e-	0.9881801620180245	0.9881801620180245	0.0	0.0	0.9884851864962152	0.9878751375398338	0.0	0.0	0.0	0.0	0.0	0.0	0.30434782608695654	0.15	0.8628888363592325	96		S_1	29	18	-1
3	352	7,10,15,21,22,23,24,25,26,27,28,29,30,31,32,33,34,35,36,37,38,39,40,41,89,100,105,121,129,163,193,198/2,21,22,23,24,25,26,27,28,29,40	g+	0.9876893786063023	0.9876893786063023	0.0	0.0	0.9895758926904856	0.9858028645221191	0.0	0.0	0.0	0.0	0.0	0.0	0.5416666666666666	0.09523809523809523	0.9377870714005649	32		S_1	32	11	-1
4	370	7,21,22,23,24,25,26,27,28,29,30,31,32,33,34,35,36,37,38,39,40,41,56,66,75,84,89,114,115,137,158,163,182,185,192,197,198/29,30,31,32,33,34,35,39,40,134	g+	0.9862543422116822	0.9862543422116822	0.0	0.0	0.9892182352752699	0.9832904491480945	0.0	0.0	0.0	0.0	0.0	0.0	0.5416666666666666	0.3333333333333333	0.8222832450240957	27		S_1	37	10	-1
5	928	3,8,13,18,19,61,62,66,67,72,73,74,77,78,79,80,116,118,128,131,137,146,150,155,159,177,183,191,196/2,4,9,11,12,16,22,28,29,46,53,61,62,63,67,79,80,87,88,89,96,103,109,110,120,122,131,133,134,140,141,150	g-	0.9846469475058044	0.9846469475058044	0.0	0.0	0.9853102271212528	0.983983667890356	0.0	0.0	0.0	0.0	0.0	0.0	0.6521739130434783	0.6666666666666666	0.8997742397621465	48		S_1	29	32	-1
6	1080	1,5,22,24,26,27,28,29,31,33,34,36,38,40,43,45,46,58,59,64,66,67,74,112,115,118,139,143,146,147,154,155,171,173,189,195/2,3,4,7,11,21,22,23,24,36,37,38,39,40,44,49,52,53,59,65,78,80,90,97,111,124,127,129,131,134	g+	0.9844945014609515	0.9844945014609515	0.0	0.0	0.9834531559674988	0.9855358469544042	0.0	0.0	0.0	0.0	0.0	0.0	0.48	0.4	0.8493987422170398	84		S_1	36	30	-1
7	630	1,2,3,5,6,7,8,9,10,11,12,13,14,15,16,17,19,20,24,31,32,39,54,55,109,126,161,165,171,196/1,2,3,17,18,19,20,28,29,35,49,54,55,59,65,100,105,120,122,125,134	g+	0.9844116207066901	0.9844116207066901	0.0	0.0	0.9829358559751947	0.9858873854381854	0.0	0.0	0.0	0.0	0.0	0.0	0.7222222222222222	0.2857142857142857	0.8848346157931731	52		S_1	30	21	-1
8	357	6,27,36,43,56,59,62,63,72,73,77,83,95,104,108,130,170/19,28,29,49,51,53,54,61,77,80,85,90,93,107,111,113,122,126,128,132,143	g-	0.984328223277531	0.984328223277531	0.0	0.0	0.9858679750912243	0.9827884714638379	0.0	0.0	0.0	0.0	0.0	0.0	0.8181818181818182	0.6153846153846154	0.9586968811915023	43		S_1	17	21	-1
9	588	1,5,8,12,18,42,43,47,49,50,51,52,53,54,57,64,84,90,110,113,130,134,152,156,157,165,174,176/11,13,14,17,34,38,41,42,43,53,58,59,60,65,84,85,86,90,123,137,143	g+	0.9841712738181656	0.9841712738181656	0.0	0.0	0.9838564534916849	0.9844860941446463	0.0	0.0	0.0	0.0	0.0	0.0	0.4782608695652174	0.32	0.8932983203776091	39		S_1	28	21	-1
10	585	29,36,41,52,53,71,81,89,105,106,115,160,172,189,197/5,6,7,14,22,23,24,32,35,36,37,38,40,41,42,45,56,58,59,60,61,66,73,75,92,98,105,106,112,113,115,116,119,120,123,124,127,144,149	e-	0.9840652575328471	0.9840652575328471	0.0	0.0	0.9857462231110881	0.9823842919546062	0.0	0.0	0.0	0.0	0.0	0.0	0.45454545454545453	0.3888888888888889	0.8661313591279498	50		S_1	15	39	-1
11	774	1,3,4,5,6,7,8,9,10,11,12,13,14,15,16,18,19,20,23,31,32,37,39,40,43,53,62,69,70,73,76,78,97,107,128,131,141,148,163,167,171,185,195/1,3,6,10,12,16,20,25,27,28,53,55,62,76,79,90,126,148	g+	0.9839992000777062	0.9839992000777062	0.0	0.0	0.9850349356764057	0.9829634644790068	0.0	0.0	0.0	0.0	0.0	0.0	0.6086956521739131	0.2777777777777778	0.8556094567448183	51		S_1	43	18	-1
12	546	2,5,7,10,19,20,29,32,33,34,36,41,45,52,53,56,59,60,106,160,162/5,6,7,8,10,11,12,13,23,24,28,37,38,40,41,43,44,46,58,59,60,61,99,116,117,123	e+	0.9839628315005137	0.9839628315005137	0.0	0.0	0.9837372978559789	0.9841883651450485	0.0	0.0	0.0	0.0	0.0	0.0	0.75	0.6956521739130435	0.8986790431847098	32		S_1	21	26	-1
13	884	8,41,42,43,44,47,48,49,50,51,52,53,54,55,59,64,97,102,110,112,113,115,143,165,180,197/7,12,13,21,23,25,26,34,36,40,41,42,43,49,58,59,60,61,63,75,88,90,98,102,111,114,120,123,127,131,136,138,139,140	g+	0.9838799443059304	0.9838799443059304	0.0	0.0	0.9836169154892302	0.9841429731226305	0.0	0.0	0.0	0.0	0.0	0.0	0.5263157894736842	0.6	0.8660400068311346	62		S_1	26	34	-1
14	540	13,43,49,50,52,57,58,63,64,77,111,115,118,119,132,143,168,174,185,190/3,18,20,25,28,35,41,42,43,44,45,56,57,60,79,84,94,95,96,99,101,138,141,142,144,147,150	g-	0.9838439282350877	0.9838439282350877	0.0	0.0	0.9856452398437028	0.9820426166264726	0.0	0.0	0.0	0.0	0.0	0.0	0.4117647058823529	0.47368421052631576	0.9303972166199049	59		S_1	20	27	-1
15	608	2,7,9,16,20,23,29,32,33,34,69,70,73,76,112,115,164,167,199/1,2,3,20,21,22,23,34,38,39,40,41,47,50,57,58,59,67,69,70,71,72,73,75,83,85,105,120,129,131,142,143	g+	0.9837957907419341	0.9837957907419341	0.0	0.0	0.985621152246579	0.9819704292372894	0.0	0.0	0.0	0.0	0.0	0.0	0.4375	0.84	0.9139406883428516	40		S_1	19	32	-1
16	638	7,23,29,31,33,34,36,41,52,53,54,55,56,91,100,117,118,143,155,160,170,189/2,6,15,21,22,23,24,36,38,39,40,41,42,44,49,56,57,58,59,75,83,106,113,114,120,121,122,123,132	e+	0.9837313276346086	0.9837313276346086	0.0	0.0	0.9851102697866021	0.982352385482615	0.0	0.0	0.0	0.0	0.0	0.0	0.3333333333333333	0.28	0.9622794327655693	60		S_1	22	29	-1
17	700	20,26,29,34,41,44,45,47,49,52,53,54,60,90,106,110,113,123,153,162,178,181,188,189,197/7,11,13,14,23,24,27,30,40,41,42,43,44,58,59,60,68,75,82,86,98,108,118,127,132,134,136,142	g+	0.9837284754068959	0.9837284754068959	0.0	0.0	0.9841328490932142	0.9833241017205776	0.0	0.0	0.0	0.0	0.0	0.0	0.4166666666666667	0.4	0.9074444922931084	46		S_1	25	28	-1
18	608	10,23,29,31,55,65,68,71,81,85,100,111,112,115,127,131,145,177,200/1,6,17,18,21,23,25,26,38,44,47,56,57,64,69,70,85,90,97,103,104,106,109,112,114,119,123,124,126,127,131,150	g-	0.9836889999330445	0.9836889999330445	0.0	0.0	0.984589998702492	0.982788001163597	0.0	0.0	0.0	0.0	0.0	0.0	0.35714285714285715	0.6956521739130435	0.858516487297019	51		S_1	19	32	-1
19	336	1,2,4,7,10,12,16,108,112,131,152,181/1,2,3,19,20,21,23,28,29,30,34,38,54,57,59,64,73,84,94,105,107,108,115,129,140,142,144,150	e-	0.9835798579391438	0.9835798579391438	0.0	0.0	0.9855103366152358	0.9816493792630518	0.0	0.0	0.0	0.0	0.0	0.0	0.14285714285714285	0.8333333333333334	0.8863996311041489	51		S_1	12	28	-1
20	682	7,15,24,25,26,29,30,31,32,33,34,35,37,89,99,105,108,110,158,188,197,199/5,8,13,21,22,23,24,25,26,30,39,40,42,47,56,58,64,66,68,75,76,77,86,95,104,114,123,134,142,146,147	g+	0.9835677117507735	0.9835677117507735	0.0	0.0	0.9838449219467387	0.9832905015548085	0.0	0.0	0.0	0.0	0.0	0.0	0.4166666666666667	0.625	0.8626410750988842	53		S_1	22	31	-1
21	638	20,29,33,42,43,48,50,52,54,56,65,68,69,73,74,79,80,106,129,149,156,161,162,163,164,167,176,181,184/5,10,17,26,31,37,41,43,44,58,61,67,68,70,71,75,89,110,120,123,139,149	g-	0.9835493181892245	0.9835493181892245	0.0	0.0	0.9828722087660421	0.9842264276124071	0.0	0.0	0.0	0.0	0.0	0.0	0.43478260869565216	0.16666666666666666	0.8779326646916252	50		S_1	29	22	-1
22	609	6,11,13,32,36,38,61,77,89,95,97,105,123,138,143,150,161,172,181,192,196/1,4,18,20,25,28,29,30,32,33,35,45,56,60,84,86,87,94,95,96,99,117,122,123,125,133,138,144,149	e+	0.9834921010823083	0.9834921010823083	0.0	0.0	0.9857961520951172	0.9811880500694994	0.0	0.0	0.0	0.0	0.0	0.0	0.2631578947368421	0.7368421052631579	0.8733986454433337	54		S_1	21	29	-1
23	600	7,16,22,25,29,34,53,56,78,82,84,90,98,101,108,122,180,184,197,198/7,14,22,24,26,39,40,41,43,45,52,56,63,68,82,83,93,102,104,106,109,110,117,119,123,131,133,141,146,147	e+	0.9834485572101259	0.9834485572101259	0.0	0.0	0.9824654705961233	0.9844316438241284	0.0	0.0	0.0	0.0	0.0	0.0	0.47368421052631576	0.7	0.7992183613291614	62		S_1	20	30	-1
24	638	1,4,7,8,9,10,14,30,59,62,65,71,72,73,76,87,108,115,123,129,131,137,145,162,163,164,177,180,196/1,2,3,17,18,20,26,27,31,47,51,54,56,71,72,87,90,109,112,115,119,132	g-	0.9834053328499732	0.9834053328499732	0.0	0.0	0.9837918890474913	0.9830187766524553	0.0	0.0	0.0	0.0	0.0	0.0	0.43478260869565216	0.3888888888888889	0.8765141101250504	55		S_1	29	22	-1
25	275	1,2,22,26,28,46,69,158,182,196,199/12,14,22,23,24,35,38,39,40,47,51,56,67,69,92,98,114,116,120,125,134,139,140,142,148	e-	0.9833663309585439	0.9833663309585439	0.0	0.0	0.9855709000519346	0.9811617618651531	0.0	0.0	0.0	0.0	0.0	0.0	0.8	0.5238095238095238	0.873302402606587	36		S_1	11	25	-1
26	672	1,4,10,16,20,31,40,42,43,44,45,46,48,53,55,56,58,59,65,100,120,124,133,139,157,168,173,179,190,192,195,198/28,35,49,50,51,52,53,55,59,65,69,72,77,98,105,108,124,128,129,141,146	e+	0.9833522797906449	0.9833522797906449	0.0	0.0	0.9826331596984058	0.9840713998828841	0.0	0.0	0.0	0.0	0.0	0.0	0.6363636363636364	0.32	0.7873610377543121	50		S_1	32	21	-1
27	391	5,32,36,67,71,85,89,100,105,109,130,139,146,165,172,195,199/2,5,19,22,29,37,39,42,56,59,66,78,80,90,94,95,97,116,121,125,133,134,137	e-	0.9832196975254832	0.9832196975254832	0.0	0.0	0.9845418091045326	0.9818975859464337	0.0	0.0	0.0	0.0	0.0	0.0	0.14285714285714285	0.6111111111111112	0.8924549298729021	53		S_1	17	23	-1
28	700	6,8,13,59,62,64,66,67,68,73,111,115,118,119,128,139,146,159,167,172,174,180,183,186,195/2,5,14,17,19,21,26,35,36,39,40,43,46,54,57,63,77,79,80,81,96,99,102,112,117,134,141,147	e+	0.9830766100365518	0.9830766100365518	0.0	0.0	0.9830690939841051	0.9830841260889985	0.0	0.0	0.0	0.0	0.0	0.0	0.42105263157894735	0.30434782608695654	0.8913382987479708	93		S_1	25	28	-1
29	576	1,4,7,9,13,42,61,62,65,66,67,68,70,71,72,73,74,76,77,78,80,90,103,104,128,139,149,162,169,173,190,191/18,25,31,35,36,42,45,51,61,69,71,79,87,96,115,138,144,146	g-	0.9830310749547495	0.9830310749547495	0.0	0.0	0.9848000938077586	0.9812620561017403	0.0	0.0	0.0	0.0	0.0	0.0	0.7391304347826086	0.5	0.9010921276693147	35		S_1	32	18	-1
30	651	11,14,15,16,19,20,21,23,24,28,29,31,32,36,37,38,40,43,56,65,79,105,106,124,137,138,150,153,179,181,194/19,20,29,30,32,33,34,38,50,57,59,84,85,92,98,105,111,125,130,144,149	g+	0.9829464970706743	0.9829464970706743	0.0	0.0	0.9826310065241342	0.9832619876172145	0.0	0.0	0.0	0.0	0.0	0.0	0.6086956521739131	0.47368421052631576	0.8776246255772122	37		S_1	31	21	-1
31	704	3,6,7,13,14,16,18,21,23,24,29,33,36,39,40,56,67,78,80,85,100,116,131,137,138,141,146,155,171,193,195,199/2,3,4,7,10,12,16,21,22,23,39,40,61,62,76,80,89,91,104,124,135,148	g+	0.9829428642704167	0.9829428642704167	0.0	0.0	0.9826488969945149	0.9832368315463185	0.0	0.0	0.0	0.0	0.0	0.0	0.6956521739130435	0.5555555555555556	0.8568882646585788	44		S_1	32	22	-1
32	744	7,14,22,24,25,26,28,29,31,37,41,42,47,56,59,60,65,66,75,84,89,104,115,130,158,159,188,192,193,197,198/7,18,25,26,35,39,40,53,56,64,69,71,74,75,84,87,88,107,117,119,128,138,139,149	e+	0.9828709054932983	0.9828709054932983	0.0	0.0	0.98250799245481	0.9832338185317866	0.0	0.0	0.0	0.0	0.0	0.0	0.5833333333333334	0.6111111111111112	0.8340636484187919	52		S_1	31	24	-1
33	646	1,4,7,10,11,15,18,19,20,32,56,61,124,150,168,190,192/5,6,7,9,10,11,12,13,17,28,30,34,43,45,49,50,52,66,68,70,72,73,76,98,99,100,105,107,108,109,111,112,125,127,129,130,146,148	e+	0.9828457737019038	0.9828457737019038	0.0	0.0	0.9829662458914448	0.9827253015123628	0.0	0.0	0.0	0.0	0.0	0.0	0.35714285714285715	0.48	0.8089221872539497	51		S_1	17	38	-1
34	216	2,5,7,8,10,12,18,27,29,30,32,44,56,81,89,110,127,137,145,151,152,154,159,164,179,182,199/1,5,26,30,47,66,97,106	g+	0.9828241173019222	0.9828241173019222	0.0	0.0	0.9867202368253556	0.9789279977784888	0.0	0.0	0.0	0.0	0.0	0.0	0.375	0.2222222222222222	0.9216491604987381	27		S_1	27	8	-1
35	580	40,42,56,61,62,63,65,66,69,71,72,73,76,80,83,99,124,128,131,133,137,155,158,162,168,169,185,189,190/6,7,13,39,43,49,58,61,66,67,69,70,71,73,76,80,98,108,117,124	g+	0.982761377897408	0.982761377897408	0.0	0.0	0.982227683892074	0.9832950719027419	0.0	0.0	0.0	0.0	0.0	0.0	0.43478260869565216	0.6	0.8288173693062013	31		S_1	29	20	-1
36	616	19,46,53,86,96,107,114,118,122,131,139,155,157,162,165,173,180,182,184,196,197,198/7,13,14,21,27,30,35,40,44,45,56,68,72,89,93,98,100,102,109,110,117,123,126,133,134,138,146,147	e-	0.982746060525054	0.982746060525054	0.0	0.0	0.9822816005495647	0.9832105205005434	0.0	0.0	0.0	0.0	0.0	0.0	0.36	0.5	0.8625478457308708	69		S_1	22	28	-1
37	644	7,25,29,31,33,36,42,46,47,51,52,54,55,56,58,66,78,80,89,101,103,107,137/1,2,17,21,22,23,24,38,39,40,41,43,47,51,61,63,75,80,112,114,120,121,123,134,135,141,142,150	e+	0.9827167850237827	0.9827167850237827	0.0	0.0	0.9839374049727379	0.9814961650748275	0.0	0.0	0.0	0.0	0.0	0.0	0.3888888888888889	0.6666666666666666	0.94789035876466	61		S_1	23	28	-1
38	660	4,29,32,34,36,42,43,45,49,52,53,56,75,105,106,111,123,138,153,156,162,195/7,24,29,30,32,34,38,41,42,43,44,59,60,61,82,84,90,96,104,108,111,116,118,121,125,127,134,137,138,139	g-	0.9826754307217214	0.9826754307217214	0.0	0.0	0.9825356634010189	0.9828151980424239	0.0	0.0	0.0	0.0	0.0	0.0	0.625	0.6086956521739131	0.8602293969840907	44		S_1	22	30	-1
39	357	10,18,43,50,57,60,64,70,87,102,112,115,130,131,165,174,183/2,19,32,34,43,47,49,52,58,66,70,71,72,103,106,111,127,137,141,142,150	g-	0.9826665315770374	0.9826665315770374	0.0	0.0	0.9817836537289384	0.9835494094251365	0.0	0.0	0.0	0.0	0.0	0.0	0.5555555555555556	0.36	0.823292526225778	22		S_1	17	21	-1
40	425	7,8,14,39,55,70,71,72,73,75,78,97,107,115,126,129,137,142,143,148,167,169,186,192,197/18,20,27,32,35,56,65,70,71,95,99,101,105,107,125,138,149	g-	0.9826435806765879	0.9826435806765879	0.0	0.0	0.9835011184742437	0.981786042878932	0.0	0.0	0.0	0.0	0.0	0.0	0.3157894736842105	0.47368421052631576	0.8708871433931519	44		S_1	25	17	-1
41	608	24,29,34,39,66,70,89,110,115,143,153,154,158,162,173,174,181,189,197/6,7,13,15,21,24,38,39,40,44,49,52,58,59,61,65,68,75,86,93,95,97,98,105,108,113,120,121,127,136,145,147	e+	0.9825815206545503	0.9825815206545503	0.0	0.0	0.982766879428495	0.9823961618806056	0.0	0.0	0.0	0.0	0.0	0.0	0.14285714285714285	0.48	0.8538811458355283	44		S_1	19	32	-1
42	527	1,4,9,39,50,52,61,62,63,66,67,69,70,72,73,74,76,77,78,80,92,99,102,115,132,156,158,162,171,181,199/32,34,44,54,61,70,71,72,73,75,89,91,95,100,105,119,127	g+	0.9825120541071252	0.9825120541071252	0.0	0.0	0.9829459466072532	0.9820781616069971	0.0	0.0	0.0	0.0	0.0	0.0	0.5652173913043478	0.47058823529411764	0.8067755330177946	32		S_1	31	17	-1
43	288	7,14,18,39,43,49,50,52,55,59,64,67,74,80,94,112,115,116,117,118,124,125,137,139,151,156,159,161,168,170,171,190/5,14,26,30,36,43,68,91,112	g+	0.9824936803147766	0.9824936803147766	0.0	0.0	0.9852564433651353	0.979730917264418	0.0	0.0	0.0	0.0	0.0	0.0	0.5238095238095238	0.2222222222222222	0.8193125450952737	30		S_1	32	9	-1
44	884	4,7,13,16,17,20,28,39,44,49,50,53,56,65,74,90,111,114,115,116,119,128,140,155,159,160/4,7,8,9,10,11,12,29,32,41,48,52,62,66,68,70,71,73,77,81,89,91,93,96,103,104,106,109,110,114,124,132,134,139	g+	0.98234566908071	0.98234566908071	0.0	0.0	0.9821175512152702	0.9825737869461496	0.0	0.0	0.0	0.0	0.0	0.0	0.3	0.5555555555555556	0.8052616395360235	62		S_1	26	34	-1
45	520	12,16,39,71,72,74,100,111,121,122,130,131,134,139,146,155,159,162,176,196/2,3,18,21,22,23,29,30,35,54,55,56,59,80,84,87,94,99,105,119,120,122,125,129,140,144	e-	0.9822858141214359	0.9822858141214359	0.0	0.0	0.982726379342026	0.9818452489008458	0.0	0.0	0.0	0.0	0.0	0.0	0.3333333333333333	0.6842105263157895	0.8563197000795221	48		S_1	20	26	-1
46	559	3,6,17,21,29,33,36,40,42,43,59,61,65,67,68,69,71,72,74,80,93,95,100,104,116,125,126,133,134,136,137,146,149,152,154,158,159,162,170,175,177,181,199/2,21,26,28,61,62,80,103,107,112,123,128,143	g-	0.9822089268300231	0.9822089268300231	0.0	0.0	0.984422938862765	0.9799949147972813	0.0	0.0	0.0	0.0	0.0	0.0	0.6086956521739131	0.38461538461538464	0.8759083090036647	22		S_1	43	13	-1
47	675	13,29,31,37,47,48,55,95,112,130,141,176,188,189,197/1,2,6,8,13,14,21,24,28,36,39,41,42,43,47,49,53,56,57,58,60,63,64,66,68,75,76,80,82,85,112,114,115,122,123,124,129,132,136,138,142,145,146,147,150	g+	0.9821822634738495	0.9821822634738495	0.0	0.0	0.9847513441847007	0.9796131827629984	0.0	0.0	0.0	0.0	0.0	0.0	0.5	0.47619047619047616	0.8861467251573512	35		S_1	15	45	-1
48	435	24,47,65,70,95,110,115,158,159,168,184,188,192,197,198/6,7,10,13,26,39,49,58,59,64,66,68,73,74,75,95,99,105,108,111,117,119,121,127,128,135,138,146,149	e+	0.9821490676855136	0.9821490676855136	0.0	0.0	0.9814025919763921	0.9828955433946351	0.0	0.0	0.0	0.0	0.0	0.0	0.1875	0.52	0.8492136343760969	41		S_1	15	29	-1
49	464	22,23,24,29,31,32,34,37,38,80,109,126,129,158,161,181/4,6,10,14,16,23,27,28,29,30,31,32,33,34,43,51,54,61,62,76,77,81,82,96,113,119,127,141,145	g+	0.9821461686847526	0.9821461686847526	0.0	0.0	0.9798017675478927	0.9844905698216124	0.0	0.0	0.0	0.0	0.0	0.0	0.5	0.7	0.8105677091971857	36		S_1	16	29	-1
50	380	13,46,51,52,56,60,77,91,92,118,129,137,140,143,144,148,160,187,190,191/4,25,28,31,33,42,45,52,60,66,87,96,97,122,125,136,140,144,146	g-	0.9821364522252625	0.9821364522252625	0.0	0.0	0.9833167960816965	0.9809561083688283	0.0	0.0	0.0	0.0	0.0	0.0	0.3684210526315789	0.4	0.9070612561757911	48		S_1	20	19	-1
51	609	1,7,8,9,11,13,15,16,19,27,39,42,71,76,77,79,94,100,114,122,125,131,159,162,176,180,191,194,196/1,2,3,18,20,35,55,56,57,69,87,99,105,112,115,119,132,138,140,144,149	g-	0.9820949102088168	0.9820949102088168	0.0	0.0	0.9820859201785156	0.9821039002391181	0.0	0.0	0.0	0.0	0.0	0.0	0.4	0.5263157894736842	0.8617706092262061	42		S_1	29	21	-1
52	609	10,14,17,18,39,64,81,89,103,112,116,118,121,124,125,131,137,139,140,152,156,157,161,166,168,170,190,191,194/9,13,26,28,30,32,33,42,43,45,48,50,63,73,87,103,115,117,124,140,150	g+	0.9819198598880052	0.9819198598880052	0.0	0.0	0.9823577631130602	0.9814819566629502	0.0	0.0	0.0	0.0	0.0	0.0	0.6666666666666666	0.5789473684210527	0.8540683533557879	39		S_1	29	21	-1
53	368	1,27,29,32,33,36,38,40,42,94,105,106,110,129,134,146/2,3,4,10,11,16,21,22,39,40,44,50,53,59,78,85,90,109,121,126,134,143,150	g+	0.9818931351196463	0.9818931351196463	0.0	0.0	0.9857053637728361	0.9780809064664564	0.0	0.0	0.0	0.0	0.0	0.0	0.7	1.0	0.9503273495150375	17		S_1	16	23	-1
54	460	3,5,7,8,11,12,18,19,20,29,32,56,65,68,137,179,180,184,194,196/1,2,3,18,19,20,26,30,37,43,47,48,56,66,70,71,73,75,92,103,107,118,139	e+	0.9818486802067126	0.9818486802067126	0.0	0.0	0.9824037066095301	0.981293653803895	0.0	0.0	0.0	0.0	0.0	0.0	0.2857142857142857	0.6	0.9123729273087757	25		S_1	20	23	-1
55	320	29,32,50,62,66,70,71,72,75,78,80,108,111,146,162,195/11,20,25,33,48,55,56,61,62,77,78,79,80,87,107,115,131,141,145,146	e+	0.9817993246414629	0.9817993246414629	0.0	0.0	0.9844201182013461	0.9791785310815796	0.0	0.0	0.0	0.0	0.0	0.0	0.4375	0.75	0.9877787050027856	23		S_1	16	20	-1
56	504	22,25,28,30,35,41,42,43,44,45,52,58,59,66,95,99,110,121,187,192,200/2,8,11,12,14,21,39,40,45,50,51,52,53,54,65,77,78,89,112,130,135,138,139,148	g-	0.9817745161471424	0.9817745161471424	0.0	0.0	0.9812338258564189	0.9823152064378659	0.0	0.0	0.0	0.0	0.0	0.0	0.6875	0.3888888888888889	0.8797527345272768	35		S_1	21	24	-1
57	340	5,13,66,67,68,69,74,77,79,80,100,128,144,157,164,167,177,179,187,189/5,9,13,14,31,32,41,43,45,61,62,63,79,80,96,139,144	g-	0.9817698900035459	0.9817698900035459	0.0	0.0	0.9828552206736793	0.9806845593334124	0.0	0.0	0.0	0.0	0.0	0.0	0.5625	0.8888888888888888	0.9682048164374691	25		S_1	20	17	-1
58	451	3,9,10,11,13,17,18,21,39,43,50,51,52,54,55,56,57,59,64,74,83,87,102,110,112,116,124,125,130,134,137,139,140,156,157,162,163,164,170,172,186/11,12,29,43,58,59,60,67,78,133,148	g+	0.9817657406077533	0.9817657406077533	0.0	0.0	0.9844102606332208	0.9791212205822858	0.0	0.0	0.0	0.0	0.0	0.0	0.5714285714285714	0.2	0.8547914933147845	38		S_1	41	11	-1
59	364	1,2,5,7,8,9,12,14,16,27,29,32,62,76,81,87,92,97,127,131,134,137,143,165,171,177,180,187/1,2,20,47,56,75,88,122,138,139,140,146,149	g-	0.9816907041740718	0.9816907041740718	0.0	0.0	0.9826502164375972	0.9807311919105464	0.0	0.0	0.0	0.0	0.0	0.0	0.9411764705882353	0.2857142857142857	0.9368889825732746	21		S_1	28	13	-1
