#number	block_area	block_id	move_type	pre_criterion	full_crit	expr_mean_crit	expr_mean_crit	expr_reg_crit	expr_kend_crit	expr_cor_crit	expr_euc_crit	expr_spear_crit	PPI_crit	feat_crit	TF_crit	percent_orig_genes	percent_orig_exp	exp_mean	trajectory_position	FEATURE_INDICES	move_class	num_genes	num_exps
1	385	1,2,3,4,5,6,7,8,9,10,11,12,13,14,15,16,17,18,19,20,51,62,64,71,73,79,93,95,100,108,115,147,166,174,193/1,2,3,4,5,6,10,11,19,20,69	g+	0.9872044850205784	0.9872044850205784	0.0	0.0	0.9890190320275387	0.9853899380136182	0.0	0.0	0.0	0.0	0.0	0.0	0.6521739130434783	0.08333333333333333	0.9260461098383145	59		S_1	35	11	-1
2	703	1,2,3,5,6,7,8,9,10,11,12,14,15,16,17,18,19,20,23,51,55,62,66,71,72,75,79,93,95,102,135,147,152,174,177,195,200/1,2,11,12,13,19,20,38,46,51,58,59,71,109,117,119,126,131,142	g+	0.9870566399733485	0.9870566399733485	0.0	0.0	0.9881014328289086	0.9860118471177883	0.0	0.0	0.0	0.0	0.0	0.0	0.6666666666666666	0.35	0.8574129795114896	47		S_1	37	19	-1
3	333	6,7,21,22,23,24,25,26,27,28,29,30,31,32,33,34,35,36,37,38,39,40,52,53,79,83,92,121,128,131,137,164,174,184,186,189,198/21,22,35,36,37,38,39,40,69	g-	0.9866906139864131	0.9866906139864131	0.0	0.0	0.988963172217082	0.9844180557557443	0.0	0.0	0.0	0.0	0.0	0.0	0.9333333333333333	0.3333333333333333	1.0074038453109564	23		S_1	37	9	-1
4	372	21,24,26,32,61,62,63,64,65,66,67,68,69,70,71,72,73,74,75,76,77,78,79,80,103,104,141,162,166,170,180/61,62,67,69,71,73,75,76,78,79,80,141	e+	0.9866858550831277	0.9866858550831277	0.0	0.0	0.9883893925102913	0.984982317655964	0.0	0.0	0.0	0.0	0.0	0.0	0.375	0.3	0.8803336058948388	26		S_1	31	12	-1
5	493	14,16,50,62,63,66,69,70,71,73,75,79,81,123,127,184,191/1,7,10,14,19,20,41,47,54,55,61,62,63,64,79,80,93,94,97,109,114,123,128,129,130,131,136,143,148	g+	0.9861707820754102	0.9861707820754102	0.0	0.0	0.987721318756047	0.9846202453947734	0.0	0.0	0.0	0.0	0.0	0.0	0.2727272727272727	0.47619047619047616	0.9122737922295425	62		S_1	17	29	-1
6	294	41,42,43,44,45,46,48,49,50,51,52,53,54,55,56,57,59,61,112,139,162/41,42,43,44,45,46,48,49,50,59,60,96,128,145	g+	0.9857773095842375	0.9857773095842375	0.0	0.0	0.9855069163624428	0.986047702806032	0.0	0.0	0.0	0.0	0.0	0.0	0.6470588235294118	0.16666666666666666	0.9370632080234594	41		S_1	21	14	-1
7	1155	3,10,12,22,23,24,26,27,29,31,32,38,40,43,48,57,58,62,64,65,73,76,78,91,116,119,128,142,151,155,167,186,192/4,6,8,21,22,23,31,38,39,40,44,48,54,61,63,67,68,69,71,79,82,85,86,87,93,96,97,112,116,121,126,133,138,144,149	g-	0.9852361092588029	0.9852361092588029	0.0	0.0	0.9856654631081334	0.9848067554094724	0.0	0.0	0.0	0.0	0.0	0.0	0.6	0.6923076923076923	0.858408327990705	67		S_1	33	35	-1
8	682	1,9,10,14,23,43,48,53,57,62,66,67,69,70,71,77,78,79,122,135,152,179/13,18,19,20,23,26,47,54,55,61,62,63,64,71,77,78,79,80,83,85,93,94,100,109,112,114,128,131,136,138,148	g+	0.9850957235358166	0.9850957235358166	0.0	0.0	0.9864139215138232	0.9837775255578101	0.0	0.0	0.0	0.0	0.0	0.0	0.5	0.6190476190476191	0.8892019371838689	62		S_1	22	31	-1
9	744	5,16,23,24,27,30,31,34,35,42,50,53,57,67,114,127,128,131,133,137,162,175,187,196/12,21,22,23,29,37,39,40,43,47,48,49,54,62,64,67,79,86,88,93,94,107,111,112,123,130,132,142,143,144,148	g-	0.9846897393976702	0.9846897393976702	0.0	0.0	0.9839044197492799	0.9854750590460606	0.0	0.0	0.0	0.0	0.0	0.0	0.2916666666666667	0.38095238095238093	0.8223352314511997	67		S_1	24	31	-1
10	403	15,21,25,32,33,61,62,68,75,82,107,169,190/4,5,8,14,22,29,31,32,34,37,48,53,60,61,76,77,78,79,80,85,87,93,97,104,108,110,113,121,124,134,149	e+	0.9845202242504052	0.9845202242504052	0.0	0.0	0.9865336616149198	0.9825067868858905	0.0	0.0	0.0	0.0	0.0	0.0	0.3333333333333333	0.7368421052631579	0.9108124948957861	34		S_1	13	31	-1
11	651	1,3,5,6,7,8,10,11,16,17,19,38,42,51,54,59,115,131,153,166,194/2,3,8,9,10,11,12,14,23,25,32,43,46,56,59,60,62,64,70,71,72,74,76,79,91,94,113,114,119,126,128	e+	0.9840756242444817	0.9840756242444817	0.0	0.0	0.9833545690355782	0.9847966794533851	0.0	0.0	0.0	0.0	0.0	0.0	0.42857142857142855	0.6	0.7758444023095856	55		S_1	21	31	-1
12	704	7,12,23,38,58,65,69,72,73,76,78,85,93,103,109,122,128,154,159,162,179,190/3,8,20,21,24,25,34,51,52,61,69,71,73,78,79,84,87,89,93,95,99,100,102,105,116,117,118,132,133,141,144,149	g+	0.9840524125202842	0.9840524125202842	0.0	0.0	0.9845657708264983	0.9835390542140701	0.0	0.0	0.0	0.0	0.0	0.0	0.5384615384615384	0.6086956521739131	0.8844934074008491	64		S_1	22	32	-1
13	660	2,6,9,12,14,17,18,19,20,33,38,65,71,73,109,120,122,149,150,159,177,187/1,2,3,19,20,26,28,30,43,46,47,52,59,71,79,85,88,91,106,107,108,118,119,120,124,134,137,142,145,149	e+	0.9836769976709543	0.9836769976709543	0.0	0.0	0.9839533768701364	0.9834006184717721	0.0	0.0	0.0	0.0	0.0	0.0	0.46153846153846156	0.5	0.8720390478680947	52		S_1	22	30	-1
14	465	16,33,40,53,56,77,96,102,103,125,147,153,162,175,186/1,2,3,15,16,17,18,24,26,28,30,31,33,35,37,42,49,56,68,70,71,91,105,109,110,112,120,124,139,142,146	e+	0.9836742648988541	0.9836742648988541	0.0	0.0	0.9835171060769687	0.9838314237207395	0.0	0.0	0.0	0.0	0.0	0.0	0.2222222222222222	0.3684210526315789	0.7698898611004391	50		S_1	15	31	-1
15	435	10,21,24,25,40,62,63,69,70,71,77,79,104,154,188/4,6,25,26,39,57,61,62,63,64,77,78,79,80,81,89,104,109,114,117,119,127,131,134,136,138,141,143,149	g+	0.9836608296056832	0.9836608296056832	0.0	0.0	0.9856285402263939	0.9816931189849727	0.0	0.0	0.0	0.0	0.0	0.0	0.4444444444444444	0.7727272727272727	0.949220510100783	31		S_1	15	29	-1
16	425	5,16,19,20,21,22,25,27,29,34,35,38,47,51,88,95,98,110,120,125,158,173,175,179,189/8,10,32,36,37,39,40,68,78,86,87,100,116,121,132,133,148	e+	0.9835684892894252	0.9835684892894252	0.0	0.0	0.9831480068394487	0.9839889717394018	0.0	0.0	0.0	0.0	0.0	0.0	0.4117647058823529	0.5833333333333334	0.8692388544777546	63		S_1	25	17	-1
17	576	3,5,11,12,14,16,32,50,88,92,93,95,102,116,119,128,147,162,170,171,175,178,197,199/1,2,11,17,19,24,25,27,30,42,50,52,70,75,77,84,92,95,104,105,109,125,127,131	g+	0.9834161581568398	0.9834161581568398	0.0	0.0	0.984471306533476	0.9823610097802036	0.0	0.0	0.0	0.0	0.0	0.0	0.3333333333333333	0.625	0.890416218363486	49		S_1	24	24	-1
18	533	29,38,44,47,69,75,97,104,122,126,141,152,181/2,3,4,5,36,37,38,39,40,44,46,47,49,52,61,63,65,68,69,70,71,73,78,86,87,95,99,100,104,106,111,114,116,121,127,129,133,135,138,139,146	e-	0.9833723079384866	0.9833723079384866	0.0	0.0	0.9864851981162005	0.9802594177607726	0.0	0.0	0.0	0.0	0.0	0.0	0.13333333333333333	0.23809523809523808	0.838014326199331	35		S_1	13	41	-1
19	690	2,9,18,20,33,42,48,54,58,59,63,64,73,92,95,102,103,104,112,122,147,153,190/1,2,14,18,19,20,23,24,27,33,36,37,46,49,62,65,67,69,71,85,94,109,112,118,119,124,137,140,141,143	e+	0.9832863532018506	0.9832863532018506	0.0	0.0	0.9831844336252449	0.9833882727784564	0.0	0.0	0.0	0.0	0.0	0.0	0.4117647058823529	0.3684210526315789	0.8348110701929127	72		S_1	23	30	-1
20	630	9,21,24,37,45,46,53,55,56,58,59,63,64,66,68,69,73,74,76,77,79,87,103,106,112,121,123,130,131,148,152,153,160,173,181/9,11,21,35,43,46,60,67,69,70,71,72,86,104,118,119,126,145	g+	0.983286272443376	0.983286272443376	0.0	0.0	0.9814355806029517	0.9851369642838002	0.0	0.0	0.0	0.0	0.0	0.0	0.8	0.45	0.7906000769261777	37		S_1	35	18	-1
21	442	26,42,44,45,46,48,49,52,55,60,61,64,68,74,81,103,112,116,125,133,134,154,162,179,199,200/3,11,15,26,27,33,39,42,44,59,60,63,80,93,96,105,112	g+	0.9832146743481509	0.9832146743481509	0.0	0.0	0.9836930642627071	0.9827362844335947	0.0	0.0	0.0	0.0	0.0	0.0	0.6470588235294118	0.2857142857142857	0.9033886076700169	28		S_1	26	17	-1
22	462	24,32,40,45,49,53,56,57,58,61,62,64,68,78,86,87,90,94,107,123,128,134,142,143,149,150,152,154,161,170,174,183,196/14,17,26,48,52,53,60,71,78,90,91,108,113,121	g+	0.9831089976580893	0.9831089976580893	0.0	0.0	0.9844429858725405	0.9817750094436382	0.0	0.0	0.0	0.0	0.0	0.0	0.8	0.6153846153846154	0.8771931268063619	32		S_1	33	14	-1
23	616	2,5,7,9,12,13,16,18,20,50,51,62,66,70,71,73,78,93,100,116,125,155,170,175,182,190,195,197/1,2,3,5,18,19,20,24,27,28,30,39,50,51,70,75,76,84,90,92,102,133	g-	0.9830154460198742	0.9830154460198742	0.0	0.0	0.9818175459514065	0.984213346088342	0.0	0.0	0.0	0.0	0.0	0.0	0.6363636363636364	0.625	0.847256001866713	55		S_1	28	22	-1
24	672	21,24,26,29,30,32,36,47,62,67,106,112,117,145,148,153,158,162,169,178,197/1,3,5,8,13,14,16,22,40,46,47,49,66,67,74,75,78,80,82,99,101,110,114,115,119,121,125,126,131,133,140,149	e+	0.9829764044869697	0.9829764044869697	0.0	0.0	0.9836837990294012	0.9822690099445381	0.0	0.0	0.0	0.0	0.0	0.0	0.6428571428571429	0.75	0.8636184230488014	41		S_1	21	32	-1
25	506	1,2,4,5,9,11,12,14,16,18,25,71,78,79,91,95,102,122,140,147,171,175/1,2,6,8,19,20,30,41,42,48,60,63,66,77,85,108,109,112,118,120,125,131,136	g+	0.9828957010612311	0.9828957010612311	0.0	0.0	0.9827134285115426	0.9830779736109196	0.0	0.0	0.0	0.0	0.0	0.0	0.3333333333333333	0.6	0.9258226637672405	41		S_1	22	23	-1
26	651	5,10,12,14,26,39,48,69,70,96,98,121,144,151,158,162,180,187,191,192,196/12,14,25,26,31,41,43,46,47,54,56,62,63,64,67,69,77,78,79,85,86,93,99,100,109,112,128,129,134,137,148	g+	0.9828869084724365	0.9828869084724365	0.0	0.0	0.9836334398622244	0.9821403770826486	0.0	0.0	0.0	0.0	0.0	0.0	0.2631578947368421	0.5454545454545454	0.8224123295266075	73		S_1	21	31	-1
27	360	15,21,28,45,61,65,68,70,76,104,105,109,112,132,149,150,156,181,185,188/5,17,36,37,53,61,77,79,80,85,91,96,109,113,121,128,129,142	e+	0.9828367372730713	0.9828367372730713	0.0	0.0	0.9845125647294294	0.9811609098167131	0.0	0.0	0.0	0.0	0.0	0.0	0.21428571428571427	0.3125	0.974363518558348	44		S_1	20	18	-1
28	638	15,21,24,27,29,30,32,33,34,37,40,46,61,72,76,92,119,131,165,166,171,188/1,2,3,12,16,18,24,25,26,28,29,30,31,33,34,44,49,53,54,57,63,75,80,90,91,94,104,105,132	e+	0.9827674613085164	0.9827674613085164	0.0	0.0	0.9815307066910375	0.9840042159259954	0.0	0.0	0.0	0.0	0.0	0.0	0.5	0.625	0.7976540713410888	39		S_1	22	29	-1
29	532	6,19,23,26,27,48,74,98,114,121,128,129,138,139,156,162,172,178,199/11,12,14,15,17,27,29,30,31,35,46,50,51,57,58,59,64,81,83,94,97,99,119,124,127,139,141,148	g+	0.9827544042383817	0.9827544042383817	0.0	0.0	0.9814861780886878	0.9840226303880756	0.0	0.0	0.0	0.0	0.0	0.0	0.46153846153846156	0.34782608695652173	0.7465802319981757	48		S_1	19	28	-1
30	312	16,25,26,42,43,61,71,98,103,125,164,170/1,13,17,19,20,29,30,42,44,51,54,66,68,80,81,85,88,100,108,109,118,120,125,134,136,150	e+	0.9827438981068976	0.9827438981068976	0.0	0.0	0.9846415983515755	0.9808461978622196	0.0	0.0	0.0	0.0	0.0	0.0	0.4166666666666667	0.35	0.892810583545224	35		S_1	12	26	-1
31	325	5,8,10,17,23,29,38,42,47,50,53,88,92,97,126,139,142,150,155,161,167,170,186,188,192/4,37,39,46,49,68,82,87,95,111,116,145,146	g+	0.9827104541737327	0.9827104541737327	0.0	0.0	0.9835266022970517	0.9818943060504137	0.0	0.0	0.0	0.0	0.0	0.0	0.5652173913043478	0.6666666666666666	0.9071042418269795	27		S_1	25	13	-1
32	390	7,33,55,83,106,116,144,155,161,162,167,169,188,189,200/6,11,12,13,19,21,43,45,49,58,62,68,72,74,76,82,85,93,98,103,120,124,126,127,129,139	g-	0.9827017788232153	0.9827017788232153	0.0	0.0	0.983963910049494	0.9814396475969367	0.0	0.0	0.0	0.0	0.0	0.0	0.5	0.3888888888888889	0.8971140073082159	41		S_1	15	26	-1
33	336	6,8,14,54,66,69,70,71,75,95,119,171,176,191,193,196/7,11,17,23,32,41,62,76,78,91,94,97,109,114,121,128,135,140,143,144,149	g-	0.9825830086410671	0.9825830086410671	0.0	0.0	0.983419718747792	0.9817462985343421	0.0	0.0	0.0	0.0	0.0	0.0	0.2777777777777778	0.2857142857142857	0.8951233881987983	43		S_1	16	21	-1
34	832	41,45,50,51,53,57,68,79,84,90,94,97,105,107,124,134,143,149,152,155,164,169,181,183,185,187/7,14,15,19,22,31,33,34,38,47,48,49,50,53,55,70,77,78,79,80,90,91,96,97,107,108,113,121,125,128,143,145	e+	0.9825677385928795	0.9825677385928795	0.0	0.0	0.9823909835107016	0.9827444936750573	0.0	0.0	0.0	0.0	0.0	0.0	0.4	0.6521739130434783	0.8229303409212592	69		S_1	26	32	-1
35	520	16,22,24,27,30,31,34,35,39,40,47,51,75,77,87,97,128,140,162,189/5,7,8,14,21,23,33,36,39,40,43,46,50,78,79,89,101,107,109,114,117,119,123,131,140,144	g-	0.9825566180031639	0.9825566180031639	0.0	0.0	0.9829506698227479	0.9821625661835798	0.0	0.0	0.0	0.0	0.0	0.0	0.29411764705882354	0.6	0.906108863494009	51		S_1	20	26	-1
36	520	12,17,18,20,41,42,45,53,55,57,58,59,67,68,74,114,121,127,148,149,162,163,174,179,185,196/1,2,3,7,20,32,41,42,57,58,59,60,71,74,89,120,124,126,137,149	g-	0.9824991858777776	0.9824991858777776	0.0	0.0	0.9848910396753638	0.9801073320801913	0.0	0.0	0.0	0.0	0.0	0.0	0.42857142857142855	0.6	0.9700159291084104	24		S_1	26	20	-1
37	918	15,16,25,29,33,40,47,52,66,67,68,69,70,71,72,74,75,77,78,79,82,92,99,105,119,120,125,146,166,171,190,191,196,197/5,8,32,36,38,39,41,44,45,60,61,62,63,65,76,78,79,80,85,97,104,114,117,118,131,138,150	g-	0.9824951038355841	0.9824951038355841	0.0	0.0	0.9826037177115665	0.9823864899596018	0.0	0.0	0.0	0.0	0.0	0.0	0.5555555555555556	0.6153846153846154	0.8841049233406363	48		S_1	34	27	-1
38	352	58,68,69,86,93,107,116,120,140,141,152,169,178,185,191,197/5,8,14,17,22,27,31,33,37,48,53,60,78,79,85,104,108,110,113,121,128,149	g-	0.9824740415308433	0.9824740415308433	0.0	0.0	0.9851953070066014	0.979752776055085	0.0	0.0	0.0	0.0	0.0	0.0	0.4666666666666667	0.8461538461538461	0.9255186845261778	19		S_1	16	22	-1
39	476	5,14,16,18,50,59,69,92,98,99,121,138,158,162,191,196,197/10,12,18,40,41,47,48,50,54,55,63,64,77,78,109,110,112,121,124,127,129,132,134,136,137,143,145,148	e+	0.9824624895256143	0.9824624895256143	0.0	0.0	0.9839223938605266	0.981002585190702	0.0	0.0	0.0	0.0	0.0	0.0	0.3333333333333333	0.6521739130434783	0.9125757832091699	45		S_1	17	28	-1
40	688	4,12,14,19,23,26,29,30,32,34,36,37,38,52,56,62,67,69,75,79,85,88,98,108,113,117,121,128,138,139,146,150,152,154,156,157,162,172,174,178,186,196,199/11,24,26,27,29,40,42,44,47,71,73,81,94,96,125,127	g+	0.9824486992144956	0.9824486992144956	0.0	0.0	0.9844789424001117	0.9804184560288797	0.0	0.0	0.0	0.0	0.0	0.0	0.8461538461538461	0.3125	0.8040859378921347	36		S_1	43	16	-1
41	360	5,6,12,17,43,45,53,59,60,76,77,121,127,128,149,163,172,175,181,195/5,12,13,32,46,60,62,74,80,98,100,101,107,124,131,140,147,150	g+	0.9824399170013167	0.9824399170013167	0.0	0.0	0.9840228110698362	0.9808570229327973	0.0	0.0	0.0	0.0	0.0	0.0	0.6666666666666666	0.5384615384615384	0.9480017262414139	25		S_1	20	18	-1
42	230	3,14,16,42,44,46,50,52,57,60,63,68,69,71,77,79,81,83,85,87,90,94,95,100,107,111,118,122,140,143,146,149,152,155,157,164,169,170,176,183,184,185,186,191,197,198/31,49,51,131,143	g-	0.9823966554832618	0.9823966554832618	0.0	0.0	0.9871910838631841	0.9776022271033395	0.0	0.0	0.0	0.0	0.0	0.0	0.9	0.2	0.8320049060704378	27		S_1	46	5	-1
43	966	3,8,11,18,27,31,36,40,47,49,58,62,63,65,70,74,75,79,80,82,84,93,94,110,113,120,130,131,150,154,155,158,164,165,173,176,178,185,186,189,190,193/4,6,8,10,21,24,36,40,42,44,52,61,63,67,76,85,93,102,106,115,130,138,144	g+	0.9823503740609197	0.9823503740609197	0.0	0.0	0.9827730959964991	0.9819276521253404	0.0	0.0	0.0	0.0	0.0	0.0	0.8260869565217391	0.3076923076923077	0.8389316689637832	39		S_1	42	23	-1
44	651	4,6,9,14,31,41,47,49,66,71,88,93,99,108,111,113,115,148,168,188,191/4,9,10,11,13,22,24,32,36,37,44,57,60,69,70,71,81,83,86,88,91,96,102,115,127,132,133,137,138,144,149	e+	0.9822444319956279	0.9822444319956279	0.0	0.0	0.982381164077264	0.9821076999139919	0.0	0.0	0.0	0.0	0.0	0.0	0.8181818181818182	0.5333333333333333	0.8350272721643864	44		S_1	21	31	-1
45	735	8,11,14,18,19,23,26,27,34,35,37,44,54,63,71,77,96,106,107,123,126,127,128,131,133,135,137,140,142,148,157,166,172,182,187/8,9,10,22,23,24,25,67,76,79,91,97,105,106,107,115,116,130,133,137,142	g+	0.9822430912590774	0.9822430912590774	0.0	0.0	0.9824604661237449	0.9820257163944099	0.0	0.0	0.0	0.0	0.0	0.0	0.7619047619047619	0.5333333333333333	0.8501008323497077	34		S_1	35	21	-1
46	432	7,16,18,25,30,59,63,77,87,105,106,119,130,173,191,197/5,6,8,9,11,12,19,29,43,46,48,60,61,66,76,85,86,89,94,104,110,117,118,119,126,131,132	g-	0.982240145072945	0.982240145072945	0.0	0.0	0.9827966146982123	0.9816836754476778	0.0	0.0	0.0	0.0	0.0	0.0	0.3333333333333333	0.7	0.7974815784911201	43		S_1	16	27	-1
47	465	7,20,38,41,47,65,66,68,78,80,92,101,114,129,139,140,141,143,149,152,164,165,167,169,173,175,181,182,184,187,190/39,52,65,68,69,70,71,73,81,95,103,118,127,135,139	e+	0.9821772966692508	0.9821772966692508	0.0	0.0	0.9823368521257776	0.982017741212724	0.0	0.0	0.0	0.0	0.0	0.0	0.8260869565217391	0.9	0.8852288812391944	23		S_1	31	15	-1
48	720	2,21,24,25,26,27,32,34,35,38,46,67,68,74,75,79,82,85,90,92,95,97,98,99,114,129,131,133,146,149,151,152,163,165,166,169,173,184,185,188/2,16,25,28,29,33,44,54,56,62,63,70,75,80,86,90,94,147	g-	0.9821230930077973	0.9821230930077973	0.0	0.0	0.9824564525890114	0.9817897334265833	0.0	0.0	0.0	0.0	0.0	0.0	0.875	0.4375	0.8104134732853066	32		S_1	40	18	-1
49	336	5,7,10,20,51,56,62,78,85,116,154,159,192,195/1,20,23,34,38,48,51,52,58,61,65,71,78,79,91,99,109,117,119,125,133,137,141,142	g-	0.9820663401775305	0.9820663401775305	0.0	0.0	0.9846204734412742	0.9795122069137866	0.0	0.0	0.0	0.0	0.0	0.0	0.6	0.8	0.8834923520307997	24		S_1	14	24	-1
50	306	12,37,66,72,73,92,162,175,180/9,10,12,16,18,19,22,24,31,33,39,41,43,45,49,52,53,54,56,63,64,73,75,77,95,104,105,114,115,116,118,123,129,143	e+	0.9820053336171028	0.9820053336171028	0.0	0.0	0.9842778795399784	0.9797327876942272	0.0	0.0	0.0	0.0	0.0	0.0	0.38461538461538464	0.6956521739130435	0.8736125387825974	36		S_1	9	34	-1
51	896	1,3,5,6,8,10,11,16,26,38,43,48,51,58,62,68,70,75,84,89,92,122,133,141,151,152,153,155,167,181,186,197/8,11,14,17,22,23,26,43,53,56,61,69,71,78,79,80,82,83,85,104,105,113,118,128,134,139,141,146	g-	0.9819840877849948	0.9819840877849948	0.0	0.0	0.98221551403203	0.9817526615379596	0.0	0.0	0.0	0.0	0.0	0.0	0.45	0.7692307692307693	0.7897583929271356	43		S_1	32	28	-1
52	224	14,35,50,53,114,158,178,187/1,19,43,47,48,51,54,55,62,64,67,77,79,86,87,93,95,99,102,107,109,117,129,130,132,134,142,148	g-	0.9819182987100221	0.9819182987100221	0.0	0.0	0.9846168773010029	0.9792197201190412	0.0	0.0	0.0	0.0	0.0	0.0	0.2	0.7619047619047619	0.8605060102448726	20		S_1	8	28	-1
53	702	8,9,13,14,16,17,18,29,38,65,66,71,73,80,82,85,108,115,117,140,163,166,171,177,178,191,197/3,5,8,10,11,38,40,48,55,60,63,65,72,78,80,82,87,91,95,99,100,103,116,121,131,134	e+	0.981900965366294	0.981900965366294	0.0	0.0	0.9809954381106389	0.9828064926219492	0.0	0.0	0.0	0.0	0.0	0.0	0.4444444444444444	0.5263157894736842	0.8349781189813301	62		S_1	27	26	-1
54	136	9,10,38,58,63,81,89,102,106,122,132,133,141,147,155,167,183/21,61,69,73,102,135,139,147	g+	0.9818484871831912	0.9818484871831912	0.0	0.0	0.9846301919096447	0.9790667824567376	0.0	0.0	0.0	0.0	0.0	0.0	0.9	0.4	0.9906810179777591	19		S_1	17	8	-1
55	625	6,22,35,37,40,42,48,50,53,57,62,75,84,113,145,162,164,165,172,176,178,181,185,189,199/6,7,11,12,17,23,26,29,33,34,43,46,50,53,58,72,76,94,98,104,117,123,124,145,148	g-	0.98182910105216	0.98182910105216	0.0	0.0	0.9808089332675267	0.9828492688367934	0.0	0.0	0.0	0.0	0.0	0.0	0.43478260869565216	0.55	0.8000940471044297	44		S_1	25	25	-1
56	308	2,6,16,59,66,75,106,116,133,174,181/1,5,8,11,12,13,23,32,43,45,58,60,69,74,83,88,94,104,108,113,114,118,119,124,126,128,131,145	e+	0.9817784570271937	0.9817784570271937	0.0	0.0	0.9843120993751049	0.9792448146792825	0.0	0.0	0.0	0.0	0.0	0.0	0.6	0.5	0.8144020699953789	34		S_1	11	28	-1
57	520	5,9,10,11,16,58,62,66,71,72,75,78,79,91,96,108,145,175,177,192/1,2,6,19,20,30,31,42,54,55,57,58,60,61,62,71,74,77,89,112,120,125,127,131,136,138	g-	0.9817656307189093	0.9817656307189093	0.0	0.0	0.9817853347329439	0.9817459267048747	0.0	0.0	0.0	0.0	0.0	0.0	0.38095238095238093	0.8	0.8853126250413442	30		S_1	20	26	-1
58	624	19,24,27,42,48,50,73,74,75,76,79,80,97,112,118,122,123,126,127,129,131,141,142,158,185,186/12,18,26,27,32,33,54,61,62,64,65,67,76,85,86,102,116,123,125,129,132,136,139,148	g+	0.9816164998613532	0.9816164998613532	0.0	0.0	0.9804244728140479	0.9828085269086585	0.0	0.0	0.0	0.0	0.0	0.0	0.5333333333333333	0.47619047619047616	0.8311092421569816	56		S_1	26	24	-1
59	360	13,26,38,64,78,92,105,155,156,160,167,200/4,6,8,10,13,18,19,21,31,52,53,56,58,61,68,74,82,85,87,101,105,116,118,124,129,131,138,139,146,149	e+	0.9815832483586161	0.9815832483586161	0.0	0.0	0.983782183258286	0.9793843134589462	0.0	0.0	0.0	0.0	0.0	0.0	0.4	0.8095238095238095	0.8426294835717614	28		S_1	12	30	-1
60	380	9,12,14,17,18,25,50,55,62,71,73,75,100,130,147,150,154,161,192/1,3,20,25,47,51,55,62,64,77,79,80,93,95,99,102,130,132,134,136	g-	0.9815454575015568	0.9815454575015568	0.0	0.0	0.9813034315085422	0.9817874834945712	0.0	0.0	0.0	0.0	0.0	0.0	0.38461538461538464	0.5238095238095238	0.826146979889487	24		S_1	19	20	-1
61	532	2,6,7,8,13,62,64,73,76,78,107,115,116,126,141,149,165,170,190/2,3,16,17,18,19,20,27,41,48,52,69,70,71,75,84,89,90,92,98,100,106,112,117,121,122,141,147	g+	0.9815178238233181	0.9815178238233181	0.0	0.0	0.9807760570438029	0.9822595906028333	0.0	0.0	0.0	0.0	0.0	0.0	0.4	0.6	0.8659508114526765	39		S_1	19	28	-1
62	594	10,12,15,20,21,22,30,32,36,37,48,49,59,61,68,70,79,91,98,105,107,110,132,134,156,160,176,181,185,188,192,194,200/8,14,17,31,34,48,53,60,61,63,78,79,80,85,96,113,121,128	g-	0.9815059471160671	0.9815059471160671	0.0	0.0	0.9840765840757513	0.9789353101563829	0.0	0.0	0.0	0.0	0.0	0.0	0.9565217391304348	0.7692307692307693	0.9356598302414677	29		S_1	33	18	-1
63	812	2,6,8,11,13,16,17,19,23,24,30,31,32,34,36,37,38,62,67,73,105,124,128,139,153,157,178,186,196/10,12,14,16,21,22,27,31,40,43,46,47,49,64,72,80,82,83,88,93,97,114,119,124,141,143,146,147	g+	0.9814180328569477	0.9814180328569477	0.0	0.0	0.9811126809760953	0.9817233847378002	0.0	0.0	0.0	0.0	0.0	0.0	0.7692307692307693	0.47619047619047616	0.8024219405228029	35		S_1	29	28	-1
64	114	16,24,44,55,66,68,70,71,81,91,101,125,165,166,168,169,180,182,184/45,46,80,109,138,140	g+	0.9814008518236423	0.9814008518236423	0.0	0.0	0.9858679888181996	0.9769337148290852	0.0	0.0	0.0	0.0	0.0	0.0	0.6666666666666666	0.23076923076923078	1.0514118989175474	12		S_1	19	6	-1
65	560	3,6,7,9,10,23,31,58,65,66,72,74,76,79,98,122,153,180,182,198/3,8,13,14,17,19,21,23,24,25,44,45,46,61,62,64,79,82,87,89,91,99,105,114,133,138,141,144	g-	0.9813970746943064	0.9813970746943064	0.0	0.0	0.9824930754543311	0.9803010739342817	0.0	0.0	0.0	0.0	0.0	0.0	0.46153846153846156	0.6666666666666666	0.8854490749915221	42		S_1	20	28	-1
66	420	13,26,39,43,45,115,116,119,120,140,143,151,157,173,187/1,8,19,27,28,31,34,46,54,59,65,67,71,77,86,88,97,98,106,107,112,115,121,124,130,134,137,148	g-	0.981371965308603	0.981371965308603	0.0	0.0	0.9824370959390287	0.9803068346781774	0.0	0.0	0.0	0.0	0.0	0.0	0.38461538461538464	0.5333333333333333	0.8310188382931412	43		S_1	15	28	-1
67	650	12,13,17,21,22,23,24,27,29,30,31,34,38,92,113,115,121,128,131,138,154,157,162,171,176/8,10,21,22,37,39,40,46,54,64,68,73,79,87,101,103,111,114,116,118,123,133,144,145,146,149	g+	0.9813437835032088	0.9813437835032088	0.0	0.0	0.9809356984521341	0.9817518685542836	0.0	0.0	0.0	0.0	0.0	0.0	0.28	0.8333333333333334	0.8261615885795828	39		S_1	25	26	-1
68	546	21,25,28,36,49,53,54,59,74,82,85,90,115,131/1,2,5,8,15,23,25,28,29,30,41,59,60,63,69,71,74,76,78,84,86,87,88,93,94,95,104,108,109,114,118,119,123,124,132,139,141,143,147	e+	0.9813220729223171	0.9813220729223171	0.0	0.0	0.982528542796638	0.9801156030479963	0.0	0.0	0.0	0.0	0.0	0.0	0.2857142857142857	0.48	0.823289773297394	68		S_1	14	39	-1
69	252	35,64,90,116,129,131,157,160,161,176,181,198/11,17,23,26,28,51,56,72,75,86,88,104,108,112,113,122,131,136,137,146,150	g-	0.9813108355817226	0.9813108355817226	0.0	0.0	0.9814555711507879	0.9811661000126575	0.0	0.0	0.0	0.0	0.0	0.0	0.2	0.5217391304347826	0.8474177333335927	35		S_1	12	21	-1
70	924	3,10,23,24,26,27,31,32,34,36,38,39,42,48,53,66,73,75,77,87,97,112,122,128,129,131,135,136,152,158,164,184,186/4,12,13,18,21,22,23,32,39,40,47,48,51,61,64,68,71,85,99,102,112,123,125,129,132,144,146,148	g+	0.9812752012720891	0.9812752012720891	0.0	0.0	0.9805390773259762	0.9820113252182019	0.0	0.0	0.0	0.0	0.0	0.0	0.6	0.5238095238095238	0.8401561520493291	36		S_1	33	28	-1
71	690	11,29,33,35,48,51,57,65,80,86,94,101,103,116,117,120,144,145,146,153,154,155,159,161,168,169,171,179,188,196/6,13,18,21,25,32,50,55,62,63,64,80,86,87,93,96,102,107,111,129,132,133,141	g+	0.9812310534857298	0.9812310534857298	0.0	0.0	0.981646826537203	0.9808152804342566	0.0	0.0	0.0	0.0	0.0	0.0	0.47368421052631576	0.5238095238095238	0.8575533286261581	32		S_1	30	23	-1
72	682	45,48,68,87,89,92,95,101,106,122,130,132,136,150,170,171,177,179,183,189,190,193/6,8,9,11,12,19,29,39,40,43,46,48,56,65,66,67,68,69,72,82,94,98,103,107,118,119,126,131,137,142,145	g+	0.9812302206338845	0.9812302206338845	0.0	0.0	0.9801362935701166	0.9823241476976526	0.0	0.0	0.0	0.0	0.0	0.0	0.5238095238095238	0.8	0.7986545033369841	36		S_1	22	31	-1
73	792	3,4,8,13,14,45,50,61,73,74,79,84,113,124,127,138,163,176,177,178,191,192/1,12,19,26,30,31,37,39,40,46,47,54,58,62,64,70,77,83,84,85,92,93,95,97,102,109,114,117,119,125,127,129,132,138,139,143	g-	0.9810835982543562	0.9810835982543562	0.0	0.0	0.9818450449971816	0.9803221515115308	0.0	0.0	0.0	0.0	0.0	0.0	0.38461538461538464	0.5714285714285714	0.8087292419674248	45		S_1	22	36	-1
74	525	5,14,29,41,44,114,120,126,129,135,137,138,140,146,169/3,18,31,36,37,38,40,44,47,48,54,55,56,63,80,86,93,95,99,100,101,119,121,122,125,128,129,131,134,135,138,145,146,148,150	g+	0.9810685164669676	0.9810685164669676	0.0	0.0	0.9812520204272808	0.9808850125066544	0.0	0.0	0.0	0.0	0.0	0.0	0.6666666666666666	0.8	0.7707682246115145	35		S_1	15	35	-1
75	598	3,16,21,24,28,29,42,43,44,45,46,47,48,49,50,52,53,55,56,59,70,71,79,82,88,95,98,99,102,103,112,125,139,147,151,162,164,170,171,173,175,177,179,186,198,199/39,42,44,46,48,49,50,51,68,103,120,133,148	g+	0.9810519692587112	0.9810519692587112	0.0	0.0	0.9822083075192527	0.9798956309981696	0.0	0.0	0.0	0.0	0.0	0.0	0.8235294117647058	0.16666666666666666	0.7923586029843319	29		S_1	46	13	-1
76	228	35,54,68,69,70,86,103,110,118,176,185,189/7,17,25,41,47,62,91,93,94,109,112,114,126,127,128,135,140,141,144	g-	0.9810365932238698	0.9810365932238698	0.0	0.0	0.9821762281051043	0.9798969583426353	0.0	0.0	0.0	0.0	0.0	0.0	0.8333333333333334	0.6470588235294118	0.8807329064905841	27		S_1	12	19	-1
77	522	10,13,29,39,40,46,48,56,58,112,126,161,162,171,180,186,190,192/4,5,10,19,21,37,38,40,41,42,44,46,57,59,77,95,96,99,111,114,122,125,127,128,131,134,135,136,144	e+	0.9810090731921517	0.9810090731921517	0.0	0.0	0.9841263919889248	0.9778917543953787	0.0	0.0	0.0	0.0	0.0	0.0	0.75	0.55	0.9086973437803034	47		S_1	18	29	-1
78	235	32,46,61,131,176/1,7,11,23,24,25,26,28,30,32,33,34,37,51,54,62,68,70,71,72,75,76,84,86,88,91,92,94,95,97,104,107,108,112,117,120,128,129,130,132,136,138,139,144,145,146,150	e-	0.9809789459214493	0.9809789459214493	0.0	0.0	0.9847272866919372	0.9772306051509614	0.0	0.0	0.0	0.0	0.0	0.0	0.3333333333333333	0.8	0.7741219248823041	29		S_1	5	47	-1
79	248	10,13,38,74,98,109,126,195/9,12,16,25,37,41,44,46,47,50,53,54,75,77,80,83,84,87,90,104,105,112,116,117,127,128,133,143,144,145,147	g-	0.9809683045320761	0.9809683045320761	0.0	0.0	0.9824389279238639	0.9794976811402882	0.0	0.0	0.0	0.0	0.0	0.0	0.08333333333333333	0.5833333333333334	0.7888147805309876	42		S_1	8	31	-1
80	204	19,32,38,50,61,62,66,68,70,86,139,141/5,12,22,50,53,61,75,78,79,80,84,85,96,110,121,125,133	g-	0.9809627988949606	0.9809627988949606	0.0	0.0	0.9832351124299048	0.9786904853600165	0.0	0.0	0.0	0.0	0.0	0.0	0.6666666666666666	0.3	0.9740879323132611	29		S_1	12	17	-1
81	234	1,17,35,60,64,78,80,121,178/4,10,17,28,31,32,37,41,74,75,84,85,90,97,100,107,111,113,114,118,122,131,135,146,147,150	e+	0.9809413303588168	0.9809413303588168	0.0	0.0	0.9847676987525931	0.9771149619650407	0.0	0.0	0.0	0.0	0.0	0.0	0.2222222222222222	0.8888888888888888	0.8688769481883539	28		S_1	9	26	-1
82	435	7,49,52,68,74,92,101,106,110,116,159,171,179,195,200/5,8,11,13,19,27,37,41,56,62,63,77,78,80,83,85,86,90,93,94,104,105,107,120,124,127,131,132,139	g-	0.9809047146600387	0.9809047146600387	0.0	0.0	0.9817161161175951	0.9800933132024823	0.0	0.0	0.0	0.0	0.0	0.0	0.4	0.5555555555555556	0.8436172953789832	41		S_1	15	29	-1
83	322	6,9,11,14,38,110,116,131,138,149,153,156,163,171/2,3,10,16,27,32,37,38,45,55,60,63,69,80,90,98,100,107,116,122,131,136,148	g-	0.9809035180825985	0.9809035180825985	0.0	0.0	0.9833858815973633	0.9784211545678336	0.0	0.0	0.0	0.0	0.0	0.0	0.3888888888888889	0.8823529411764706	0.8945208062708616	21		S_1	14	23	-1
84	342	2,12,14,19,31,81,88,89,98,113,117,139,150,153,157,172,178,179,180/1,2,18,20,47,56,91,96,102,107,113,117,128,132,134,136,137,147	g+	0.9809029733994421	0.9809029733994421	0.0	0.0	0.9824399572118434	0.9793659895870409	0.0	0.0	0.0	0.0	0.0	0.0	0.46153846153846156	0.5882352941176471	0.8909767650816335	33		S_1	19	18	-1
