	"108.heat shock 15 min"	"115.heat shock 20 min repeat"	"407.heat shock 33 to 37, 20 minutes"	"408.heat shock 29 to 37, 20 minutes"	"409.heat shock 25 to 37, 20 minutes"	"410.heat shock 21 to 37, 20 minutes"	"686.YP ethanol vs reference pool"	"809.DBY7286 37degree heat - 20 min"	"810.DES460 (wild type) + heat 20 min"	"814.DBYmsn2-4- 37degree heat - 20 min"	"854.YPD_6_h_30C"	"855.YPD_8_h_30C"	"857.YPD_12_h_30C"	"858.YPD_1_d_30C"	"859.YPD_2_d_30C"	"860.YPD_3_d_30C"	"861.YPD_5_d_30C"	"944.starv_in_H2O_4_h_30C"	"1012.YPD 12 h (25C)"	"1014.YPD 2 d (25C)"	"1015.YPD 3 d (25C)"	"1016.YPD 5 d (25C)"	"1017.YPD 7 d (25C)"	"1018.YPD 13 d (25C)"	"1258.DBYyap1 + 37degree heat (repeat)"	"2560.29C to 33C - 15 min"	"4786.29C +1M sorbitol to 33C + 1M sorbitol - 5 min"	"4789.33C + 1M sorbitol vs. 29C - adapted"	"6361.DBYyap1- 37degree heat - 20 min (redo)"	"7530.DBY msn2msn4 37C - 20 min"	"11466.yO1 test hyb"	"12734.Nitrogen Depletion 12 h"	"12736.Nitrogen Depletion 1 d"	"12737.Nitrogen Depletion 2 d"	"12738.Nitrogen Depletion 3 d"	"12741.Nitrogen Depletion 1 h"	"17676.Na+FK 45min (4)"	"33774.DBY8778(wt)_stationary_phase_7hours"
"YAR073W"	-1.092	-1.575	-0.454	-1.621	-1.713	-2.113	-1.475	-1.717	-1.497	-1.4285	-1.516	-1.811	-1.561	-1.593	-2.506	-3.191	-3.447	-2.377	-2.3595	-2.069	-2.598	-1.876	-2.5165	-2.5015	-1.0175	-0.262	-0.427	-0.339	-1.799	-0.719	-1.88	-2.7385	-2.6685	-2.892	-3.238	-1.7655	-2.2135	-2.457
"YAR075W"	-1.707	-0.985	-0.932	-1.716	-2.776	-3.067	-1.585	-1.519	-1.488	-1.643	-1.345	-2.675	-2.835	-2.296	-2.875	-4.482	-4.212	-3.18	-2.843	-2.083	-2.736	-2.115	-2.55	-2.789	-0.94	-0.704	-1.014	-0.445	-1.627	-1.058	-1.346	-2.815	-2.98	-3.089	-3.157	-1.952	-1.018	-1.481
"YBL024W"	-2.122	-2.218	-1.077	-1.562	-2.598	-2.9	-1.0245	-1.037	-0.6595	-1.1915	-3.938	-2.484	-2.16	-2.175	-2.483	-4.671	-4.879	-2.114	-3.8255	-2.147	-2.6055	-3.4875	-3.5465	-3.993	-0.231	-0.568	-0.43	-0.355	-1.016	-0.47	-2.18	-1.534	-1.6095	-1.726	-1.397	-0.9475	-1.0905	-2.946
"YBL076C"	-1.023	-1.502	-1.024	-1.412	-1.76	-2.078	-1.647	-1.229	-1.0485	-1.194	NaN	NaN	NaN	NaN	NaN	NaN	NaN	NaN	-3.361	-2.4945	-2.9205	-3.688	-3.4915	-3.368	-0.4915	-0.023	0.058	-0.167	-1.355	-0.247	-2.591	-2.7875	-2.8895	-3.033	-3.216	-1.025	-1.5055	-3.674
"YBL077W"	-0.893	-1.205	-0.375	-1.238	-1.572	-1.735	-1.134	-1.083	-0.904	-1.0285	-3.41	-2.161	-1.571	-2.021	-1.176	-3.136	-5.081	-2.607	-2.792	-2.0335	-2.345	-2.816	-3.3595	-3.1945	-0.479	-0.162	-0.223	-0.071	-1.147	-0.402	-1.547	-2.488	-2.2065	-2.3345	-2.1125	-0.841	-1.532	-2.847
"YBR079C"	-1.418	-2.18	-0.691	-1.147	-1.984	-2.451	-0.7725	-0.479	-0.9535	-0.595	-2.406	-1.379	-1.128	-0.936	-1.845	-1.806	-4.79	-1.68	-2.741	-1.661	-2.5405	-1.965	-2.9905	-2.7575	0.0695	-0.174	0.24	-0.409	-0.238	-0.048	-1.519	-1.325	-1.8995	-1.632	-1.8935	-0.796	-2.22	-1.842
"YBR121C"	-1.133	-1.742	-1.029	-1.211	-1.752	-2.004	-1.014	-1.349	-1.252	-1.297	-2.66	-1.84	-1.543	-2.186	-2.714	-4.037	-5.791	-2.366	-3.2385	-2.416	-3.155	-4.1355	-4.173	-4.5985	-0.7465	-0.332	-0.234	-0.234	-1.272	-0.592	-2.249	-2.5385	-2.551	-2.637	-2.6705	-0.92	-1.273	-2.549
"YCR034W"	-1.707	-1.773	-0.077	-1.028	-1.49	-1.925	-0.4645	-1.127	-0.973	-1.025	-2.623	-1.309	-0.877	-1.912	-1.771	-3.204	-4.331	-1.895	-2.5505	-2.3695	-2.676	-3.0135	-3.2845	-3.3025	-1.282	-0.534	-0.921	-0.493	-1.321	-0.673	-1.8	-2.646	-2.198	-2.761	-2.5975	-1.2345	-1.6025	-3.552
"YDR023W"	-0.935	-1.126	-0.94	-1.189	-1.564	-1.856	1.176	-1.003	-0.892	-0.857	-1.814	-2.122	-1.347	-2.164	-2.077	-2.907	-5.745	-1.813	-3.05	-1.553	-2.313	-3.056	-3.357	-3.85	-1.035	-0.114	0.248	0.031	-1.24	-0.154	-2.091	-1.396	-1.983	-2.106	-1.812	-0.47	-1.65	-2.302
"YDR091C"	-2.613	-2.435	-0.948	-2.061	-2.869	-2.781	-0.878	-1.139	-0.864	-1.219	-3.288	-2.045	-1.68	-1.547	-1.362	-3.384	-4.4	-2.03	-2.971	-1.728	-2.044	-2.636	-3.222	-3.423	-0.28	-0.879	-1.074	-0.624	-1.258	-0.866	-1.376	-1.977	-1.695	-1.907	-1.535	-1.821	-1.435	-3.117
"YDR119W"	-0.716	-1.05	-0.646	-0.93	-1.105	-1.07	-0.737	-0.465	-0.352	-0.83	-1.325	-1.357	-1.3	-1.475	-0.886	-2.546	-1.953	-1.282	-1.416	-1.434	-1.86	-1.93	-1.863	-2.202	-0.395	-0.227	-0.516	-0.526	-0.674	-0.278	-1.305	-1.191	-0.894	-1.185	-0.928	-0.347	-1.442	-1.1755
"YDR144C"	-2.14	-1.667	-1.196	-1.708	-1.406	-1.518	-0.778	-0.934	-0.344	-1.363	-1.435	-1.217	-1.431	-1.906	-1.72	-2.523	-2.119	-0.621	-3.536	-4.046	-3.389	-2.888	-2.936	-1.878	-0.864	0.18	0.386	-0.597	-1.042	-0.235	0.118	-2.455	-2.673	-2.355	-3.053	-0.794	-1.578	-2.816
"YDR211W"	-1.478	-1.063	-0.44	-0.842	-1.237	-1.391	-0.215	-0.541	-0.131	-0.358	-2.225	-1.565	-1.573	-0.984	-1.38	-1.706	-4.77	-1.476	-2.022	-1.28	-1.43	-2.119	-2.043	-3.034	0.181	-0.434	-0.275	0.187	-0.601	0.378	-1.1775	-1.037	-0.82	-0.853	-0.655	0.113	-1.0005	-1.084
"YDR341C"	-0.947	-1.567	-1.156	-1.189	-1.645	-1.494	-0.658	-1.319	-1.207	-0.913	-3.559	-2.27	-1.763	-1.574	-1.681	-3.212	-5.262	-2.134	-2.942	-1.942	-2.263	-3.262	-3.294	-3.559	-0.68	-0.701	-0.347	-0.371	-1.411	-0.711	-1.562	-1.663	-1.444	-1.45	-1.573	-0.582	-1.891	-1.936
"YEL040W"	-0.999	-0.951	0.019	-0.186	-0.854	-1.291	-2.322	-0.262	-0.033	-0.242	-3.201	-3.812	-3.911	-4.238	-3.616	-3.786	-4.551	-3.347	-3.017	-4.461	-3.561	-3.111	-3.855	-3.066	-0.013	0.123	-0.204	0.702	-0.503	-0.413	-3.1215	-3.956	-2.468	-3.182	-4.01	-0.508	-1.8465	-2.646
"YEL042W"	-1.38	-1.661	-0.739	-1.276	-1.884	-1.862	-0.433	-0.816	-0.702	-1.392	-1.578	-0.84	-0.736	-1.264	-1.261	-3.201	-4.334	-1.329	-1.851	-1.705	-1.658	-1.896	-2.665	-3.071	-0.744	-0.12	-0.374	-0.364	-1.072	-0.726	-1.2195	-1.754	-1.366	-1.753	-1.736	-1.219	-0.998	-1.793
"YER043C"	-1.073	-1.519	-0.41	-1.034	-1.417	-1.897	-1.172	-0.957	-1.02	-0.795	-3.945	-1.445	-2.553	-2.767	-3.397	-4.78	-6.476	-3.096	-3.583	-3.174	-3.716	-3.31	-4.857	-4.918	-0.803	-0.419	-0.535	-0.14	-1.272	-0.932	-1.415	-2.015	-2.503	-2.487	-2.96	-0.837	-0.511	-3.094
"YER049W"	-2.706	-2.312	-0.945	-1.931	-2.247	-2.219	-0.877	-0.96	-0.57	-0.68	-2.916	-2.05	-1.562	-2.16	-1.746	-3.769	-4.541	-0.962	-3.216	-2.135	-2.046	-2.64	-3.518	-2.735	-0.14	-0.898	-1.051	-0.05	-1.249	-0.532	-1.47	-1.172	-1.33	-1.731	-1.734	-0.998	-1.058	-0.134
"YER103W"	6.403	4.997	4.232	6.844	7.074	7.18	0.753	3.233	6.117	4.03	2.096	1.272	1.436	2.309	2.01	0.489	-0.202	3.469	1.868	4.138	4.837	1.549	2.013	0.674	4.412	3.295	2.651	2.892	3.078	4.256	2.179	1.418	2.79	2.363	1.512	-0.383	4.083	3.552
"YGL097W"	-0.698	-0.924	-0.524	-0.879	-1.152	-1.251	-0.872	-0.588	-1.028	-0.011	-1.806	-1.291	-1.469	-1.88	-2.214	-3.311	-5.124	-1.338	-0.928	-0.786	-1.446	-1.203	-1.641	-1.241	-0.407	-0.513	-0.168	-0.07	-0.748	-0.179	-1.755	-0.972	-1.49	-0.766	-1.316	-0.338	-0.514	-1.439
"YGL195W"	-0.318	-0.824	-0.532	-0.5445	-0.528	-0.71	-0.985	-0.589	-0.2525	-0.469	-1.338	-1.0485	-0.5865	-0.955	-1.078	-1.5115	-3.33	-0.649	-2.169	-2.0895	-2.3115	-2.4845	-2.527	-2.439	0.108	0.1685	0.4345	-0.4955	-0.3235	-0.086	-0.5745	-1.9695	-2.7165	-2.333	-2.937	-0.846	-0.7955	-1.0155
"YGR061C"	0.178	-1.392	-1.071	-1.5125	-1.6835	-1.881	-0.907	-0.5385	-0.5825	-0.622	-1.1505	-1.4555	-1.0655	-1.003	-1.6865	-2.8345	-3.447	-1.048	-1.835	-1.7575	-1.891	-1.7885	-1.6345	-2.528	-0.204	-0.3885	-0.566	-0.4785	-1.081	-0.8945	0.329	-1.328	-1.454	-1.7425	-1.861	-0.046	0.253	-0.5985
"YGR094W"	-1.306	-2.002	-1.11	-1.322	-1.959	-2.156	-0.953	-0.937	-0.819	-1.28	-3.268	-2.215	-1.925	-2.093	-1.689	-4.521	NaN	-2.033	-3.175	-2.442	-2.85	-4.254	-4.392	-5.518	-0.483	-0.268	0.021	-0.302	-1.197	-0.307	-2.133	-2.594	-2.478	-2.327	-2.93	-0.726	-1.27	-1.562
"YGR185C"	-0.8605	-0.852	-0.835	-0.6275	-0.4115	-0.9665	-0.665	-0.5725	-0.608	-0.439	-3.192	-1.697	-1.31	-2.13	-2.168	-5.306	-6.361	-2.6	-2.754	-2.531	-2.944	-4.576	-4.871	-5.006	-0.37	-0.175	-0.072	0.056	-0.9955	-0.08	-2.438	-2.21	-2.316	-2.459	-2.363	-0.192	-1.044	-3.17
"YGR229C"	-1.1405	-0.791	0.195	-0.334	-0.5475	-0.9675	-0.267	-0.276	-0.207	0.116	-0.832	-0.57	-0.754	-1.164	-0.943	-2.847	-4.256	-1.987	-1.823	-1.569	-1.658	-2.401	-2.58	-3.391	0.28	0.025	0.286	0.314	-0.5415	0.584	-1.347	-1.255	-1.085	-1.061	-1.016	0.377	-0.918	-0.391
"YGR264C"	-1.599	-2.2015	-1.142	-1.728	-2.2555	-2.419	-1.489	-1.065	-0.823	-1.067	-3.787	-2.696	-3.156	-2.945	-3.206	-5.206	-4.616	-2.811	-3.897	-2.707	-3.468	-4.623	-4.957	-4.753	-0.719	-0.863	-0.77	-0.467	-1.1595	-0.687	-2.468	-2.246	-2.287	-2.376	-2.353	-1.144	-1.721	-3.556
"YGR265W"	-1.6145	-1.905	-1.0215	-1.8925	-2.17	-2.296	-1.25	-0.8935	-0.513	-1.061	-1.633	-2.361	-1.777	-2.017	-2.576	-2.202	-3.223	-1.703	-2.827	-2.395	-2.652	-2.824	-2.827	-2.343	-0.429	-0.63	-0.481	-0.604	-1.042	-0.49	-0.76	-1.65	-1.979	-2.026	-1.8	-0.989	0.586	-2.262
"YGR285C"	-1.162	-1.2065	-1.1715	-1.0655	-1.012	-1.4285	-1.082	-1.495	-1.078	-0.775	-3.959	-2.444	-1.794	-1.645	-1.67	-4.078	-6.1	-1.877	-3.556	-2.557	-2.811	-3.452	-4.07	-4.065	-0.812	-0.283	-0.178	0.071	-1.4295	-0.088	-2.068	-2.035	-2.466	-2.483	-3.514	-0.744	-1.816	-2.948
"YHR064C"	-0.676	-1.102	-0.715	-1.0925	-1.2935	-1.5555	-1.126	-1.62	-1.292	-0.994	-4.543	-2.196	-1.668	-1.77	-1.712	-3.329	-5.238	-2.559	-2.977	-1.754	-2.25	-2.957	-3.678	-3.675	-1.096	-0.309	-0.281	-0.169	-1.7365	-0.416	-2.056	-2.303	-1.252	-2.419	-2.332	-1.224	-1.825	-2.793
"YHR068W"	-0.981	-1.2965	-0.4015	-1.3575	-1.6155	-1.646	-1.125	-1.23	-0.728	-0.906	-3.316	-2.566	-2.251	-3.015	-2.166	-4.28	-6.532	-2.526	-2.945	-1.927	-2.429	-2.724	-3.669	-3.425	-0.78	-0.359	-0.382	-0.473	-1.4595	-0.672	-2.29	-2.522	-2.438	-2.761	-2.475	-0.795	-1.629	-2.437
"YHR216W"	-1.6175	-1.8525	-1.204	-1.571	-1.9425	-2.8755	-1.585	-1.653	-1.294	-1.664	-2.62	-2.056	-1.201	-1.128	-2.045	-3.15	-4.943	-3.038	-2.554	-2.088	-2.767	-2.237	-2.621	-2.913	-0.969	-0.38	-0.728	-0.355	-1.95	-0.692	-1.783	-3.09	-3.113	-3.341	-3.378	-1.656	-1.833	-2.109
"YIL078W"	-0.808	-1.524	-0.8605	-1.3535	-1.7065	-1.8365	-1.288	-1.347	-0.993	-1.543	-2.907	-2.075	-2.219	-2.498	-1.911	-5.192	-6.059	-2.5	-3.786	-2.436	-3.226	-4.41	-4.902	-4.944	-0.87	-0.45	-0.212	-0.274	-1.422	-0.495	-2.348	-2.573	-2.57	-2.6	-2.341	-0.622	-1.579	-3.116
"YJL080C"	-1.102	-1.1275	-1.3445	-1.1655	-1.2035	-1.63	-1.147	-0.873	-0.24	-0.888	-2.655	-2.64	-1.79	-1.719	-1.923	-3.029	-3.232	-1.545	-2.248	-2.293	-2.334	-2.401	-2.866	-3.001	-0.463	-0.09	0.286	-0.421	-0.7935	-0.317	-1.086	-2.775	-2.294	-0.748	-3.138	-0.767	NaN	-1.83
"YJR064W"	1.1545	-0.906	-0.229	-0.5995	-1.054	-1.305	-0.869	-0.13	-0.156	-0.108	-3.248	-2.118	-2.216	-1.854	-2.589	-1.931	-4.297	-1.978	-2.119	-1.592	-1.762	-1.961	-2.702	-2.57	0.586	-0.197	0.093	0.226	-0.4	0.03	-1.762	-1.091	-1.12	-0.872	-1.372	0.287	-0.643	-1.981
"YJR143C"	-0.9645	-1.8585	-0.9745	-1.283	-1.6305	-1.8185	-0.945	-1.328	-0.607	-1.129	-1.748	-1.012	-1.648	-1.487	-1.713	-4.675	-5.523	-2.573	-1.799	-1.986	-2.118	-3.335	-3.698	-3.382	-1.158	-0.289	-0.72	-0.82	-1.3065	-0.531	-1.896	-2.672	-2.162	-2.24	-2.832	-0.989	-1.529	-1.722
"YKL154W"	-0.868	-0.639	-0.17	-0.251	-0.477	-0.971	-0.144	0.031	0.106	-0.059	-1.585	-1.703	-1.327	-1.486	-1.312	-2.701	-3.89	-1.136	-2.099	-1.477	-1.447	-1.765	-2.132	-2.222	0.037	0.03	0.013	0.208	-0.165	0.233	-1.175	-0.82	-0.869	-1.107	-0.541	0.122	-0.316	-2.361
"YLR060W"	-0.453	-0.649	-0.405	-0.87	-1.031	-1.141	-1.157	-0.273	-0.552	-0.551	-3.165	-2.617	-2.296	-2.499	-2.849	-4.941	-5.967	-2.672	-2.773	-2.397	-2.667	-3.118	-3.713	-4.371	-0.471	-0.11	0.123	-0.019	-0.708	-0.147	-2.464	-1.72	-1.77	-1.452	-2.018	-0.589	-0.992	-2.734
"YLR065C"	-0.089	-0.763	-0.291	-0.254	-0.361	-0.348	-0.71	0.195	-0.157	-0.025	-1.734	-1.826	-1.638	-1.191	-1.341	-1.93	-3.028	-1.411	-1.44	-1.07	-1.137	-1.477	-1.554	-1.642	-0.307	0.005	-0.347	-0.156	-0.087	-0.141	-0.712	-0.544	-0.786	-0.69	-0.544	-0.076	-1.134	-0.712
"YLR083C"	-1.886	-2.035	-1.68	-1.6	-1.568	-2.248	-0.926	-1.173	-0.917	-1.582	-3.703	-2.067	-1.598	-2.021	-2.216	-3.767	-5.137	-0.41	-3.208	-2.031	-2.545	-2.29	-3.88	-3.36	-0.943	-0.756	-0.803	-0.946	-1.513	-0.924	-2.297	-2.339	-2.644	-3.016	-2.773	-1.283	-1.961	-3.186
"YLR197W"	-4.98	-4.044	-1.636	-3.638	-4.76	-5.179	-1.17	-1.737	-1.741	-1.659	-5.817	-3.612	-2.795	-2.789	-3.255	-4.736	-5.242	-3.258	-5.671	-3.067	-3.716	-4.423	-4.976	-5.033	-0.933	-1.497	-1.383	-0.496	-1.878	-0.809	-2.488	-3.052	-3.145	-3.099	-2.81	-2.075	-3.105	-4.983
"YLR198C"	-4.57	-4.694	-1.876	-3.371	-4.643	-4.805	-0.846	-1.561	-1.547	-1.785	-5.143	-2.989	-2.376	-2.064	-2.252	-3.745	-3.401	-2.998	-5.282	-3.21	-3.479	-3.841	-4.919	-4.589	-0.935	-1.379	-1.177	-0.315	-1.735	-0.856	-2.698	-2.706	-2.917	-3.086	-3.164	-2.332	-2.296	-2.271
"YLR293C"	-0.611	-1.037	-0.049	-0.839	-0.72	-1.135	-1.282	-0.547	-0.733	-0.595	-3.594	-2.185	-2.565	-2.207	-2.675	-3.488	-6.281	-2.233	-2.473	-1.45	-2.158	-2.379	-3.03	-3.186	-0.31	-0.2	-0.227	0.068	-0.733	-0.488	-2.235	-1.553	-1.559	-1.887	-1.39	-0.706	-0.934	-3.113
"YLR372W"	-2.207	-2.614	-1.206	-1.814	-2.438	-2.835	-0.988	-1.215	-1.266	-1.474	-4.565	-3.104	-2.432	-2.818	-3.001	-2.731	-4.512	-2.643	-4.078	-2.838	-3.773	-2.844	-3.456	-3.544	-1.08	-0.601	-1.157	-0.506	-1.259	-0.951	-2.188	-2.936	-3.227	-3.423	-3.184	-1.313	-2.933	-3.386
"YLR413W"	NaN	-4.035	-3.146	-3.749	-4.155	-3.973	-2.452	-2.422	-3.976	-1.972	-4.758	-4.864	-4.832	-4.874	-5.063	-5.414	-5.846	-3.034	-4.176	-4.358	-4.993	-4.2	-4.656	-4.874	-2.249	-2.593	-2.619	-0.867	-2.44	-2.613	-3.737	-3.83	-3.616	-3.594	-3.775	-2.009	-2.017	-4.298
"YLR432W"	-1.268	-2.203	-0.735	-1.608	-2.432	-3.062	-1.179	-1.625	-1.262	-1.667	-2.58	-2.16	-1.536	-1.818	-2.129	-3.532	-5.65	-3.15	-2.585	-1.997	-2.641	-1.934	-2.482	-3.034	-0.995	-0.56	-0.91	-0.461	-1.779	-0.889	-1.904	-3.131	-2.829	-3.119	-3.352	-1.891	-2.238	-3.491
"YLR449W"	-3.266	-2.903	-1.394	-3.009	-3.738	-3.97	-1.626	-1.046	-0.857	-0.874	-6.206	-3.515	-2.978	-2.79	-3.758	-5.497	NaN	-2.166	-3.782	-3.268	-3.547	-3.6	-4.626	-3.56	-0.502	-1.405	-1.23	-0.312	-1.572	-0.809	-2.199	-1.721	-2.386	-1.829	-2.664	-1.847	-2.406	-3.658
"YML022W"	-1.818	-2.392	-0.74	-2.188	-2.749	-2.982	-0.734	-1.023	-0.812	-1.39	-3.236	-1.772	-1.805	-1.985	-2.389	-3.146	-3.98	-2.096	-2.802	-2.266	-2.26	-2.846	-3.092	-3.144	-0.823	-0.49	-0.864	-0.385	-1.207	-0.939	-1.833	-2.249	-1.856	-1.993	-1.54	-1.773	-2.301	-1.063
"YMR307W"	-1.097	-1.382	-0.515	-1.236	-1.764	-1.803	-0.587	-1.358	-0.71	-1.3	-2.669	-1.341	-1.909	-3.74	-1.803	-5.132	-5.877	-3.284	-3.55	-2.493	-3.39	-4.432	-5.016	-4.56	-0.935	-0.534	-0.997	-0.707	-1.484	-0.723	-3.1665	-3.414	-3.754	-3.788	-4.475	-0.695	-3.324	-4.574
"YMR309C"	-2.218	-1.773	-0.81	-1.41	-2.53	-3.055	-0.707	-0.348	-0.338	-1.127	-3.127	-2.334	-1.851	-1.855	-1.52	-3.731	-3.516	-1.881	-3.374	-1.926	-2.303	-3.144	-3.173	-3.384	0.05	-0.506	-0.438	-0.027	-0.567	-0.442	-1.607	-2.067	-1.828	-1.969	-1.831	-1.138	-1.79	-3.723
"YNL247W"	-1.853	-1.793	-1.114	-2.202	-1.358	-2.268	-0.432	-1.11	-1.038	-0.894	-2.799	-1.535	-1.064	-1.822	-1.928	-3.191	-4.64	-2.13	-2.936	-1.899	-2.277	-2.658	-3.388	-2.515	-0.622	-0.214	-0.026	-0.011	-1.462	-0.224	-1.655	-1.822	-2.534	-2.379	-3.057	-0.801	-2.224	-3.771
"YOL097C"	-0.908	-1.899	-1.519	-1.737	-1.732	-1.845	-1.34	-0.981	-0.891	-0.617	-4.26	0.1345	-2.906	-0.4555	-2.768	-0.491	-6.314	-0.2345	-3.246	-2.609	-2.685	-3.398	-4.044	-4.151	-0.725	-0.549	-0.355	-0.072	-1.125	-0.398	-1.735	-2.391	-2.326	-2.14	-2.5	-0.788	-1.704	-2.626
"YOR169C"	-1.075	-1.116	-0.504	-1.489	-2.107	-2.074	-1.032	-0.241	0.0	-0.9	-1.8345	-1.974	-1.708	-1.534	-2.017	-1.656	-3.934	-2.0175	-2.535	-1.416	-1.758	-2.363	-2.16	-3.14	-0.026	-0.137	-0.119	-0.076	-0.683	-0.013	-1.574	-1.644	-1.208	-1.524	-1.275	-0.848	-0.671	-0.9
"YOR260W"	-1.101	-1.113	-0.306	-0.79	-1.147	-1.554	-0.503	-0.105	0.037	-0.397	-2.6835	-1.6535	-1.432	-1.6735	-1.833	-2.507	-4.639	-1.6575	-1.898	-1.513	-1.624	-2.257	-2.577	-3.081	0.435	-0.265	-0.173	0.075	-0.214	-0.034	-1.54	-0.98	-0.972	-1.183	-1.067	-0.29	0.559	-2.096
"YOR309C"	-4.991	-4.328	-2.537	-3.697	-5.523	-5.514	-1.663	-1.205	-1.204	-1.687	-6.798	-4.4185	-4.227	-3.75	-3.942	-4.234	-6.859	-3.8235	-5.839	-3.704	-4.353	-4.746	-5.449	-5.009	-0.615	-1.217	-1.094	-0.411	-1.4	-0.793	-3.451	-2.601	-2.983	-2.775	-3.093	-2.504	-3.165	-2.543
"YOR361C"	-0.726	-1.534	-1.132	-1.5615	-1.489	-2.4355	-0.5475	-1.8305	-0.4575	-1.0055	-1.94833333333333	-1.73166666666667	-1.54333333333333	-1.84133333333333	-2.513	-2.869	-2.21	-0.941666666666667	-2.3735	-2.3155	-1.899	-2.266	-1.977	-2.109	-0.155	-0.368	-0.2405	-0.2635	-0.747	-0.201	-2.009	-1.9175	-2.1945	-2.123	-2.254	-1.1565	0.045	-3.164
"YPL160W"	-1.6415	-1.5095	-0.541	-1.541	-1.989	-2.429	-1.226	-1.107	-0.59	-1.2135	-3.26033333333333	-2.28466666666667	-1.608	-1.47166666666667	-2.13233333333333	-3.08233333333333	-5.284	-2.11133333333333	-4.0365	-2.449	-2.824	-3.1695	-3.499	-2.977	-0.203	-0.0095	0.4135	-0.045	-1.148	-0.2105	-1.8045	-2.4615	-2.584	-2.827	-2.7275	-0.8585	-1.4455	-3.477
"YPR033C"	-1.47	-1.614	-0.967	-1.136	-1.452	-1.737	-0.59	-0.853	-0.742	-0.694	-2.7945	-1.8465	-1.908	-2.534	-2.142	-4.8805	-7.94	-2.759	-2.203	-2.096	-2.55	-3.951	-4.382	-4.54	-0.384	-0.185	-0.05	-0.099	-1.174	-0.27	-2.107	-2.213	-2.318	-2.374	-2.285	-0.646	-2.384	-2.1325
"YPR074C"	-0.747	-1.032	-0.573	-0.864	-1.267	-1.438	-1.655	-0.608	-0.277	-0.561	-3.2435	-2.5595	-2.134	-3.2975	-2.2945	-5.337	-5.42	-3.7185	-3.649	-2.351	-3.162	-3.369	-3.61	-3.663	-0.36	-0.02	-0.415	-0.32	-0.795	-0.717	-3.132	-3.257	-3.973	-3.946	-4.176	-1.071	-2.969	-4.473
