	"107.heat shock 10 min"	"108.heat shock 15 min"	"109.heat shock 20 min"	"115.heat shock 20 min repeat"	"116.heat shock 40 min"	"117.heat shock 60 min"	"118.heat shock 80 min"	"408.heat shock 29 to 37, 20 minutes"	"409.heat shock 25 to 37, 20 minutes"	"410.heat shock 21 to 37, 20 minutes"	"800.Heat Shock 015 minutes"	"801.Heat Shock 030inutes"	"831.1.5 mM diamide (20 min)"	"834.1.5 mM diamide (30 min)"	"854.YPD_6_h_30C"	"866.starv_in_H2O_0.5_h_30C"	"942.starv_in_H2O_1_h_30C"	"1107.alpha factor release sample025"	"4872.1M sorbitol - 60 min"	"7537.25C -- 45 min"	"7539.25C -- 90 min"	"12744.heat shock 17 to 37, 20 minutes"	"13061.wt/crz1 Ca 15min (1)"	"13062.wt/crz1 Ca 15min (2)"	"13063.wt/crz1 Ca 30min (1)"	"13064.wt/crz1 Ca 30min (2)"	"21632..24 mM H2O2- 250 minutes"	"32251.DBY8778_heat_shock2_5min"	"32253.DBY8778_heat_shock2_15min"	"32254.DBY8778_heat_shock2_30min"	"32255.DBY8778_heat_shock2_60min"	"33259.delKIN82_heat shock _15min"	"33261.delKIN82_heat shock _30min"	"33779.delYPL230w_stationary_phase_5hours"	"34876.S4Comp 07 hr 10 min Sulfate Batch vs Chemostat Comparison"	"42050.L1CompR 15 hr 00 min Leucine Batch vs Chemostat Comparison"
"YBL054W"	-3.133	-3.129	-2.127	-4.283	-1.275	-1.61	-1.479	-2.807	-3.35	-2.6	-3.15	-2.447	-1.038	-3.402	-3.427	-1.348	-2.433	0.219	0.152	-1.58	0.714	-3.299	-2.37	-3.158	-1.643	-1.159	-2.02	-2.823	-3.046	-2.156	-1.29	-2.111	-1.434	-2.298	0.898	-2.924
"YBR052C"	1.956	2.383	2.308	2.693	1.773	1.248	1.25	2.458	2.644	2.777	1.371	0.531	2.481	2.397	3.367	1.654	2.09	0.2225	-0.0485	-1.61	-0.806	2.858	0.602	0.717	0.662	0.88	-0.066	2.397	2.366	1.303	1.298	2.975	1.913	3.177	-0.068	-0.142
"YBR169C"	3.773	4.417	4.276	3.912	3.042	2.428	1.873	3.511	4.74	4.912	1.617	0.694	2.361	2.224	4.752	2.744	3.01	0.0745	0.299	-0.573	-1.449	4.295	-0.29	-0.149	-0.176	-0.001	1.819	4.798	5.386	4.062	2.945	4.19	3.293	5.374	-0.489	-1.725
"YBR266C"	-2.822	-3.764	-4.351	-3.869	-1.732	-1.154	-0.773	-2.532	-1.817	-3.376	-2.405	-1.202	-2.443	-1.853	-3.053	-1.681	-2.698	0.098	0.008	0.886	0.201	-4.774	-0.704	-0.753	-0.214	-0.267	-1.609	-3.626	-3.097	-1.986	-1.526	-2.716	-2.18	-3.048	0.075	-0.756
"YBR267W"	-2.82	-3.032	-2.733	-3.366	-2.397	-1.097	-0.736	-2.585	-2.932	-3.102	-1.915	-0.736	-2.116	-1.528	-2.923	-0.648	-2.854	0.123	-0.099	0.641	0.388	-4.409	-1.11	-0.3	-0.278	-0.096	-0.37	-1.837	-2.571	-2.002	-1.729	-2.562	-0.956	-3.123	0.044	-0.962
"YCL059C"	-1.314	-3.484	-4.56	-4.242	-2.249	-0.511	0.06	-3.611	-4.218	-3.675	-1.901	-2.662	-2.587	-2.904	-4.786	-1.244	-2.27	0.019	0.0035	1.23	0.758	-4.664	-0.324	-0.2	-0.797	-0.592	0.018	-2.026	-2.908	-2.614	-1.156	-4.103	-3.191	-4.436	0.187	-0.057
"YCLX02C"	-3.711	-4.024	-3.848	-3.119	-1.437	-0.691	-0.551	-2.69	-3.872	-3.655	-0.105	-1.179	-2.8	-2.263	-4.118	-1.644	-2.734	-0.097	0.0195	1.221	0.091	-4.225	-2.534	-0.897	-0.979	-0.698	1.55	-1.517	-2.679	-2.039	-1.187	-2.894	-1.963	-3.541	0.269	0.35
"YCR016W"	-1.772	-2.622	-2.305	-2.118	-1.458	-0.833	0.002	-2.019	-2.87	-2.734	-2.017	-1.327	-2.021	-1.836	-2.836	-1.147	-2.199	-0.056	-0.206	1.009	0.494	-2.836	-0.939	-0.656	-0.686	-0.223	NaN	-3.011	-2.302	-1.598	-1.082	-2.722	-1.756	-3.082	0.365	-0.666
"YDL031W"	-2.218	-2.88	-2.123	-2.3335	-1.2555	-0.545	-0.395	-2.1535	-2.805	-2.451	-1.2305	-0.459	-1.7075	-1.604	-2.5295	-1.2675	-2.234	0.019	0.1475	1.34	0.4315	-2.6385	-0.119	-0.387	-0.02	-0.187	-0.3	-2.448	-2.583	-1.757	-0.802	-1.283	-1.024	-2.16	0.596	0.108
"YDL051W"	-0.847	-2.35	-2.652	-2.784	-2.026	-0.534	-0.249	-2.447	-3.059	-3.066	-1.544	-1.316	-1.127	-1.688	-3.639	-1.571	-2.198	0.05	0.163	0.975	0.753	-3.388	0.047	-0.107	-0.148	-0.235	-0.578	-1.953	-2.805	-1.933	-0.581	-2.491	-1.644	-3.192	0.971	0.058
"YDL072C"	1.925	1.895	1.571	1.51	1.069	0.341	0.038	1.618	1.813	2.009	0.857	0.943	1.508	1.389	2.88	1.023	0.849	-0.134	-0.131	-0.935	0.06	1.938	0.156	0.277	0.09	-0.053	0.077	1.595	1.98	1.99	1.37	2.229	1.542	2.416	-0.029	0.185
"YDL151C"	-1.635	-2.551	-2.514	-2.268	-0.899	-0.666	-0.452	-1.124	-2.315	-2.527	-0.072	-0.485	-1.729	-1.549	-2.901	-1.479	-1.829	0.21	-0.237	-0.75	-0.251	-2.934	-0.451	-0.311	-0.375	-0.225	0.047	-0.758	-3.143	-0.5625	-0.378	-1.782	-0.7075	-0.8635	0.634	0.6905
"YDL153C"	-2.245	-4.549	-4.406	-4.333	-1.678	-0.517	-0.119	-3.047	-4.369	-3.668	-2.643	-2.224	-2.992	-2.998	-3.698	-1.052	-2.307	0.237	0.179	0.773	0.188	-4.079	-1.198	-1.624	-1.04	-1.003	-0.703	-1.446	-2.5	-2.189	-1.476	-1.85	-1.551	-5.47	0.203	0.177
"YDR060W"	-1.1235	-2.954	1.5995	-1.678	-1.29	-0.7195	-0.5135	-1.598	-1.5655	-1.223	-1.708	-0.7025	-1.552	-1.3885	-3.4175	-1.1555	-0.5845	-0.0235	-0.1345	-0.5385	0.5215	-2.5035	-0.8525	-0.7685	-0.6035	-0.641	-0.0995	-1.0675	-1.805	-1.373	-0.857	-1.9385	-0.875	-2.2405	0.1935	1.508
"YDR087C"	-2.034	-3.126	-4.331	-4.143	-1.477	-0.456	-0.35	-2.758	-3.643	-3.468	-1.886	-1.366	-2.287	-2.337	-4.139	-1.846	-2.528	0.061	0.311	0.193	0.132	-4.13	-0.029	0.193	-0.323	-0.154	0.176	-2.803	-3.928	-2.942	-1.399	-2.55	-1.348	-3.396	0.355	-1.21
"YDR096W"	2.159	2.715	2.302	2.372	0.979	0.015	0.18	2.281	2.565	2.549	1.175	0.349	1.717	1.407	3.784	2.071	2.127	-0.166	-0.062	-0.687	0.2	2.518	0.085	0.071	-0.342	-0.095	0.883	1.2685	1.2895	0.839	0.3495	0.7145	-0.019	1.286	-0.5835	0.884
"YDR120C"	-2.644	-3.186	-2.704	-2.84	-1.943	-0.626	-0.452	-2.699	-2.817	-2.359	-2.104	-1.036	-2.287	-2.025	-2.742	-1.864	-2.891	0.134	0.056	0.997	0.466	-2.159	-0.857	-1.003	-0.396	-0.344	-0.836	-3.238	-3.752	-2.621	-1.347	-2.093	-1.495	-2.616	0.685	1.366
"YDR165W"	-2.444	-3.154	-3.024	-2.85	-1.603	-0.594	-0.453	-2.419	-2.874	-2.762	-1.9	-0.962	-2.006	-1.752	-4.096	-1.82	-3.015	0.27	-0.044	0.918	0.372	-2.787	-0.2655	-0.313	-0.326	-0.335	-0.1565	-2.796	-3.068	-1.809	-1.222	-3.533	-1.545	-3.205	0.867	-0.569
"YDR184C"	-2.325	-3.745	-2.039	-3.004	-1.647	-0.28	0.197	-2.64	-3.408	-2.671	-1.575	-0.649	-2.056	-1.547	-3.504	-2.09	-1.444	0.107	0.004	0.898	0.055	-3.644	-1.173	-1.1045	-0.582	-0.532	-0.7735	-4.266	-3.588	-2.225	-0.801	-2.068	-0.715	-3.208	1.206	0.172
"YDR361C"	-2.014	-2.862	-3.79	-3.438	-1.872	-0.904	-0.483	-3.115	-3.356	-3.263	-2.556	-1.897	-2.149	-2.256	-3.61	-1.254	-2.072	0.0655	0.226	1.269	0.516	-3.92	0.151	0.154	0.149	0.024	0.24	NaN	-2.614	-2.362	-1.056	-3.229	-2.131	-3.998	0.686	-0.161
"YDR391C"	2.3	2.866	2.56	2.203	1.608	0.507	0.19	2.222	2.543	2.198	1.067	0.706	1.706	1.418	3.005	1.725	1.119	0.293	0.089	-0.489	-0.127	2.907	-0.31	-0.309	-0.581	-0.716	0.692	2.676	3.456	3.28	1.624	3.107	1.298	3.318	0.532	-1.335
"YER126C"	-2.129	-3.132	-5.661	-2.634	-1.396	-0.645	-0.487	-3.488	-4.626	-4.459	-2.724	-2.146	-2.571	-2.383	-4.455	-1.149	-2.355	0.197	0.385	0.701	0.469	-5.253	-1.345	-1.3555	-0.3275	-0.42	-0.377	-3.26	-5.806	-2.916	-0.975	-3.166	-1.501	-3.761	0.626	-0.156
"YGL104C"	1.66	2.468	1.887	2.115	1.462	0.473	0.138	1.766	2.107	1.882	1.12	1.04	1.182	1.088	2.984	1.607	1.559	-0.112	0.422	-1.302	-0.686	2.33	0.168	0.277	0.18	0.097	0.266	0.82	1.211	1.323	0.274	0.773	0.553	1.442	-0.432	-0.743
"YGL111W"	-1.886	-2.705	-2.012	-2.506	-1.189	-0.58	-0.325	-2.165	-2.854	-2.867	-2.19	-1.283	-1.882	-1.684	-3.668	-1.62	-2.085	0.18	0.038	0.329	0.159	-2.724	-0.505	-0.48	-0.209	-0.302	-0.245	-2.854	-3.188	-2.001	-1.053	-2.456	-0.795	-3.063	0.568	-0.213
"YGL120C"	-2.058	-3.316	-3.34	-3.231	-1.542	-0.47	-0.497	-3.301	-3.954	-3.877	-1.855	-1.357	-2.25	-1.851	-4.557	-2.298	-3.171	-0.116	0.0	0.824	0.261	-3.8	-0.521	-0.724	-0.537	-0.595	-0.093	-2.799	-3.466	-2.416	-1.313	-2.286	-1.291	-3.546	1.027	-0.693
"YGR019W"	2.0	3.016	2.962	2.8	2.157	2.285	1.983	2.58	3.009	2.976	0.672	1.008	2.254	2.049	4.045	2.112	2.14	-0.031	-0.189	-1.159	-0.997	2.898	0.578	0.57	0.721	0.531	0.111	1.242	1.815	1.689	1.878	2.326	2.222	3.364	0.684	-0.603
"YGR086C"	1.771	1.9	2.452	1.682	0.48	-0.087	-0.286	1.347	1.766	1.876	0.954	0.483	0.856	0.89	1.422	1.128	0.746	0.517	0.021	-0.197	0.332	2.105	0.328	0.498	0.123	0.114	-0.067	1.971	1.81	1.132	0.384	1.45	1.153	2.095	0.186	0.199
"YGR111W"	1.5195	1.7315	1.826	1.748	1.1335	0.8955	0.851	1.239	1.854	1.9695	0.809	0.86	1.217	1.107	2.76	1.046	1.33	-0.035	0.061	-0.907	-0.541	1.747	0.224	0.3695	0.1845	0.133	0.2085	0.961	1.723	1.253	0.788	1.256	1.454	2.046	0.28	0.501
"YGR127W"	1.8105	2.0945	1.8015	2.0255	0.702	0.734	0.4585	1.6685	2.161	2.077	0.939	0.453	1.326	1.017	2.335	1.819	1.786	0.014	-0.1	-0.305	-0.224	2.175	0.183	-0.0105	0.1725	0.2035	-0.069	1.948	3.264	1.572	0.708	2.493	1.631	2.788	-0.012	0.694
"YHR066W"	-2.6315	-3.7505	-3.058	-3.0515	-1.2655	-0.0495	-0.0095	-2.9815	-3.762	-3.552	-2.046	-1.254	-2.473	-2.073	-4.885	-2.064	-2.974	0.045	0.466	0.698	0.291	-4.347	-1.197	-1.076	-0.531	-0.545	-1.227	-2.551	-3.068	-1.906	-1.292	-2.219	-0.845	-2.382	0.878	1.117
"YHR070W"	-2.69	-2.474	-1.293	-2.0355	-1.0875	-0.536	-0.6055	-0.7915	-2.001	-1.843	-1.262	-0.152	-1.602	-1.157	-1.932	-0.604	-1.818	0.007	0.212	0.652	0.057	-2.7915	0.089	-0.381	-0.384	-0.313	0.201	-1.039	-1.695	-1.291	0.387	-0.278	-0.247	-1.42	0.366	0.43
"YHR104W"	4.5615	4.906	4.8105	4.6215	3.5845	2.534	2.2975	4.247	4.658	4.7775	1.524	0.58	2.864	2.908	3.691	1.183	1.606	-0.152	-0.098	-2.623	-1.802	5.319	0.179	-0.017	0.122	0.102	0.099	4.201	5.002	2.775	1.678	3.432	2.93	3.963	0.345	-0.24
"YIL019W"	-2.3275	-4.4845	-3.9755	-3.631	-1.9705	-0.443	0.1555	-3.3725	-2.9215	-2.461	-1.542	-0.281	-2.869	-2.382	-2.459	-1.533	-1.613	-0.06	0.446	0.558	0.093	-3.595	-0.64	-1.476	-0.076	-0.238	0.518	-2.769	-4.534	-3.09	-1.904	-3.039	-2.073	-4.006	0.495	-1.53
"YIL079C"	-3.893	-3.9025	-2.861	-2.136	-1.2875	-0.523	-0.237	-1.946	-2.453	-2.085	-1.472	-0.184	-1.541	-1.063	-3.035	-1.836	-1.772	0.454	0.259	-0.464	-0.194	-2.469	-1.157	-1.808	-0.461	-0.133	-0.272	-2.144	-2.469	-1.411	-1.026	-1.5	-1.264	-3.364	-0.148	NaN
"YIL124W"	2.0505	2.2175	2.2635	2.189	1.106	0.917	0.8485	1.694	2.2555	2.264	1.11	1.198	1.792	1.661	3.361	0.85	1.347	-0.129	0.023	-1.734	-0.242	2.3215	0.415	0.373	0.352	0.279	0.252	1.602	1.882	1.495	1.075	2.246	1.493	2.64	-0.495	0.498
"YIR039C"	2.385	3.633	3.4175	3.2675	2.509	1.529	1.164	2.848	3.293	3.373	1.139	1.491	1.82	1.637	4.648	2.236	1.581	-0.039	0.12	-0.379	-0.617	3.736	-0.03	-0.008	0.105	-0.09	0.81	1.152	2.835	2.607	1.407	2.541	1.974	4.051	0.093	0.643
"YJR002W"	-3.138	-3.52066666666667	-0.709666666666667	-2.819	-1.96566666666667	-0.841333333333333	-0.485666666666667	-2.21066666666667	-2.34	-3.20666666666667	-2.205	-1.103	-1.834	-1.98	-2.9885	-0.875	-2.066	-0.0945	-0.0345	1.0275	0.4815	-3.31866666666667	-0.319	-0.446	-0.3915	-0.5025	-1.0885	-2.667	-3.252	-2.36	-1.269	-2.97	-1.457	-2.426	0.046	1.409
"YJR070C"	-3.0685	-4.6905	-4.6305	-4.824	-1.8185	-0.525	-0.7825	-3.895	-4.828	-4.332	-3.794	-1.881	-2.536	-2.577	-5.317	-1.83	-3.471	0.112	-0.067	0.489	0.478	-4.7655	-0.369	-0.551	-0.254	-0.39	-1.183	-2.778	-3.81	-2.429	-1.002	-4.096	-1.614	-3.754	0.158	-0.057
"YKL009W"	-3.0175	-1.833	-3.1635	-3.58	-2.2705	-1.053	-0.6675	-3.253	-4.1895	-4.13	-2.745	-1.429	-2.089	-1.69	-5.997	-2.187	-3.144	0.31	0.251	1.385	0.889	-4.4285	-0.938	-0.81	-0.498	-0.471	-0.635	-3.974	-4.247	-2.782	-1.967	-3.549	-2.199	-4.823	0.355	-0.307
"YKL035W"	4.094	2.459	4.556	4.283	1.986	1.042	0.996	2.527	1.539	2.1225	1.944	0.816	3.083	2.966	3.076	1.778	0.904	0.087	0.304	-1.674	-0.156	4.293	0.52	0.644	0.729	0.337	0.823	3.778	3.568	2.265	1.148	3.371	1.539	3.697	-0.357	-0.474
"YKL065C"	1.437	1.8295	0.993	1.748	0.9805	0.2335	0.1275	1.8165	2.421	2.16	0.934	0.469	1.55	1.602	2.829	1.684	1.777	0.1	0.296	-0.412	0.261	2.257	-0.337	-0.209	-0.491	-0.413	0.421	1.424	2.334	1.825	0.748	1.738	1.118	1.89	0.053	-0.962
"YKL067W"	1.508	1.766	2.5435	1.662	0.9475	0.8515	0.545	1.4685	2.207	1.954	0.713	0.17	1.289	1.148	2.333	1.379	1.617	0.481	0.615	-1.003	0.283	2.22	0.235	0.227	-0.14	-0.162	-0.102	1.017	1.618	0.898	1.047	2.252	1.222	3.108	-0.622	-0.294
"YKL091C"	3.351	4.009	3.776	3.851	2.35	1.209	1.116	2.683	3.567	3.623	1.543	0.925	2.351	2.383	5.27	3.109	3.432	-0.192	-0.031	-1.493	-0.901	3.699	0.241	0.284	0.363	0.208	0.288	2.005	3.205	2.553	0.921	2.597	1.576	4.146	0.191	-0.256
"YKL099C"	-2.757	-4.464	-4.014	-3.88	-1.863	-0.851	-0.266	-2.796	-3.564	-3.037	-3.158	-2.145	-2.672	-2.33	-4.145	-2.094	-2.585	0.088	0.19	0.707	0.457	-3.926	-0.966	-0.772	-0.571	-0.534	-1.339	-3.154	NaN	-2.909	-1.64	-2.722	-1.825	-3.486	-0.417	-0.161
"YKL150W"	2.809	2.913	3.192	3.05	1.553	0.969	1.177	2.55	3.068	2.915	1.401	0.461	2.049	1.842	3.989	1.844	1.457	-0.008	0.074	-0.857	0.225	2.857	0.521	0.377	0.795	0.732	0.714	1.699	2.259	1.645	0.99	2.22	1.108	4.12	-0.878	-0.258
"YKL181W"	-1.261	-2.313	-2.329	NaN	NaN	NaN	0.585	-2.149	-2.822	-2.81	-1.73	-0.864	-1.655	-1.54	-3.28	-1.838	-2.604	0.2	-0.212	0.965	1.037	-2.802	-0.356	-0.364	-0.274	-0.227	-0.669	-1.865	-2.543	-1.721	-0.975	-3.042	-1.631	-2.308	0.244	-1.198
"YKL191W"	-2.053	-2.458	-2.453	-2.92	-0.729	-0.441	-0.471	-2.358	-2.347	-1.981	-2.122	-1.102	-2.463	-2.032	-2.611	-0.68	-2.195	-0.097	0.032	0.158	0.462	-2.641	-0.46	-0.648	-0.665	-0.498	-0.207	-2.763	-2.759	-2.339	-1.095	-1.793	-0.893	-2.326	0.068	-0.464
"YKR011C"	2.771	2.754	3.134	3.114	1.518	1.423	1.36	2.849	3.092	2.411	1.388	0.586	2.145	2.022	2.562	2.381	2.063	-0.309	-0.304	-0.92	-0.74	2.868	-0.008	0.088	0.253	0.25	1.08	2.879	2.828	2.342	1.769	2.451	1.896	2.508	-0.749	-0.379
"YKR056W"	-3.646	-4.01	-3.863	-3.872	-1.682	-1.103	-0.838	-2.945	-3.217	-3.127	-2.566	-1.123	-2.718	-2.101	-4.495	-2.076	-2.379	0.009	-0.129	1.027	0.529	-3.682	-0.134	-0.828	-0.608	-0.257	1.573	-1.97	-2.586	-2.146	-1.597	-2.061	-1.311	-3.056	0.21	-1.088
"YKR060W"	-2.456	-2.755	-2.342	-2.43	-1.475	-0.599	-0.124	-1.512	-2.593	-2.337	-1.645	-0.828	-1.758	-1.31	-3.243	-1.793	-2.014	0.175	-0.05	0.495	0.084	-2.833	-0.549	-0.204	-0.277	-0.285	1.468	-1.167	-0.972	0.401	-0.513	-1.669	-1.073	-2.055	-0.121	-0.76
"YKR079C"	-3.178	-2.885	-2.267	-1.975	-0.647	-0.488	-0.357	-0.634	-2.343	-2.07	-1.959	0.29	-1.323	-1.096	-2.353	-1.774	-1.828	-0.078	0.031	0.877	0.153	-2.674	-0.249	-0.42	-0.435	-0.467	NaN	-1.181	-1.462	-0.736	-0.127	-1.006	-0.616	-1.361	0.321	1.002
"YLR051C"	0.016	-1.956	NaN	-1.549	-1.172	-0.302	0.148	-1.676	-2.137	-2.331	-1.196	-0.943	-1.66	-1.398	-2.92	-1.608	-1.169	0.055	0.15	0.159	-0.252	-2.127	-0.411	-0.588	-0.258	-0.265	0.278	-1.927	-2.014	-1.231	-0.711	-1.499	-1.499	-2.885	-0.102	-1.091
"YLR129W"	-4.191	-4.096	-2.921	-3.022	-1.526	-0.593	-0.27	-2.347	-3.676	-3.658	-3.455	-1.525	-2.548	-1.12	-4.83	-1.898	-3.12	-0.04	0.139	0.917	0.456	-4.108	0.192	-0.57	-0.534	-0.228	-0.465	-4.157	-4.374	-2.07	-0.673	-3.858	-1.404	-4.119	-0.021	0.071
"YLR197W"	-3.755	-4.98	-4.31	-4.044	-2.606	-1.26	-0.818	-3.638	-4.76	-5.179	-3.466	-2.02	-2.263	-2.63	-5.817	-1.811	-3.899	0.069	0.131	1.415	0.956	-5.072	-0.871	-1.0	-0.479	-0.371	-0.742	-2.322	-4.496	-2.603	-0.567	-4.151	-1.612	-4.545	0.486	0.094
"YLR221C"	-1.904	-3.146	-2.525	-2.286	NaN	-0.729	-0.194	-2.172	-2.998	-2.528	-1.949	-1.359	-2.179	-1.971	-2.998	-1.374	-1.591	0.127	0.144	0.792	0.421	-3.231	-0.721	-0.435	-0.298	-0.139	-0.962	-2.169	-3.034	-2.382	-1.054	-2.79	-1.899	-3.361	0.149	-0.407
"YLR249W"	-2.069	-2.818	-3.81	-3.122	-1.868	-0.962	-0.88	-3.317	-4.232	-4.758	-1.851	-2.299	-2.133	-2.746	-6.529	-1.486	-3.879	0.174	0.257	1.274	1.409	-4.59	-0.204	-0.386	0.139	-0.092	-2.065	-1.759	-3.998	-2.239	-0.871	-4.627	-1.47	-5.085	-0.608	0.837
"YLR400W"	-2.423	-2.37	-2.815	-2.461	-1.118	-0.422	-0.69	-2.663	-2.832	-2.585	-2.186	-0.745	-1.459	-1.046	-1.932	-0.683	-1.336	-0.187	-0.008	-0.097	0.051	-2.708	-0.993	-0.493	-0.286	0.173	0.457	-1.73	-1.734	-1.862	-1.123	-0.656	-0.76	-1.727	0.168	0.323
"YLR401C"	-4.37	-3.667	-3.155	-2.889	-0.878	0.268	-0.759	-2.202	-3.179	-2.451	-2.502	-1.138	-2.074	-1.786	-3.761	-0.451	-2.484	0.06	0.252	0.846	0.257	-3.769	-0.608	-0.702	-0.54	-0.394	-0.959	-4.107	-4.366	-2.033	-1.034	-2.208	-0.772	-2.921	1.008	-0.38
"YLR409C"	-4.088	NaN	-3.474	-3.176	-1.59	-0.818	-0.668	-2.574	-3.696	-3.852	-3.427	-1.406	-2.715	-2.325	-4.402	-1.551	-2.308	0.054	0.013	0.851	0.263	-4.473	0.029	-0.402	-0.181	-0.062	0.289	-3.152	-2.812	-1.603	-1.405	-2.584	-1.453	-3.231	0.222	1.151
"YLR413W"	-3.86	NaN	-4.323	-4.035	-2.22	-1.2	-0.838	-3.749	-4.155	-3.973	-2.81	-2.508	-3.16	-2.894	-4.758	-2.534	-3.237	0.041	0.009	1.267	-0.638	-3.69	-0.545	-0.324	0.449	0.409	-0.693	-3.149	-3.773	-3.526	-2.001	-3.616	-3.966	-4.449	-0.324	0.749
"YLR449W"	-1.748	-3.266	-3.157	-2.903	-1.724	-0.561	-0.672	-3.009	-3.738	-3.97	-1.984	-1.719	-2.105	-2.712	-6.206	-0.65	-2.597	0.054	0.26	1.262	0.888	-4.241	-0.415	-0.458	-0.544	-0.416	-0.431	-3.053	-5.408	-2.249	-1.224	-2.699	-1.152	-4.694	0.989	-0.899
"YML056C"	-2.994	-3.762	-3.147	-3.158	-1.618	-1.19	-1.127	-3.16	-2.963	-3.376	-2.066	-0.905	-1.642	-2.244	-3.967	-2.232	-3.243	NaN	-0.123	0.574	1.102	-3.776	-0.283	-0.553	-0.292	-0.44	-1.293	-3.063	-4.017	-2.736	-1.258	-2.625	-2.294	-4.322	0.964	1.852
"YML093W"	-3.602	-4.507	2.565	-2.615	-1.452	-0.446	-0.029	-2.741	-3.357	-3.472	-2.92	-0.908	-2.686	-2.477	-4.947	-1.661	-2.797	-0.227	0.305	1.375	0.635	-3.703	-0.757	-0.553	-0.522	-0.517	-0.905	-3.959	-7.708	-2.717	-1.858	-3.619	-1.984	-4.548	-0.034	0.726
"YMR131C"	-3.068	-4.819	-4.67	-4.183	-2.431	-1.0	-0.71	-3.849	-4.525	-4.347	-3.041	-2.233	-2.255	-2.188	-5.631	-2.016	-3.547	-0.125	-0.015	0.569	0.374	-4.674	-0.998	-0.906	-0.458	-0.416	-0.687	-2.123	-3.866	-3.136	-1.519	-3.736	-2.16	-4.181	0.545	1.074
"YMR217W"	-1.41	-2.517	-3.361	-3.444	NaN	-0.95	-0.748	-2.705	-2.964	-3.238	-1.424	-2.574	-2.637	-3.402	-5.293	-1.026	-3.48	0.087	0.291	1.18	1.078	-3.402	-0.272	-0.144	-0.356	-0.463	-1.656	-1.727	-4.738	-3.101	-0.862	-3.741	-2.564	-4.222	0.139	1.666
"YMR229C"	-2.019	-1.7005	-5.189	-2.7485	-0.8405	-0.497	0.505	-4.6555	-3.288	-4.5955	-3.6885	-2.871	-2.6545	-3.944	-6.1495	-1.395	-2.914	-0.0255	0.0125	2.198	1.145	-4.3425	-0.0105	-0.02	-0.299	-0.2225	-0.4255	-3.328	-4.271	-3.0895	-1.5985	-3.375	-2.468	-3.9575	0.613	1.01
"YMR246W"	-1.824	-2.764	-3.006	-3.075	-1.364	-0.114	-0.135	-2.728	-3.131	-2.12	-1.565	-2.585	-2.255	-2.159	-4.244	-1.214	-1.299	0.118	0.233	0.524	-1.07	-2.601	-0.14	-0.118	-0.361	-0.102	-1.69	-2.005	-2.96	-2.994	-0.899	-2.791	-2.451	-3.802	-0.091	-0.084
"YMR290C"	-2.333	-3.64	-3.112	-3.689	-2.627	-0.988	-1.127	-2.957	-3.89	-3.624	-2.19	-2.197	-2.545	-2.5	-5.132	-3.017	-3.243	0.132	-0.092	1.629	1.055	-4.129	-0.295	-0.501	-0.263	-0.428	-0.618	-3.16	-4.343	-3.775	-1.826	-3.98	-3.156	-4.544	0.885	1.432
"YMR310C"	-3.178	-3.117	-3.003	-2.423	-1.416	-1.055	-0.863	-2.264	-2.522	-1.974	-2.195	-0.083	-1.727	-1.738	-2.999	-1.944	-2.25	-0.014	0.2	0.7	0.332	-2.882	-0.207	-0.325	-0.033	-0.176	-0.578	-2.869	-2.857	-1.577	-0.888	-2.977	-1.757	-3.588	0.137	0.007
"YNL002C"	-3.547	-4.666	-4.12	-4.07	-1.784	-0.971	-0.611	-3.305	-4.559	-4.222	-3.653	-2.167	-2.627	-2.564	-5.196	-1.894	-3.072	-0.152	-0.059	0.982	0.499	-4.603	-0.991	-0.894	-0.229	-0.401	-1.852	-3.249	-3.481	-2.594	-1.228	-3.245	-1.514	-4.466	0.577	0.69
"YNL061W"	-3.447	-4.928	-4.17	-3.927	-1.543	-0.686	-0.819	-4.143	-4.404	-3.948	-2.724	-1.446	-2.673	-2.373	-4.329	-1.459	-2.519	0.12	-0.042	1.303	0.673	-5.38	-0.494	-0.795	-0.557	-0.357	-0.427	-3.059	-3.925	-2.946	-1.676	-2.461	-0.996	-2.571	-0.387	-0.646
"YNL075W"	-2.664	-3.86	-2.098	-3.164	-2.073	-0.642	-0.532	-2.558	-3.304	-2.768	-2.359	-0.99	-2.078	-1.5	-4.782	-2.131	-3.095	-0.096	-0.203	0.927	0.416	-3.301	-0.749	-0.732	-0.489	-0.492	-1.254	-3.326	-2.935	-2.361	-1.615	-2.748	-1.298	-3.779	0.103	0.428
"YNL110C"	-3.468	-4.43	-5.407	-3.64	-2.443	-0.902	-0.211	-3.768	-4.56	-4.991	-3.311	-2.2	-2.66	-2.463	-5.108	-1.55	-2.565	-0.179	-0.088	1.102	0.542	-5.064	-0.998	-0.848	-0.493	-0.309	-1.308	-4.233	-4.907	-3.471	-1.921	-3.973	-2.537	-4.747	-0.246	0.743
"YNL200C"	3.958	4.143	4.374	3.376	3.204	1.312	1.242	3.17	3.269	3.585	0.997	0.916	1.816	2.286	4.582	2.013	2.15	-0.028	0.018	-2.417	-1.154	4.124	0.415	0.493	0.353	0.23	0.967	1.446	1.738	1.505	1.568	2.293	1.2	4.527	-1.956	0.691
"YNL248C"	-4.024	-4.791	-4.364	-4.315	-1.698	-1.219	-1.11	-3.398	-4.455	-4.373	-3.395	-1.793	-2.425	-2.173	-5.716	-2.168	-3.866	0.19	0.124	1.25	0.583	-4.868	-0.788	-0.839	-0.452	-0.461	-1.065	-3.442	NaN	-2.886	-1.415	-5.118	-2.214	-6.193	0.949	1.86
"YNL308C"	-3.076	-3.929	-2.764	-1.689	-0.755	-2.301	-0.191	-2.757	-3.366	-3.336	-2.488	-1.947	-3.186	-2.995	-4.351	-1.539	-2.614	-0.06	0.145	0.659	0.07	-3.272	-1.177	-0.948	-0.531	-0.541	0.204	-4.501	-4.586	-2.561	-1.77	-1.77	-0.731	-3.307	0.109	-0.815
"YNR003C"	-1.515	-2.607	-2.418	-2.109	-1.911	0.252	0.428	-2.322	-0.339	-2.07	-0.0355	-0.2635	-1.731	-1.566	-1.3085	-0.7455	-1.467	-0.072	0.035	0.088	0.137	-2.321	-0.697	-0.553	-0.837	-0.684	-0.204	-2.305	-3.409	-2.475	-1.049	-2.457	-1.986	-3.32	0.09	-0.584
"YNR054C"	-2.316	-3.072	-1.505	-1.849	-0.719	-0.03	0.057	-2.561	-3.745	-2.256	-0.952	-0.1965	-1.723	-1.964	-1.6465	-0.9285	-1.1455	-0.14	-0.094	0.624	0.237	-3.271	-0.183	-0.499	-0.354	-0.218	0.784	-2.435	-3.275	-1.802	-0.633	-2.06	-1.229	-2.609	0.212	-0.559
"YOL022C"	-1.069	-2.578	-1.943	-2.43	-1.397	-0.366	-0.231	-2.344	-2.29	-2.301	-0.652	-0.485	-1.744	-1.669	-1.8955	-1.084	-2.0495	0.134	0.076	0.569	0.152	-2.13	-0.184	-0.174	-0.164	-0.179	-1.057	-1.956	-2.882	-2.184	-0.959	-3.424	-1.09	-2.775	0.508	0.289
"YOL077C"	-4.404	-5.439	-5.781	-5.04	-2.828	-1.344	-0.859	-4.336	-5.22	-4.28	-1.4925	-1.0455	-2.83	-2.938	-5.186	-2.01	-4.174	0.035	-0.102	1.214	0.786	-4.7	-0.92	-0.836	-0.43	-0.368	-0.727	-4.174	-4.969	-3.866	-1.991	-4.679	-2.579	-5.145	0.433	0.772
"YOR056C"	-1.938	-3.307	-2.372	-2.801	-2.135	-0.411	-0.296	-2.448	-3.069	-2.663	-0.9735	-0.749	-2.064	-1.063	-2.513	-0.1275	-1.2525	-0.172	-0.097	0.758	0.313	-3.073	-0.224	-0.322	-0.223	-0.377	-0.919	-5.369	-3.941	-2.675	-1.718	-2.79	-2.172	-3.046	0.061	-0.152
"YOR078W"	-1.712	-2.451	-1.472	-1.56	-1.277	-0.156	0.359	-1.619	-2.067	-1.907	-0.623	-0.71	-1.545	-1.407	-1.1635	0.5345	-2.266	-0.113	-0.193	0.561	-0.017	-2.101	-0.55	-0.429	-0.308	-0.119	0.243	-2.387	-2.616	-1.966	-0.78	-1.889	-1.349	-3.288	-0.055	-0.741
"YOR145C"	-3.045	-3.98	-3.649	-3.795	-1.872	-0.609	-0.281	-2.871	-3.492	-3.402	-2.2695	-1.2125	-2.441	-1.805	-4.1305	-2.307	-2.7235	-0.002	-0.001	0.499	0.337	-3.948	-0.661	-0.564	-0.065	-0.281	-0.416	-3.355	-3.644	-2.806	-1.565	-3.265	-1.728	-4.493	0.087	-0.567
"YOR146W"	-2.407	-3.231	-2.16	-2.681	-1.165	-0.394	-0.558	-3.597	-3.42	-3.036	-2.036	0.1505	-2.093	-1.987	-3.402	-2.1935	-2.648	-0.123	0.047	0.487	0.34	-4.259	-0.986	-0.479	-0.466	-0.196	0.719	-2.045	-2.594	-1.898	-0.755	-2.065	-0.837	-2.731	0.007	0.619
"YOR294W"	-3.856	-4.574	-3.533	-3.828	-2.336	-1.101	-0.806	-3.73	-4.407	-3.632	-3.3475	-1.7325	-2.434	-2.234	-5.6475	-2.5155	-3.318	-0.101	-0.128	1.379	0.564	-4.852	-1.136	-1.186	-0.318	-0.229	-0.405	-3.894	-4.841	-3.679	-1.729	-3.042	-2.462	-5.145	0.072	-0.115
"YPL043W"	-2.829	-4.246	-2.686	-4.0	-1.47	-1.37	-0.895	-3.773	-4.198	-4.087	-3.299	-1.78	-2.529	-2.671	-4.668	-2.2635	-3.157	-0.013	-0.112	1.549	0.996	-4.555	-1.093	0.656	-0.315	-0.57	-0.04	-4.18	-3.988	-2.531	-1.874	-2.639	-1.991	-4.308	0.281	0.454
"YPL217C"	-0.852	-1.633	NaN	-2.005	-1.757	-0.618	-0.93	-2.415	-2.455	-2.31	-1.25	-1.73	-2.068	-2.5535	-2.811	-1.8745	-1.292	-0.221	-0.31	-0.97	1.206	-2.216	-0.537	-0.286	-0.443	-0.555	-0.875	-2.127	-3.061	-1.866	-1.131	-3.505	-1.134	-4.002	0.539	-1.214
"YPL230W"	3.82	4.974	4.291	4.618	2.145	1.822	1.429	3.373	4.328	4.009	1.771	0.9355	2.942	2.621	5.7835	3.777	4.669	0.091	-0.203	-0.246	-0.58	4.608	-0.134	-0.059	-0.006	-0.123	0.932	1.959	2.809	2.428	1.119	1.71	0.992	-1.432	-1.078	-1.691
"YPL266W"	-2.487	-3.981	-2.802	-3.222	-1.605	-0.686	-0.29	-2.968	-3.585	-3.063	-2.4965	-0.9915	-1.9705	-1.846	-4.1135	-1.4815	-3.267	0.045	0.11	0.675	0.398	-3.636	-0.113	-0.132	-0.167	-0.488	-0.398	-3.195	-4.813	-2.51	-0.711	-2.945	-1.846	-4.271	0.368	0.115
"YPR026W"	3.07	3.227	2.669	2.768	2.131	1.429	-1.206	2.524	2.731	3.044	1.1225	1.0805	1.4505	1.0415	3.8095	2.0895	1.8575	-0.304	-0.175	-0.772	-0.274	3.704	0.071	-0.07	0.074	-0.023	0.457	0.855	1.5115	1.341	0.862	0.3295	0.75	1.9425	0.0675	0.503333333333333
"YPR142C"	-2.213	-3.13	-2.544	-2.475	-1.287	-0.629	-0.272	-1.934	-3.21	-3.322	-1.2285	-1.2965	-2.19	-1.8545	-2.3555	-1.607	-2.0655	-0.301	-0.076	0.842	0.255	-3.649	-0.503	-0.666	-0.393	-0.3	1.213	-1.675	-1.951	-0.888	-1.461	-1.608	-1.157	-1.825	-0.282	0.43
"YPR144C"	-1.792	-4.441	-3.739	-4.211	-1.224	-0.758	-0.695	-2.783	-3.783	-3.366	-2.613	-1.378	-2.554	-1.9485	-3.855	-1.3485	-2.0425	0.04	0.207	0.503	0.157	-4.107	-0.158	-0.929	-0.402	-0.335	-0.277	-3.581	-3.213	-2.381	-1.442	-2.677	-1.688	-3.937	0.721	-0.602
"YPR163C"	-1.554	-2.552	-2.883	-2.832	-1.926	-0.729	-0.613	-2.415	-3.276	-3.939	-1.9175	-1.3005	-1.102	-1.6565	-3.6815	-0.8095	-2.5635	-0.189	-0.06	1.056	0.853	-3.572	-0.311	-0.101	-0.048	-0.291	-1.186	-2.218	-3.015	-1.939	-1.454	-2.373	-1.136	-3.575	0.457	0.696
