	"686.YP ethanol vs reference pool"	"781.Heat Shock 000 minutes (series 2)"	"854.YPD_6_h_30C"	"858.YPD_1_d_30C"	"859.YPD_2_d_30C"	"860.YPD_3_d_30C"	"861.YPD_5_d_30C"	"942.starv_in_H2O_1_h_30C"	"944.starv_in_H2O_4_h_30C"	"945.starv_in_H2O_6_h_30C"	"1012.YPD 12 h (25C)"	"1014.YPD 2 d (25C)"	"1015.YPD 3 d (25C)"	"1016.YPD 5 d (25C)"	"1017.YPD 7 d (25C)"	"1018.YPD 13 d (25C)"	"2554.Hypo-osmotic shock -15 minutes"	"2556.Hypo-osmotic shock - 45 minutes"	"2557.Hypo-osmotic shock - 60 minutes"	"4872.1M sorbitol - 60 min"	"6344.DES460 + 0.02% MMS - 5 min"	"6824.Sporulation t0"	"7547.33C no sorbitol 30 min"	"8195.steady state 21 dec C"	"8197.steady state 25 dec C"	"8227.dtt 000 min"	"8228.dtt 015 min"	"11466.yO1 test hyb"	"13059.wt/crz1 Na 45min (1)"	"13060.wt/crz1 Na 45min (2)"	"16514.DES genomic DNA vs. MHY26 (dun1) genomic DNA (correct version)"	"40951.H2O2_II_49_min"	"40952.H2O2_II_56_min"	"40953.H2O2_II_63_min"	"40954.H2O2_II_70_min"	"40973.MD_II_100_min"	"40974.MD_II_120_min"	"40976.MD_II_140_min"
"YBL022C"	-0.155666666666667	-0.494	0.45	0.9165	-0.337	-1.108	-2.268	0.037	-0.3795	-0.765	-0.114	-0.249666666666667	-0.176666666666667	-0.543333333333333	-1.36966666666667	-2.08366666666667	0.387	0.242	0.205	-0.444666666666667	0.23	-0.098	0.677	0.0075	0.072	-0.309	-0.175	-0.2235	-0.4465	-0.383	-0.1315	0.281	0.402	0.142	0.6275	-0.8155	-0.5895	-0.4725
"YBL024W"	-1.0245	1.103	-3.938	-2.175	-2.483	-4.671	-4.879	-2.493	-2.114	-2.409	-3.8255	-2.147	-2.6055	-3.4875	-3.5465	-3.993	0.238	0.185	0.111	0.065	-0.062	0.091	-0.079	0.376	0.383	0.506	0.612	-2.18	-0.008	0.125	0.068	-3.035	-2.505	-2.409	-1.682	-2.199	-2.319	-0.376
"YBL039C"	-1.2325	1.424	-3.74	-2.908	-3.004	-4.323	-7.004	-2.736	-2.386	-2.176	-4.7305	-3.4265	-3.9535	-3.7495	-4.251	-3.5775	1.259	1.1	0.796	-0.0805	-0.72	0.234	0.63	0.408	0.659	1.237	1.247	-2.958	0.262	0.375	0.243	-2.849	-2.843	-2.983	-2.523	-1.51	-0.686	-0.713
"YBL056W"	-0.401	0.063	1.053	-1.107	-1.5	-2.142	-4.006	-0.201	-0.72	-1.127	0.669	-0.2685	-0.4785	-1.057	-1.563	-1.749	0.064	0.024	0.023	-0.042	0.142	0.071	-0.216	0.007	-0.039	0.219	0.046	-0.785	0.021	0.022	0.236	-0.643	-1.302	-1.191	-0.388	-0.96	-1.257	0.19
"YBL072C"	-0.9405	1.377	-3.835	-2.486	-3.041	-3.192	-6.241	-3.06	-3.188	-3.091	-4.1825	-2.5425	-2.5865	-2.5245	-3.2065	-4.2	0.293	0.447	0.343	0.611	0.31	0.337	-0.04	0.617	0.505	1.154	1.008	-2.524	0.435	0.389	0.223	-1.46	-2.127	-2.734	-1.774	-2.113	-1.434	-1.814
"YBL077W"	-1.134	0.519	-3.41	-2.021	-1.176	-3.136	-5.081	-2.763	-2.607	-2.667	-2.792	-2.0335	-2.345	-2.816	-3.3595	-3.1945	0.345	0.342	0.394	0.0635	-0.095	0.038	0.078	0.138	0.188	0.663	0.717	-1.547	0.18	0.178	-0.257	-1.252	-0.85	-1.17	-0.558	-1.725	-1.036	-2.135
"YBL092W"	-1.263	0.97	-3.458	-2.138	-2.929	-2.896	-5.158	-3.0	-2.665	-2.635	-3.5865	-2.153	-2.4445	-1.726	-2.74	-2.8475	0.428	0.469	0.533	0.097	0.16	-0.107	0.084	1.098	0.622	0.866	1.055	-1.555	0.048	0.001	0.083	-0.956	-1.304	-1.559	-1.552	-1.252	-0.554	-1.126
"YBR025C"	-1.198	0.528	-1.923	-1.226	-1.651	-1.66	-5.106	-2.15	-1.624	-1.697	-2.6785	-0.5885	-0.66	-2.141	-2.9345	-3.783	0.015	0.178	0.428	-0.1385	0.053	0.346	-0.001	0.344	0.609	0.779	0.746	-1.365	0.372	0.438	-0.327	-1.52	-1.414	-1.101	-1.7	-1.77	-1.32	-1.688
"YBR084W"	-1.4615	0.888	-4.143	-2.908	-4.006	-4.365	-5.362	-2.317	-1.44	-1.534	-2.3585	-1.9025	-2.592	-1.934	-2.75	-2.725	0.406	0.845	0.606	-0.015	-0.166	-0.442	0.289	-0.382	0.227	0.522	0.565	-2.65	0.223	0.198	-0.019	-3.082	-3.886	-2.886	-2.974	-2.018	-2.601	-3.139
"YBR102C"	-0.0815	0.1	-0.665	0.012	0.345	-1.384	-2.397	-0.15	0.105	-0.264	-0.3855	-0.0095	0.087	-0.782	-1.226	-1.509	0.137	-0.006	-0.046	0.186	0.011	0.08	-0.047	0.154	0.0	-0.025	0.029	-0.204	-0.291	-0.195	0.206	-0.356	0.751	0.129	0.635	1.242	0.725	0.998
"YBR121C"	-1.014	0.701	-2.66	-2.186	-2.714	-4.037	-5.791	-2.317	-2.366	-2.465	-3.2385	-2.416	-3.155	-4.1355	-4.173	-4.5985	0.271	0.324	0.381	-0.1215	0.03	0.328	-0.155	0.204	0.182	0.425	0.178	-2.249	-0.124	-0.147	0.06	-1.638	-2.356	-2.391	-1.697	-1.074	-0.461	-1.433
"YBR143C"	-1.0625	0.926	-2.729	-1.932	-2.537	-3.195	-4.642	-2.033	-2.012	-2.112	-3.1475	-2.126	-2.659	-2.698	-2.699	-3.572	0.346	0.258	0.212	0.029	0.012	0.142	0.157	0.498	0.245	0.772	0.493	-1.699	0.193	-0.03	-0.099	-1.155	-1.567	-1.627	-0.99	-1.779	-1.639	-1.243
"YBR181C"	-0.8695	1.308	-3.762	-1.94	-2.747	-3.798	-4.564	-3.3	-3.159	1.639	-5.0305	-2.493	-2.7035	-2.654	-2.96	-3.945	0.177	0.39	0.317	0.2295	0.142	0.173	-0.014	1.057	0.678	1.215	1.064	-2.337	0.1235	0.207	-0.37	-1.8015	-2.357	-2.434	-2.032	-2.7005	-2.3955	-2.043
"YBR189W"	-1.0835	1.486	-3.784	-2.154	-2.355	-2.065	-4.702	-3.071	-2.334	-2.025	-3.678	-2.629	-2.467	-1.9305	-1.8835	-2.9475	0.306	0.51	0.416	0.262	0.339	0.296	-0.065	0.493	0.794	1.246	1.379	-2.4025	0.25	0.172	0.0565	-1.2915	-1.663	-2.0805	-1.526	-1.891	-1.4285	-1.5195
"YBR229C"	-0.0605	-0.358	0.06	1.022	0.503	-1.255	-2.906	-0.513	-0.715	-1.081	0.356	0.375	0.8215	-0.645	-0.806	-1.728	0.059	-0.117	0.042	-0.161	0.047	0.019	-0.232	-0.102	0.018	0.062	-0.055	0.5	-0.237	-0.249	-0.044	0.039	0.411	0.239	0.071	0.257	0.856	-0.086
"YCR012W"	-0.922	-0.174	-1.187	-0.177	-0.027	-2.988	-3.015	-0.641	-1.232	-1.483	-1.2795	1.0615	0.1995	-2.19	-3.213	-4.0085	0.05	-0.082	0.063	0.004	0.341	-0.077	0.081	0.216	0.079	0.422	0.392	-0.266	0.161	0.135	-0.253	0.391	-0.241	-0.199	0.563	-0.494	-0.305	-1.114
"YDL015C"	-0.2565	0.151	-0.007	-0.774	-0.767	-2.047	-4.309	-0.611	-1.331	-1.697	0.6725	-0.5175	-0.6435	-1.2485	-1.9455	-2.2355	-0.114	-0.128	-0.133	-0.054	0.594	0.05	-0.216	0.06	0.007	0.453	0.215	-0.701	0.472	0.095	0.118	0.106	-0.771	-1.322	-0.257	-0.765	-0.583	-1.009
"YDL148C"	-0.433	0.896	-3.372	-0.377	-1.631	-2.269	-4.257	-2.168	-1.537	-0.748	-4.282	-2.056	-2.139	-2.39	-2.527	-2.281	0.667	0.439	0.488	0.234	-0.092	0.335	0.347	0.559	0.45	0.905	0.649	-0.985	-0.174	-0.01	-0.031	-2.66	-2.849	-1.971	-1.869	-2.235	-1.604	-2.319
"YDL163W"	-0.574	-0.158	-1.202	-0.332	-0.74	-1.257	-1.675	-0.832	-0.175	-1.315	-0.58	-0.381	-0.832	-0.796	-1.157	-1.107	-0.749	0.088	-0.111	-0.048	-0.027	-0.171	-0.506	-0.025	-0.132	-0.112	0.03	-0.333	-0.246	-0.257	-0.483	-0.503	-0.635	0.146	-2.865	0.112	0.016	0.05
"YDL167C"	-0.957	0.687	-4.321	-1.813	-2.3	-3.033	-4.001	-3.298	-1.281	-1.577	-3.084	-1.572	-2.172	-2.176	-2.332	-2.095	0.428	0.315	0.233	0.105	-0.067	-0.336	0.376	0.209	0.228	0.642	0.579	-1.335	-0.18	-0.04	-0.159	-2.526	-1.796	-1.647	-2.202	-0.811	-1.093	-1.056
"YDL192W"	-0.328	0.808	-1.319	-0.927	-1.408	-1.026	-2.919	-0.949	-2.056	-2.008	-1.5	-1.284	-1.38	-1.203	-1.441	-2.326	0.21	0.02	0.212	-0.089	0.219	-0.295	0.098	0.304	0.426	0.525	0.75	-1.095	0.215	0.111	-0.057	-0.783	-1.259	-1.299	-0.829	-1.663	-1.105	-0.483
"YDR064W"	-0.644	0.993	-3.874	-2.639	-2.597	-3.761	-5.03	-3.208	-2.511	-2.495	-3.65	-2.718	-2.943	-2.527	-2.531	-3.199	0.265	0.329	0.396	-0.36	0.137	-0.088	-0.196	0.478	0.526	1.003	0.794	-1.996	0.142	0.0105	-0.165	-1.5475	-2.1055	-1.629	-0.8765	-1.701	-1.779	-1.635
"YDR071C"	-0.191	0.462	0.37	-1.203	-1.492	-2.459	-4.374	-0.239	-0.581	-0.861	-0.965	-0.696	-0.953	-1.937	-3.125	-2.557	0.014	-0.089	-0.22	0.015	0.282	-0.013	0.138	1.047	0.317	0.432	0.512	-1.47	0.061	0.139	-0.209	-1.279	-1.056	-1.544	-1.355	-1.903	-2.259	-2.091
"YDR091C"	-0.878	0.996	-3.288	-1.547	-1.362	-3.384	-4.4	-2.925	-2.03	-2.498	-2.971	-1.728	-2.044	-2.636	-3.222	-3.423	0.11	-0.12	-0.128	0.11	-0.04	0.11	-0.627	0.32	0.14	0.866	0.444	-1.376	-0.013	-0.028	0.098	-2.823	-2.809	-1.954	-2.542	-2.595	-1.098	-1.659
"YDR097C"	-0.276	0.253	-1.696	-0.078	-0.548	-1.649	-2.765	-0.98	-0.119	-0.443	-2.379	-0.711	-0.954	-1.371	-1.795	-1.685	-0.354	0.242	0.097	0.295	0.135	-0.012	0.159	-0.15	0.033	0.366	0.077	0.141	0.189	0.043	0.343	-1.467	-1.485	-0.704	-0.936	-0.251	-0.276	-0.319
"YDR101C"	-0.843	1.377	-4.306	-2.315	-2.948	-4.145	-4.667	-3.385	-1.752	-2.552	-2.52	-1.96	-2.252	-2.862	-3.177	-3.516	0.742	0.233	0.072	0.107	-0.233	-0.163	-0.046	0.485	0.144	0.936	1.26	-2.013	0.204	0.01	-0.016	-2.911	-2.551	-2.764	-2.644	-2.576	-2.129	-2.094
"YDR189W"	-0.252	0.259	-0.905	-0.735	-0.956	-1.871	-2.842	-0.821	-0.824	-1.156	-0.968	-0.693	-0.704	-1.597	-1.904	-2.063	-0.139	-0.167	-0.126	-0.041	0.053	-0.037	0.017	-0.141	0.045	-0.243	-0.01	-0.9815	-0.1815	-0.1255	0.1835	-0.8915	-0.926	-1.087	-0.8815	-1.6005	-1.5185	-1.5875
"YDR190C"	-0.063	0.795	-0.596	-0.013	-0.002	-2.018	-4.144	-0.97	-1.009	-0.793	-1.74	-0.516	-0.784	-1.191	-1.226	-1.423	0.313	0.322	0.271	0.005	0.15	0.626	0.263	0.061	0.393	0.683	0.853	-0.652	0.021	0.142	0.3955	-1.048	-0.755	-0.6845	-1.031	-0.7725	-0.411	-0.5725
"YDR211W"	-0.215	0.538	-2.225	-0.984	-1.38	-1.706	-4.77	-2.051	-1.476	-2.096	-2.022	-1.28	-1.43	-2.119	-2.043	-3.034	0.383	0.367	0.325	0.515	0.113	0.61	0.29	0.197	0.309	0.018	0.129	-1.1775	0.3765	0.3695	-0.1335	-1.87	-1.8185	-1.65	-2.364	-2.0095	-1.387	-1.6565
"YDR233C"	-0.435	0.443	-0.276	-0.513	-1.091	-2.587	-3.48	-0.956	-1.566	-1.509	-0.759	-0.467	-0.606	-2.047	-2.27	-2.451	0.142	0.093	0.038	0.064	0.175	-0.271	-0.399	0.406	0.235	0.484	0.41	-0.709	-0.0985	0.013	-0.117	-0.9345	-1.243	-1.337	-0.7365	-2.1955	-0.864	-1.9495
"YDR341C"	-0.658	0.703	-3.559	-1.574	-1.681	-3.212	-5.262	-2.587	-2.134	-2.218	-2.942	-1.942	-2.263	-3.262	-3.294	-3.559	0.243	0.394	0.29	0.1	0.023	0.142	0.0	0.139	0.205	0.542	0.529	-1.562	0.041	0.102	-0.575	-1.313	-1.64	-2.047	-1.454	-3.139	-1.96	-2.352
"YDR382W"	-1.258	1.111	-2.138	-1.738	-1.546	-2.459	-5.686	-1.95	-2.776	-2.394	-4.02	-2.897	-2.877	-2.565	-3.137	-3.471	0.286	0.461	0.502	0.555	0.007	-0.265	-0.531	0.675	0.683	1.277	1.005	-1.905	0.316	0.475	0.302	-1.09	-1.523	-1.824	-1.372	-2.566	-1.788	-2.838
"YDR385W"	-1.503	0.949	-2.252	-1.783	-1.985	-3.158	-5.463	-2.682	-1.065	-2.811	-2.538	-1.431	-1.529	-1.848	-2.214	-3.65	0.195	0.361	0.284	-0.147	0.076	-0.104	-0.738	0.33	0.561	0.647	0.471	-1.86	-0.018	-0.111	-0.197	-1.998	-2.451	-3.1	-1.291	-3.422	-2.794	-2.375
"YDR412W"	-0.401	1.045	-2.38	-1.279	-1.15	-1.49	-3.774	-2.216	-1.135	-1.29	-2.732	-1.601	-1.419	-1.56	-1.959	-1.977	0.616	-0.212	0.241	-0.007	-0.377	0.194	0.286	0.288	0.358	0.226	0.674	-1.534	0.168	0.217	-0.314	-2.331	-1.948	-1.315	-2.304	-1.07	-0.467	-1.001
"YDR417C"	-1.09	0.832	-3.705	-2.511	-3.327	-4.279	-5.062	-3.58	-2.864	-2.95	-4.223	-2.573	-2.986	-2.861	-3.022	-3.606	0.177	0.383	0.373	0.078	0.515	-0.289	-0.39	0.393	0.156	1.195	0.62	-2.149	0.423	0.292	-0.196	-1.238	-2.106	-2.199	-1.455	-1.339	-1.587	-1.133
"YDR447C"	-0.646	1.022	-4.882	-2.507	-2.465	-3.659	-5.332	-3.574	-2.813	-3.129	-4.249	-2.432	-2.817	-2.53	-2.625	-3.552	0.067	0.276	0.286	0.176	0.458	-0.032	-0.058	0.39	0.339	0.941	0.654	-2.1165	0.5775	0.304	0.165	-1.4305	-2.86	-2.8305	-1.7075	-2.5185	-2.652	-2.4665
"YDR496C"	-0.79	1.402	-3.1645	-1.674	-2.018	-3.591	-4.393	-4.5275	-1.899	-2.136	-3.995	-2.168	-2.517	-2.6065	-3.579	-3.3065	0.9565	0.4685	0.208	0.0765	-0.191	0.347	0.6705	0.3495	0.3905	0.9215	0.6785	-1.889	-0.0205	-0.2325	-0.192	-2.2185	-2.1355	-2.6255	-1.32	-2.334	-1.7965	-2.11
"YDR528W"	-0.269	0.322	-1.801	-1.029	-0.082	-1.574	-2.873	-1.197	-0.303	-0.745	-1.418	-1.217	-1.237	-0.983	-1.402	-1.249	0.292	0.057	0.031	-0.021	-0.153	0.039	-0.222	-0.183	-0.098	-0.542	0.685	-0.434	0.185	0.511	-0.331	0.094	0.177	0.085	-0.173	0.05	-0.948	-0.199
"YEL040W"	-2.322	0.681	-3.201	-4.238	-3.616	-3.786	-4.551	-2.739	-3.347	-3.816	-3.017	-4.461	-3.561	-3.111	-3.855	-3.066	1.474	0.898	0.8	-0.591	-0.115	0.426	0.266	0.874	0.659	1.007	0.573	-3.1215	-0.113	-0.1205	0.1575	-2.6355	-2.0865	-2.2665	-1.5645	-2.8375	-2.6615	-2.394
"YER036C"	-1.29	0.944	-3.113	-1.79	-1.796	-2.411	-4.997	-2.548	-2.077	0.802	-2.162	-1.192	-1.479	-1.672	-2.281	-3.078	0.567	0.338	0.039	-0.14	-0.107	0.14	0.094	0.812	0.703	0.813	0.987	-0.908	-0.002	-0.673	-1.097	0.736	0.941	0.146	2.347	-0.546	-0.399	-0.795
"YER049W"	-0.877	1.0	-2.916	-2.16	-1.746	-3.769	-4.541	-2.359	-0.962	-1.396	-3.216	-2.135	-2.046	-2.64	-3.518	-2.735	0.392	0.226	0.114	0.019	-0.447	0.033	0.074	0.249	0.254	0.771	0.821	-1.47	0.051	0.308	-0.443	-2.99	-1.544	-2.162	-1.691	-2.077	-2.816	-1.107
"YER117W"	-0.475	1.391	-2.982	-2.008	-1.95	-2.832	-5.642	-3.05	-2.843	-2.483	-3.768	-2.534	-2.571	-2.312	-2.562	-2.976	0.331	0.459	0.441	0.308	-0.014	0.308	-0.113	0.834	0.698	1.184	0.966	-1.876	0.4475	0.465	-0.2045	-2.4485	-1.969	-2.2795	-2.252	-0.5295	-0.907	-0.9255
"YER142C"	0.569	-0.945	1.698	1.274	1.296	1.328	-0.027	1.409	1.38	1.279	1.079	1.177	1.487	1.365	0.907	0.697	-0.131	-0.319	-0.235	-0.369	0.022	-0.141	0.395	-0.291	-0.266	-0.606	-0.424	1.215	-0.268	-0.3175	-0.274	0.787	0.5325	0.741	0.17	-0.1015	-0.499	-0.004
"YER162C"	0.524	-0.399	2.529	2.241	1.633	3.374	3.649	1.514	1.656	1.782	1.282	1.724	1.546	2.103	2.72	2.163	-0.237	-0.24	-0.173	-0.319	-0.18	-0.135	-0.113	0.0	-0.415	-0.503	-0.434	1.636	-0.202	-0.1155	0.00999999999999998	0.255	0.836	0.1445	-1.09	1.274	0.666	1.1995
"YER168C"	-0.607	0.377	-0.701	-0.938	-1.34	-1.452	-1.886	-0.848	-0.398	-0.517	-0.573	-0.714	-0.904	-0.801	-1.806	-2.032	0.105	0.067	0.016	-0.172	0.028	0.128	0.031	0.273	0.082	-0.203	0.048	-0.8	0.0705	0.02	0.0345	-0.486	-0.3985	-1.028	-1.13	-0.2055	-0.06	0.221
"YFL023W"	-0.097	0.807	-3.263	-0.586	-0.86	-0.877	-2.632	-2.392	-0.487	-0.578	-1.543	-0.099	-0.228	-0.192	-0.973	-0.802	0.564	0.06	0.066	0.199	-0.24	0.089	0.563	0.654	0.112	0.128	0.138	0.091	0.225	0.022	0.091	-3.468	-1.8715	-2.504	-1.219	0.645	-0.727	0.38
"YFL045C"	-1.298	0.872	-2.266	-1.85	-2.231	-2.163	-4.897	-2.591	-2.463	-2.891	-2.228	-1.424	-2.201	-1.923	-2.307	-2.378	-0.034	0.046	0.061	0.031	0.236	-0.029	-0.687	0.306	0.168	0.329	0.112	-0.93	0.174	0.2195	0.1225	-1.229	-1.708	-1.196	-0.0625	-1.569	-0.815	-0.783
"YGL031C"	-1.231	1.047	-3.366	-1.846	-3.104	-3.683	-5.763	-3.041	-3.063	-2.704	-5.191	-2.475	-2.899	-2.92	-3.061	-3.473	0.13	0.343	0.476	0.114	0.194	0.03	-0.206	0.566	0.354	0.979	0.769	-2.655	0.165	0.267	0.431	-1.701	-1.852	-1.796	-1.793	-2.49	-1.071	-1.852
"YGL077C"	-0.842	-1.23	-2.268	-1.539	-1.395	-3.716	-3.533	-0.962	-1.313	-1.711	-0.726	-1.683	-1.693	-2.529	-2.903	-2.463	0.636	-0.35	-0.311	0.431	-0.01	0.001	-0.243	-0.071	-0.177	0.793	0.42	-1.243	0.358	0.32	-0.092	-1.771	-1.914	-1.663	-1.285	-1.284	-1.611	-0.73
"YGL078C"	-0.427	1.485	-4.866	-1.111	-2.045	-2.215	-4.455	-2.914	-2.156	-1.979	-4.196	-1.879	-1.744	-2.103	-1.515	-2.198	1.003	0.551	0.37	0.117	-0.061	-0.21	0.836	0.529	0.305	0.743	0.96	-1.112	-0.119	-0.081	0.069	-4.176	-2.945	-2.745	-2.258	-2.457	-2.699	-2.236
"YGL097W"	-0.872	0.516	-1.806	-1.88	-2.214	-3.311	-5.124	-1.704	-1.338	-1.189	-0.928	-0.786	-1.446	-1.203	-1.641	-1.241	0.076	0.142	0.2	0.065	0.173	-0.304	0.259	0.543	0.283	0.386	0.586	-1.755	0.21	-0.005	0.447	-1.137	-1.484	-1.865	-1.301	-2.137	-2.043	-1.776
"YGL099W"	-1.079	0.843	-3.43	-2.004	-2.335	-2.895	-5.764	-2.454	-1.291	-1.425	-2.755	-1.805	-1.984	-2.516	-3.273	-3.42	0.357	0.164	-0.031	0.157	-0.013	0.168	0.191	0.891	0.397	0.583	0.509	-2.114	0.023	0.075	-0.061	-3.014	-2.756	-1.888	-1.175	-0.896	-1.465	-1.769
"YGL135W"	-1.162	1.101	-3.221	-2.301	-2.942	-3.418	-5.687	-3.217	-3.119	-2.071	-3.581	-2.512	-2.692	-2.267	-2.874	-3.825	0.147	0.277	0.482	-0.045	0.176	0.082	-0.508	0.461	0.35	1.065	1.146	-2.233	0.551	0.488	-0.064	-1.505	-3.45	-2.507	-2.67	-2.349	-2.729	-3.256
"YGL147C"	-1.473	1.186	-3.892	-2.422	-3.896	-3.921	-7.507	-3.0	-3.466	-3.166	-4.384	-2.874	-3.388	-3.018	-2.755	-3.483	0.163	0.337	0.323	0.326	0.431	0.22	-0.163	0.674	0.568	1.176	0.692	-2.532	0.7	0.778	-0.409	-2.793	-3.253	-3.352	-2.829	-2.553	-2.436	-3.298
"YGR001C"	-0.29	0.333	-1.476	-0.842	-0.607	-2.12	-3.271	-0.573	-0.824	-1.121	-1.378	-0.879	-0.942	-1.426	-1.682	-2.24	0.207	0.255	0.082	-0.039	0.244	-0.238	0.229	-0.11	0.023	0.411	0.481	-0.542	0.211	0.268	0.033	-0.887	-1.438	-0.499	-1.61	0.211	-0.136	-0.729
"YGR061C"	-0.907	0.2595	-1.1505	-1.003	-1.6865	-2.8345	-3.447	-1.6965	-1.048	-1.7135	-1.835	-1.7575	-1.891	-1.7885	-1.6345	-2.528	1.0465	0.3445	0.3115	-0.0275	-0.2455	0.078	-0.2575	0.012	0.222	0.433	0.4235	0.329	-0.187	-0.206	-0.0575	-1.7555	-1.914	-2.2585	-2.133	-1.68	-1.48	-1.3055
"YGR090W"	-1.036	0.382	-2.054	-0.545	-0.617	-0.463	-2.139	-0.971	-0.787	-0.868	-3.159	-1.627	-1.404	-1.524	-1.54	-1.573	0.604	0.366	0.268	0.293	0.064	0.293	0.156	0.186	-0.045	0.425	-0.026	-1.265	-0.428	-0.619	0.25	-1.714	-1.002	-1.676	-1.22	0.436	-0.517	-0.467
"YGR103W"	-1.088	1.243	-4.825	-2.148	-2.349	-1.948	-5.518	-2.251	-2.149	-1.634	-4.861	-2.918	-2.95	-2.768	-3.578	-3.882	0.951	0.797	0.521	0.129	-0.084	-0.127	0.686	0.364	0.359	0.757	0.818	-2.468	0.299	0.301	-0.239	-2.261	-4.308	-2.93	-2.48	-3.181	-3.059	-2.5
"YGR108W"	0.375	0.415	-1.178	-2.564	-0.216	-2.816	-3.123	-0.485	-1.595	-2.976	-1.167	-0.428	-2.434	-1.657	-2.674	-1.962	-0.758	-0.467	-0.213	0.038	-0.0535	-0.281	-0.522	0.091	-0.02	0.457	0.542	-2.42	-0.429	-0.5885	-0.273	-2.0395	-1.968	-1.457	-0.53	-1.2075	-1.6655	-0.9655
"YGR128C"	-0.425	0.922	-3.032	-1.732	-2.665	-2.66	-4.271	-2.816	-1.622	-1.376	-3.207	-2.107	-2.236	-2.017	-3.037	-2.679	0.815	0.423	0.227	0.096	-0.059	-0.117	0.685	0.719	0.34	0.809	0.906	-1.9935	0.0155	-0.023	-0.1455	-2.6405	-2.081	-2.224	-1.335	-1.3425	-2.1185	-2.6165
"YGR148C"	-0.934	0.859	-3.45	-2.31	-2.615	-3.884	-5.757	-3.141	-2.956	-2.722	-5.063	-2.508	-2.896	-3.022	-3.649	-4.092	0.103	0.399	0.476	0.022	0.25	-0.28	-0.181	0.708	0.436	0.917	0.713	-2.7095	0.014	0.0495	0.127	-1.5625	-1.505	-1.8415	-1.066	-1.8265	-1.9105	-1.9535
"YGR175C"	-0.186	0.477	-1.507	0.235	-1.083	-3.074	-4.5	-1.675	-1.563	-1.196	-1.38	0.085	-0.251	-2.53	-2.628	-3.285	0.496	0.46	0.334	0.31	-0.2115	-0.155	-0.01	0.592	0.198	0.665	0.453	0.106	0.0745	0.078	-0.1825	-2.34	-2.355	-1.947	-1.8925	-1.6305	-1.1105	-1.5295
"YGR200C"	-0.601	0.212	-3.964	-1.152	-1.306	-2.863	-3.668	-2.565	-1.597	-1.625	-0.958	-1.274	-1.456	-1.861	-2.863	-2.446	0.695	0.402	0.264	-0.037	-0.065	0.064	0.465	0.024	0.067	0.649	0.558	-1.091	0.181	0.057	-0.232	1.203	NaN	0.991	-1.315	-1.311	NaN	NaN
"YGR264C"	-1.489	0.85	-3.787	-2.945	-3.206	-5.206	-4.616	-3.505	-2.811	-3.49	-3.897	-2.707	-3.468	-4.623	-4.957	-4.753	0.316	0.495	0.275	-0.079	-0.026	0.088	-0.22	0.381	0.458	0.672	0.341	-2.468	0.034	-0.035	-0.219	-1.979	-2.475	-2.845	-2.239	-2.931	-2.022	-2.536
"YHR005C"	-0.618	0.768	-0.713	0.255	-0.01	-1.947	-4.17	-0.815	-1.102	-1.473	0.009	-0.574	-0.985	-2.115	-2.592	-2.519	-0.033	-0.168	-0.13	-0.301	-0.9665	-0.031	0.158	0.123	0.259	0.283	0.118	-0.333	0.469	0.517	-0.347	-2.401	-2.017	-1.452	-1.552	-0.746	-0.701	-0.574
"YHR071W"	0.421	-0.699	0.648	-0.108	0.305	0.95	0.528	0.844	1.044	0.987	0.567	1.305	1.502	1.849	2.351	2.382	0.818	-0.018	-0.111	0.414	0.594	0.109	0.301	0.322	0.088	-0.037	0.067	-0.46	-0.003	-0.107	-0.027	2.344	1.584	1.939	1.286	0.729	1.076	0.755
"YHR079C"	0.409	-0.031	-0.137	1.033	0.967	-0.613	-2.434	-0.109	0.348	0.198	0.282	0.593	0.846	-0.582	-0.944	-1.748	0.156	0.022	-0.017	0.153	-0.253	0.164	-0.13	0.047	0.0	0.245	-0.072	0.478	-0.504	-0.405	-0.378	-1.212	0.711	-0.826	-1.684	0.305	0.178	0.655
"YHR128W"	-1.606	0.833	-4.359	-3.159	-3.742	-4.967	-6.006	-3.351	-3.361	-3.012	-2.2	-3.051	-3.482	-3.191	-3.494	-3.516	0.5	0.368	0.288	0.062	0.0725	0.067	0.244	0.296	0.238	0.979	0.781	-1.769	0.27	0.315	-0.214	-2.441	-2.644	-2.222	-2.467	-3.448	-3.644	-4.039
"YHR149C"	NaN	NaN	-0.222	NaN	NaN	2.402	-3.621	NaN	0.322	0.038	0.585	NaN	-2.031	-0.71	NaN	3.459	1.063	0.081	1.989	-0.2	-0.032	-0.206	NaN	0.0	NaN	0.0	NaN	-1.662	0.244	0.206	0.054	-2.762	-0.775	-2.212	-0.521	0.0	-1.221	-1.338
"YHR201C"	-1.351	0.454	-0.362	-2.046	-1.721	-1.811	-4.155	-0.686	-1.009	-1.505	-0.817	-1.193	-1.428	-1.103	-1.632	-2.134	-0.076	-0.102	-0.035	-0.051	-0.014	0.01	0.144	0.257	-0.169	0.074	0.21	-1.989	0.075	0.042	0.071	-1.714	-1.585	-1.718	-1.022	-1.963	-1.803	-2.003
"YHR203C"	-2.628	1.011	-3.926	-2.372	-2.895	-3.782	-5.944	-3.917	-3.412	-3.049	-4.669	-2.437	-2.591	-2.575	-3.081	-3.941	0.166	0.323	0.318	0.264	0.204	0.058	-0.417	0.672	0.246	0.703	0.756	-2.302	0.073	0.156	-0.137	-2.535	-3.044	-3.459	-1.406	-2.385	-2.351	-2.356
"YHR216W"	-1.585	0.917	-2.62	-1.128	-2.045	-3.15	-4.943	-1.762	-3.038	-2.589	-2.554	-2.088	-2.767	-2.237	-2.621	-2.913	0.646	0.653	0.584	0.163	0.1095	-0.081	-0.342	0.636	0.323	0.904	0.527	-1.783	0.071	-0.039	0.3	-1.362	-1.515	-1.599	-0.721	-3.136	-2.892	-3.232
"YIL010W"	-0.43	-0.376	0.126	-0.555	-0.457	-1.635	-3.005	0.893	-0.521	-0.49	0.332	-0.692	-0.796	-1.238	-1.79	-1.288	0.073	-0.25	-0.135	0.022	0.275	-0.48	0.425	-0.159	-0.246	-0.515	-0.385	-0.5	-0.312	-0.467	0.102	0.606	0.944	1.008	1.096	0.789	0.613	-0.045
"YIL018W"	-1.109	1.177	-4.365	-2.488	-2.78	-3.492	-5.749	-3.362	-3.056	-3.151	-3.907	-2.218	-2.606	-2.661	-3.27	-3.914	0.212	0.32	0.229	-0.233	0.074	-0.089	-0.457	0.746	0.582	0.99	1.018	-2.495	0.22	0.186	0.236	-2.277	-2.962	-2.689	-2.573	-2.534	-1.725	-2.409
"YIL020C"	-0.948	0.642	-1.861	-1.542	-1.241	-2.251	-3.447	-2.174	-0.702	-1.028	-0.986	-1.134	-1.135	-1.853	-1.943	-1.728	-0.216	0.003	-0.18	-0.158	-0.0545	0.079	0.061	0.394	0.242	0.889	0.885	-1.289	0.245	0.206	-0.113	-2.757	-1.998	-2.682	-2.266	-0.964	-1.371	-1.836
"YIL078W"	-1.288	0.771	-2.907	-2.498	-1.911	-5.192	-6.059	-2.282	-2.5	-2.462	-3.786	-2.436	-3.226	-4.41	-4.902	-4.944	0.219	0.528	0.423	0.141	0.1345	-0.127	-0.182	0.401	0.213	0.344	0.235	-2.348	0.305	0.336	0.343	-1.608	-1.901	-0.97	-2.028	-2.818	-2.344	-2.433
"YIL133C"	-1.126	0.983	-3.333	-2.167	-2.883	-2.693	-5.79	-2.93	-2.194	-0.38	-4.433	-2.465	-2.757	-2.615	-3.007	-3.393	0.099	0.319	0.363	0.235	0.179	-0.165	-0.311	1.021	0.612	1.125	0.815	-2.13	-0.023	-0.044	-0.17	-2.016	-2.513	-2.553	-1.664	-0.252	-0.419	-1.035
"YJL109C"	-0.8145	0.3375	-2.165	-0.849	-1.647	-2.408	-2.278	-1.698	-1.009	-0.387	-3.828	-2.532	-2.726	-3.225	-3.2785	-3.3735	1.125	0.7675	0.7695	-0.025	-0.0193333333333333	-0.296	0.4155	0.1225	0.2275	0.2745	0.2975	-1.6855	0.0995	0.1595	-0.423	-5.133	-2.804	-3.415	-2.0755	-1.9915	-2.6275	-2.1055
"YJL138C"	-0.635	1.287	-2.487	-1.195	-1.358	-3.125	-5.625	-1.273	-1.674	-1.959	-2.086	-1.763	-2.049	-2.542	-2.785	-3.522	0.49	0.654	0.758	0.058	0.136	0.067	-0.33	0.445	0.526	0.975	1.01	-1.828	0.361	0.31	0.213	-1.827	-0.918	-1.505	-0.887	-1.703	-1.332	-1.209
"YJL157C"	-0.778	0.861	-2.634	-1.708	-0.962	-3.548	-7.731	-2.404	-2.54	-2.599	-0.111	-1.008	-2.535	-3.198	-3.396	-3.219	-0.182	-0.372	-0.3	0.018	-0.0515	0.24	-0.38	0.353	0.15	0.534	-0.359	-1.339	0.267	0.284	-0.414	-3.623	-3.099	-2.999	-2.752	-1.459	-2.699	-2.44
"YJL183W"	-0.746	0.42	-2.65	-2.434	-1.944	-2.097	-4.986	-2.067	-1.21	-1.424	-1.695	-1.436	-1.333	-1.66	-2.208	-2.121	0.132	0.102	0.007	0.247	0.0265	-0.268	-0.268	0.575	0.254	0.64	0.674	-1.239	0.349	0.375	0.027	-1.596	-0.698	-2.069	-2.015	-2.416	-1.331	-2.226
"YJL189W"	-0.38	0.91	-3.545	-1.647	-1.644	-2.901	-4.28	-2.446	-1.716	-1.833	-3.49	-1.78	-2.141	-1.577	-2.282	-2.837	0.194	0.261	0.231	-0.058	0.1395	-0.016	0.133	0.55	0.327	1.141	1.138	-1.034	0.175	0.302	-0.365	-2.1	-1.306	-2.027	-2.275	-1.431	-2.298	-2.524
"YJL190C"	-1.053	1.453	-3.794	-2.413	-3.287	-3.585	-6.079	-3.969	-3.536	-3.062	-4.469	-3.105	-3.227	-2.941	-3.365	-3.524	0.367	0.612	0.493	0.048	0.2805	0.1	-0.262	0.845	0.915	1.306	0.948	-2.43	0.457	0.454	0.271	-2.517	-1.48	-3.118	-2.885	-2.905	-2.64	-2.584
"YJR001W"	-0.753	0.01	0.599	-1.18	-0.868	-2.83	-3.551	-0.391	-1.103	-1.332	0.844	-0.567	-0.442	-1.449	-1.449	-1.784	-0.287	-0.045	0.062	0.154	0.1665	-0.016	-0.5	0.185	-0.145	0.436	0.072	-1.244	0.161	-0.028	0.142	0.154	-0.371	-0.566	0.396	-2.525	-2.02	-1.556
"YJR016C"	-1.386	0.911	-4.202	-1.146	-1.028	-2.006	-5.079	-3.415	-2.16	-1.999	-0.856	-0.554	-0.998	-0.939	-1.747	-2.976	0.358	0.372	0.367	0.289	0.101	0.165	-0.484	0.037	0.415	0.667	0.624	-1.54	0.333	0.294	-0.176	-2.695	-3.454	-3.04	-2.992	-1.58	-2.04	-1.831
"YJR031C"	0.181	-0.091	-1.155	-0.479	0.393	-1.269	-2.438	-0.18	-0.42	-0.632	-1.222	-0.941	-0.791	-1.384	-1.85	-0.8	0.642	0.867	0.748	0.249	0.0195	-0.242	0.229	-0.053	-0.257	0.337	0.214	0.77	-0.228	-0.325	-0.144	-0.886	-0.962	-1.675	-1.494	-0.006	-0.881	-0.667
"YJR064W"	-0.869	0.68	-3.248	-1.854	-2.589	-1.931	-4.297	-2.003	-1.978	-1.919	-2.119	-1.592	-1.762	-1.961	-2.702	-2.57	0.298	0.238	0.106	0.016	0.09	0.059	0.163	0.617	0.377	0.617	0.43	-1.762	0.106	0.023	-0.369	-1.199	-1.095	-0.329	-0.202	-1.478	-1.468	-0.793
"YJR076C"	-0.276	0.242	-0.317	-1.242	-1.448	-2.55	-4.614	-0.883	-1.375	0.846	-0.818	-0.839	-0.776	-1.815	-2.814	-3.117	-0.201	-0.015	0.012	0.24	0.028	-0.064	0.161	0.394	-0.031	0.114	-0.036	-1.327	0.274	0.179	-0.209	-0.4	-1.178	-1.006	-0.812	-0.902	-1.415	-1.705
"YJR087W"	0.066	-0.3	-0.966	-0.617	-1.308	-2.136	-3.553	-0.393	-0.568	-1.166	-0.671	-0.447	-0.634	-1.125	-1.669	-1.145	-0.16	-0.194	-0.095	-0.045	0.103	0.238	0.219	0.154	0.103	0.029	0.244	-0.598	0.367	0.39	-0.079	-0.802	-1.05	-0.178	-0.223	-0.962	-1.536	-1.605
"YJR123W"	-1.858	1.246	-3.844	-2.46	-3.124	-4.381	-9.147	-3.809	-3.442	-3.646	-4.282	-2.391	-2.635	-2.639	-3.543	-4.006	0.185	0.357	0.4	0.56	0.301	-0.57	-0.493	0.574	0.329	1.02	0.695	-2.153	0.266	0.161	0.081	-1.531	-1.402	-2.577	-1.67	-3.256	-1.979	-2.851
"YJR124C"	-0.652	0.633	-2.856	-2.069	-2.068	-2.359	-2.412	-1.609	-1.279	-1.46	-2.346	-1.778	-1.7	-1.401	-1.723	-2.242	0.208	0.069	0.142	0.009	-0.0915	-0.304	-0.228	0.169	0.11	0.157	0.681	-1.727	0.029	0.012	0.109	-2.629	-2.449	-1.007	-1.856	-0.811	-0.633	-2.548
"YJR142W"	-0.043	-0.113	0.891	-0.689	-0.261	-2.83	-2.392	0.371	-0.416	-0.544	0.121	-0.772	-0.821	-1.581	-2.204	-2.058	0.0	-0.182	-0.154	-0.061	-0.008	-0.099	0.174	0.052	0.011	-0.124	-0.091	-0.213	-0.228	-0.247	0.349	0.24	0.782	0.524	0.358	-1.166	0.312	-0.587
"YJR143C"	-0.945	0.657	-1.748	-1.487	-1.713	-4.675	-5.523	-2.151	-2.573	-3.031	-1.799	-1.986	-2.118	-3.335	-3.698	-3.382	0.031	0.303	0.224	0.239	0.2165	-0.256	-0.325	0.135	0.213	0.687	0.122	-1.896	0.682	0.068	0.194	-1.404	-2.102	-2.468	-0.508	-4.237	-1.969	-1.591
"YJR145C"	-1.487	1.341	-4.507	-2.328	-2.413	-3.54	-6.528	-3.551	-3.597	-3.707	-4.857	-2.396	-2.336	-2.519	-3.105	-3.178	0.253	0.365	0.336	0.381	0.362	0.112	-0.258	0.413	0.494	1.013	0.57	-2.312	0.394	0.212	-0.283	-1.389	-2.371	-2.718	-1.045	-3.796	-2.67	-1.563
"YKL056C"	-1.453	1.083	-3.205	-1.541	-1.771	-3.426	-5.119	-1.914	-2.371	-2.389	-2.468	-1.741	-2.281	-2.754	-3.265	-3.483	0.452	0.54	0.555	0.072	0.2585	0.154	-0.218	0.564	0.115	0.722	0.648	-1.777	0.932	0.736	0.025	NaN	-1.796	-2.04	-2.387	-1.512	-2.123	-2.444
"YKL181W"	-0.912	1.201	-3.28	-1.708	-1.771	-1.818	-4.28	-2.604	-1.935	-2.1	-1.405	-1.301	-1.128	-1.023	-2.292	-2.779	0.405	0.418	0.312	-0.212	NaN	0.101	-0.116	0.666	0.513	0.821	1.022	-1.417	-0.006	-0.091	-0.512	-2.619	-2.113	-2.191	-2.38	-3.12	-1.687	-1.645
"YKR059W"	-0.733	1.252	-2.144	-1.543	-1.54	-2.817	-4.998	-2.593	-2.531	-2.238	-2.018	-1.844	-2.106	-2.623	-2.96	-3.568	0.483	0.673	0.499	0.062	-0.226	0.044	-0.189	0.909	0.414	1.021	0.758	-1.996	0.059	0.224	-0.354	-1.632	-2.2	-2.321	-2.153	-1.852	-0.927	-1.138
"YKR094C"	-1.08	0.977	-3.138	-1.978	-2.41	-2.464	-4.383	-2.102	-1.972	-2.7	-2.785	-1.746	-1.839	-1.792	-2.197	-2.387	0.12	0.404	0.425	0.016	0.221	-0.246	-0.206	0.323	0.352	1.061	0.704	-2.035	0.52	0.292	0.065	-0.123	-1.76	-1.329	-0.592	-1.585	-0.978	-1.398
"YLL008W"	-1.155	0.601	-5.659	-2.165	-3.282	-2.899	-6.113	-2.364	-1.847	-2.162	-3.473	-2.154	-2.612	-2.386	-2.487	-2.92	0.925	0.786	0.65	-0.01	-0.108	-0.102	0.801	0.417	0.109	0.585	0.404	-1.906	-0.051	0.215	0.012	-2.604	-2.546	-3.0	-2.435	-2.584	-1.953	-2.151
"YLR029C"	-1.619	0.903	-3.174	-2.334	-3.108	-3.615	-6.877	-2.777	-2.78	-2.648	-3.178	-2.201	-2.595	-2.242	-2.378	-2.987	0.053	0.304	0.325	-0.158	0.467	0.37	-0.01	0.775	0.151	0.769	0.782	-2.49	0.784	1.015	0.321	-1.513	-1.798	-3.636	-1.459	-1.645	-1.092	-1.255
"YLR058C"	-0.755	-0.927	-2.467	-0.496	-1.837	-2.65	-5.454	-1.938	-1.465	-1.421	0.07	-0.567	-0.764	-0.72	-0.827	-1.961	1.154	-0.473	-0.308	0.286	0.142	-0.24	0.709	-0.18	-0.141	0.624	0.367	-0.939	-0.055	-0.144	-0.145	-1.637	-2.63	-2.542	-1.898	-3.04	-3.061	-2.135
"YLR061W"	-1.105	1.127	-4.925	-2.908	-3.127	-4.939	-6.591	-3.239	-3.021	-3.058	-4.326	-2.433	-2.88	-3.309	-3.833	-3.91	0.191	0.317	0.377	0.078	0.465	0.087	-0.065	0.147	0.478	1.066	0.447	-2.482	-0.116	-0.133	-0.019	-1.222	-2.006	-2.22	-1.462	-1.564	-1.485	-2.199
"YLR167W"	-1.188	1.149	-1.481	-1.962	-1.944	-1.761	-4.496	-1.882	-2.295	-2.184	-1.894	-1.479	-1.439	-1.334	-1.976	-2.263	0.223	0.246	0.38	0.231	0.327	-0.284	-0.122	0.88	0.549	1.128	1.345	-2.032	0.709	0.688	-0.482	-1.709	-1.188	-2.443	-2.458	-2.308	-2.048	-2.091
"YLR175W"	-1.501	1.304	-5.607	-2.484	-3.068	-3.401	-5.468	-3.996	-3.13	-3.152	-4.678	-2.762	-3.408	-3.701	-4.364	-4.96	0.356	0.28	0.135	0.21	-0.038	-0.029	-0.031	0.845	0.292	0.892	0.937	-2.422	0.276	0.202	0.037	-3.423	-3.083	-2.593	-2.074	-2.004	-2.356	-1.628
"YLR249W"	-1.649	1.219	-6.529	-3.403	-3.637	-4.146	-6.742	-3.879	-3.557	-3.199	-4.679	-3.131	-3.778	-3.883	-4.549	-4.992	0.379	0.552	0.373	0.257	-1.1	-0.113	-0.647	0.426	0.424	0.701	0.546	-3.421	0.139	-0.052	0.301	-2.945	-3.861	-4.463	-2.262	-2.727	-2.013	-3.381
"YLR264W"	-0.337	0.922	-3.105	-1.529	-1.693	-2.597	-5.152	-2.945	-2.616	-2.15	-3.525	-2.241	-2.158	-1.649	-2.334	-2.391	0.519	0.441	0.631	-0.175	0.246	0.354	-0.015	0.546	0.541	1.267	0.903	-1.833	0.768	0.667	0.346	-3.008	-2.899	-2.481	-2.579	-2.57	-2.3	-3.465
"YLR291C"	-0.737	0.624	-1.858	-1.482	-1.792	-3.037	-4.762	-1.324	-1.104	-2.027	-1.003	-1.186	-1.283	-1.783	-2.216	-2.363	0.074	0.062	0.048	-0.181	-0.027	-0.085	-0.206	0.239	0.053	0.603	0.678	-1.532	-0.005	-0.067	-0.57	-0.977	-1.173	-1.11	-0.018	-1.326	-2.28	-1.524
"YLR339C"	-1.371	0.66	-3.243	-3.285	-3.76	-4.988	-6.865	-2.453	-3.201	-2.938	-3.117	-2.647	-2.474	-2.461	-3.161	-3.973	0.139	0.285	0.253	-0.052	0.014	-0.057	-0.672	0.269	0.114	0.936	0.573	-2.977	0.372	0.4	-0.094	-1.313	-2.221	-2.553	-0.8	-3.282	-1.484	-1.546
"YLR350W"	0.465	-0.569	2.389	0.929	1.384	0.933	-0.644	1.687	1.198	1.28	1.854	1.194	0.559	1.015	1.215	0.803	-0.113	-0.29	-0.234	-0.226	0.041	0.046	-0.37	0.023	-0.096	-0.848	-0.638	1.14	-0.46	-0.486	0.133	0.61	0.852	0.488	0.192	-0.112	0.599	0.43
"YLR354C"	-0.699	0.25	-0.752	-1.048	-0.158	-2.178	-4.965	0.005	-1.448	-0.003	-0.104	-0.543	-1.053	-2.325	-2.432	-3.661	0.051	-0.182	-0.137	-0.049	0.234	-0.144	0.039	-0.081	0.127	0.0	-0.071	-1.306	-0.076	-0.137	-0.04	0.54	0.586	0.254	1.13	0.894	0.982	0.378
"YLR359W"	-0.573	0.684	-2.506	-0.942	-1.705	-2.567	-5.36	-0.843	-0.567	-0.623	0.317	-0.538	-1.047	-1.039	-1.681	-1.828	0.636	-0.122	-0.177	0.14	0.109	-0.142	-0.467	0.571	0.184	0.526	0.497	-1.225	0.467	0.424	-0.356	-1.988	-1.249	-2.07	-1.283	-1.078	-0.567	-0.574
"YLR372W"	-0.988	1.022	-4.565	-2.818	-3.001	-2.731	-4.512	-3.069	-2.643	2.656	-4.078	-2.838	-3.773	-2.844	-3.456	-3.544	0.145	0.336	0.243	-0.081	-0.066	0.01	-0.278	0.651	0.181	0.979	1.028	-2.188	0.238	0.236	0.258	-1.72	-1.726	-2.139	-2.047	-2.496	-2.405	-3.309
"YLR401C"	-0.782	0.994	-3.761	-1.241	-1.265	-1.263	-3.133	-2.484	-1.169	-0.611	-1.31	-1.047	-1.54	-0.775	-0.916	-0.969	0.31	0.032	0.168	0.252	-0.08	-0.726	0.136	0.163	0.029	0.493	0.522	-0.681	-0.225	-0.064	0.019	-1.175	-0.246	-0.77	0.754	-1.109	0.064	-0.679
"YLR413W"	-2.452	1.359	-4.758	-4.874	-5.063	-5.414	-5.846	-3.237	-3.034	-3.629	-4.176	-4.358	-4.993	-4.2	-4.656	-4.874	0.391	0.297	-0.043	0.009	-0.462	0.029	0.03	0.271	0.127	1.08	0.247	-3.737	0.359	-0.052	-0.02	-2.042	-0.625	-0.221	0.405	-4.072	-2.168	-3.335
"YML024W"	-1.295	0.906	-3.616	-2.475	-3.285	-3.909	-4.621	-3.523	-3.004	-3.408	-3.455	-2.512	-2.583	-1.81	-2.221	-2.415	0.305	0.141	0.359	-0.183	0.177	NaN	0.026	0.598	0.63	1.082	0.824	-1.868	0.321	0.312	-0.23	-2.663	-3.094	-3.159	-2.141	-2.178	-1.373	-2.255
"YML105C"	-0.176	0.494	-0.925	-1.11	-1.19	-3.491	-5.249	-0.758	-1.171	-1.701	-0.816	-0.945	-0.916	-1.556	-2.731	-1.698	0.413	0.317	0.085	-0.258	NaN	-0.157	0.45	0.479	0.459	0.34	0.842	0.328	0.108	0.113	0.103	-1.704	-0.23	-1.267	NaN	-0.008	-0.125	3.612
"YMR006C"	0.189	0.902	-1.865	-0.491	-1.226	-2.8	-3.323	-1.491	-1.121	-1.521	-2.057	-1.499	-2.06	-1.986	-1.756	-2.16	-0.001	0.08	0.031	0.222	-0.085	NaN	-0.623	0.343	-0.095	1.396	0.612	NaN	-0.016	-0.027	-0.183	-2.09	-1.532	-2.077	-0.644	-1.885	-1.562	-1.079
"YMR116C"	-1.829	1.09	-3.012	-3.089	-3.798	-4.551	-6.865	-2.937	-3.535	-3.312	-3.586	-2.851	-2.888	-2.906	-3.561	-4.003	0.131	0.377	0.357	-0.542	0.293	NaN	-0.664	0.586	0.289	0.722	0.653	-2.539	0.891	0.869	-0.027	-2.236	-3.356	-3.396	-1.868	-2.61	-3.556	-3.646
"YMR202W"	-1.995	0.617	-3.652	-2.236	-2.852	-4.391	-5.431	-1.983	-1.907	-1.33	-1.406	-1.63	-1.208	-2.263	-2.876	-2.931	0.316	0.391	0.623	-0.052	0.102	0.369	-0.049	-0.097	-0.097	0.3	0.272	-1.541	0.26	0.306	0.144	-1.711	-1.775	-1.114	-0.604	-2.861	-1.657	-1.952
"YMR217W"	-1.12	1.158	-5.293	-2.518	-3.785	-4.735	-5.29	-3.48	-2.622	-2.591	-4.287	-3.341	-4.118	-3.713	-4.205	-4.469	0.986	0.662	0.38	0.291	-0.132	0.121	-0.255	0.227	0.234	0.959	1.092	-2.4545	0.353	0.478	0.391	-1.984	-2.54	-3.332	-2.324	-3.536	-2.893	-2.568
"YMR242C"	-1.39	1.333	-4.702	-2.522	-3.032	-3.971	-6.226	-3.832	-3.636	-3.62	-4.84	-2.59	-3.004	-2.601	-3.133	-3.475	0.188	0.408	0.408	0.442	0.19	0.115	-0.208	0.57	0.408	0.993	0.76	-2.4615	0.125	0.261	-0.298	-1.628	-2.314	-1.514	-1.417	-1.097	-0.925	-1.911
"YMR290C"	-1.198	1.028	-5.132	-2.719	-3.471	-3.509	-5.217	-3.243	-2.625	-2.846	-4.614	-3.295	-3.716	-3.219	-3.665	-2.938	0.893	0.521	0.295	-0.092	-0.189	-0.283	0.511	0.782	0.718	0.92	1.215	-2.957	0.221	0.276	-0.28	-2.743	-2.311	-3.104	-1.514	-1.635	-2.642	NaN
"YMR308C"	-0.88	0.666	-1.769	-1.165	-1.375	-3.091	-4.033	-1.731	-0.193	-1.36	-2.386	-2.014	-1.774	-2.239	-2.796	-2.451	0.378	0.4	0.235	0.006	0.173	0.118	-0.201	-0.041	0.299	0.831	0.257	-1.504	-0.523	-0.351	-0.05	-2.171	-1.594	-1.689	-1.528	-1.813	-1.326	-1.41
"YMR321C"	-1.575	0.594	-2.201	-2.55	-2.298	-3.288	-3.811	-2.632	-2.22	-2.53	-2.252	-1.913	-2.8	-2.409	-2.567	-2.424	0.03	0.214	0.162	-0.034	0.126	-0.234	-0.23	-0.199	0.046	0.746	0.612	-2.3015	0.456	0.441	-0.37	-0.863	-1.192	-0.959	-0.646	-1.614	-2.105	-1.736
"YNL010W"	-1.069	0.664	-1.718	-1.703	-2.892	-1.296	-4.52	-1.758	-1.922	-2.057	-1.705	-1.834	-1.936	-2.483	-2.738	-3.396	0.077	0.08	0.28	-0.259	0.154	0.421	-0.19	0.223	0.285	0.325	0.315	-1.9585	0.463	0.441	-0.163	-0.793	-1.308	-1.066	-1.11	-2.243	-1.278	-1.77
"YNL045W"	0.313	-0.621	1.967	0.962	0.272	-1.687	-2.893	1.366	0.484	0.464	2.846	0.584	0.52	-0.536	-0.055	-1.118	0.016	-0.234	-0.181	-0.184	0.053	0.113	-0.148	-0.158	-0.045	-0.185	-0.049	0.522	-0.592	-0.386	0.269	1.079	1.187	0.473	1.154	-0.322	0.249	-0.472
"YNL087W"	-0.561	0.557	-1.855	-1.548	-1.447	-1.605	-3.407	-1.34	-1.432	-1.023	-1.992	-2.327	-1.937	-1.983	-2.611	-2.819	0.307	0.628	0.603	0.132	-0.401	0.405	-0.442	0.58	0.256	0.566	0.563	-1.579	-0.317	-0.124	-0.006	0.577	-0.7	-1.342	-0.859	-1.583	-1.112	-0.453
"YNL096C"	-1.968	0.749	-4.113	-2.81	-3.616	-4.038	-6.106	-3.331	-2.761	-3.165	-4.716	-2.776	-3.041	-3.644	-4.096	-4.68	0.011	0.381	0.323	-0.057	0.169	-0.25	-0.094	0.417	0.333	0.9	0.736	-2.8625	0.115	0.04	0.035	-2.268	-2.714	-2.548	-0.807	-1.923	-2.086	-2.629
"YNL119W"	-0.865	1.033	-6.697	-2.2	-3.337	-5.354	-6.231	-3.359	-2.99	-2.998	-3.55	-1.955	-2.206	-2.822	-2.843	-3.318	0.218	0.181	0.315	-0.324	0.044	-0.54	-0.303	0.468	0.214	0.874	0.642	-1.92	0.084	0.018	-0.083	-1.879	-2.164	-2.084	-1.808	-2.147	-1.577	-2.961
"YNL120C"	-0.536	0.65	-4.224	-1.03	-2.258	-0.779	-4.984	-2.089	-0.774	-0.66	-2.085	-1.17	-1.314	-1.389	-1.801	-1.314	0.173	0.132	-0.047	0.023	-0.016	-0.099	0.089	0.249	0.051	-0.716	0.296	-0.835	0.19	0.025	-0.2	-4.026	-1.898	-1.408	-3.28	-2.367	-2.252	-2.304
"YNL154C"	-0.571	0.281	-0.952	-1.0	-1.128	-1.871	-3.909	-0.647	-1.037	-0.547	-2.02	-0.946	-1.374	-1.346	-2.5	-2.113	-0.022	0.102	0.07	-0.208	0.288	-0.486	-0.125	0.492	0.715	0.247	0.646	-1.3335	-0.01	-0.072	0.11	-1.26	-1.362	-1.669	-1.339	-2.02	-1.749	-0.959
"YNL162W"	-0.96	1.003	-3.953	-2.175	-2.163	-2.858	-6.425	-2.86	-2.421	-2.763	-3.999	-2.0	-2.0	-1.742	-2.487	-3.468	0.109	0.234	0.234	-0.03	0.3	-0.226	-0.153	0.69	0.283	1.117	1.0	-1.852	0.268	0.288	0.007	-2.052	-2.624	-2.857	-3.014	-2.729	-1.49	-1.637
"YNL168C"	-0.156	-0.091	0.054	-0.47	-0.808	-1.69	-3.351	0.848	0.214	-0.155	0.643	-0.3	-0.411	-0.728	-1.174	-1.844	-0.002	-0.194	-0.228	-0.06	0.092	-0.274	0.118	0.091	0.032	0.269	0.175	-0.276	0.147	-0.015	-0.245	-0.552	0.399	-1.453	-0.446	-0.181	-1.09	-0.305
"YNL175C"	-0.733	1.152	-4.877	-2.146	-2.117	-2.872	-6.011	-2.575	-2.327	-1.735	-4.587	-2.804	-2.484	-2.404	-3.809	-2.849	0.831	0.669	0.389	0.344	-0.542	0.585	0.602	0.449	0.682	1.161	1.074	-2.238	0.434	0.467	-0.301	-4.009	-4.49	-2.353	-2.696	-3.054	-1.955	-2.821
"YNL178W"	-0.979	1.102	-4.244	-1.857	-3.159	-4.338	-6.62	-3.239	-3.272	-3.183	-4.97	-2.899	-2.981	-2.958	-3.483	-3.871	0.041	0.361	0.29	0.438	0.117	-0.073	-0.237	0.704	0.331	0.859	0.594	-2.479	0.88	0.949	0.006	-2.018	-2.698	-3.094	-2.348	-3.269	-2.92	-3.365
"YNL220W"	-0.977	0.187	-1.943	-1.92	-1.445	-3.758	-6.09	-0.354	-0.66	-1.475	0.2	-0.618	-1.771	-1.724	-2.555	-3.197	-0.108	-0.459	-0.325	0.111	0.294	-0.175	-0.697	-0.016	0.086	0.325	0.289	-1.597	0.316	0.368	-0.155	-1.625	-1.797	-1.923	-1.746	-3.272	-2.971	-1.629
"YNL228W"	0.181	0.213	-2.997	-0.644	-0.884	-1.08	-3.325	-1.224	-0.649	-0.237	-2.291	-0.962	-0.886	-1.52	-1.555	-1.857	0.357	0.063	-0.139	-0.046	-0.18	0.152	0.62	0.017	-0.009	-0.212	0.18	-0.603	0.218	0.203	-0.516	-2.613	-2.476	-2.241	-1.561	-1.968	-1.027	-1.594
"YNL255C"	-0.524	1.222	-2.297	-0.205	-0.537	-2.208	-5.229	-1.708	-1.604	-1.243	-2.739	-1.192	-1.457	-1.3	-2.442	-2.225	0.49	0.728	0.489	0.099	NaN	0.121	0.384	0.854	0.569	1.025	0.983	-1.116	0.326	0.562	-0.34	-1.524	-1.775	-1.428	-1.595	-1.546	-0.962	-0.843
"YNL320W"	-0.383	-0.46	-0.921	-1.349	-0.885	-2.678	-4.0	-1.036	-0.93	-1.477	-0.58	-0.735	-0.44	-1.665	-1.971	-1.215	-0.112	-0.359	-0.311	-0.249	0.127	0.214	-0.417	-0.032	-0.201	0.193	-0.2	-0.666	0.025	0.02	-0.37	-0.468	-1.433	-0.796	0.138	-1.048	-0.088	-0.41
"YNR043W"	-1.019	0.308	-3.5005	-1.86	-2.628	-2.934	-5.1565	-2.5105	-1.949	-1.8335	-1.36	-2.078	-2.382	-2.655	-3.803	-3.856	0.634	0.55	0.51	-0.264	0.057	-0.084	0.166	0.0765	0.186	0.4865	0.0235	-1.878	0.258	0.109	-0.082	-1.046	-0.997	-1.663	0.304	-1.206	-1.566	-1.211
"YOL022C"	-0.725	0.777	-1.8955	-1.2465	-1.0045	-1.388	-4.073	-2.0495	-0.378	-1.2085	-1.88	-0.91	-0.866	-1.681	-2.027	-1.748	0.454	0.292	0.155	0.076	0.008	-0.136	0.533	0.0635	-0.1685	0.812	0.6285	-1.146	0.171	0.123	-0.085	-2.89	-2.214	-1.966	-2.035	-1.612	-1.164	-2.059
"YOL040C"	-1.284	1.057	-0.886	-0.3965	-0.1425	-3.032	-6.413	-3.385	-0.614	-2.291	-3.938	-2.247	-2.245	-2.028	-2.837	-3.657	0.209	0.428	0.379	0.247	0.487	-0.087	-0.345	1.232	-0.3865	0.956	0.75	-2.005	0.213	0.136	-0.041	-1.501	-1.869	-1.96	-1.05	0.674	-1.941	-0.905
"YOL077C"	-0.775	1.273	-5.186	-2.817	-2.79	-3.02	-6.552	-4.174	-2.917	-1.374	-3.705	-2.549	-3.046	-3.299	-3.894	-4.326	0.679	0.461	0.296	-0.102	-0.085	-0.072	0.537	-0.5905	-0.114	-0.032	0.48	-2.39	-0.032	0.152	-0.076	-3.742	-2.522	-2.623	-2.653	-3.886	-1.894	-2.036
"YOL097C"	-1.34	0.582	-4.26	-0.4555	-2.768	-0.491	-6.314	-2.427	-0.2345	-1.513	-3.246	-2.609	-2.685	-3.398	-4.044	-4.151	0.226	0.232	0.056	-0.49	-0.687	0.161	0.224	0.367	0.455	0.478	-0.2075	-1.735	0.1	0.075	0.062	-1.499	-2.01	-2.156	-2.172	-2.829	-2.315	-1.6
"YOL125W"	-0.633	0.665	-2.059	-1.9075	-1.0065	-0.7695	-2.1485	-1.052	0.6735	-0.21	-0.67	-1.167	-0.669	-0.386	-1.824	-1.787	0.102	0.226	0.059	0.147	-0.095	0.112	0.181	0.434	-0.0325	-0.0765	-0.89	-1.169	0.223	0.33	0.097	-2.169	-2.382	-2.222	-1.683	-0.192	-2.953	-1.668
"YOL139C"	-0.96	1.042	-3.143	-0.0125	-2.51	-2.31	-5.5	-1.666	-1.518	-1.1165	-2.365	-1.408	-1.945	-1.487	-1.966	-2.188	0.165	0.171	0.1	0.146	0.177	-0.15	0.052	-0.5945	-0.2975	-0.908	0.736	-1.701	0.004	0.186	-0.152	-2.109	-1.346	-2.307	-1.42	-0.855	-1.051	-1.329
"YOR004W"	-0.982	1.465	-1.3775	-0.1845	-1.3515	-3.012	-5.273	-0.599	-1.62	-1.313	-2.961	-2.135	-1.689	-2.507	-2.832	-2.931	1.037	0.548	0.4	0.021	-0.468	-0.303	0.563	0.906	0.213	0.443	1.211	-1.929	0.471	0.326	-0.349	-2.6	-2.915	-2.398	-3.557	NaN	-2.266	-2.802
"YOR051C"	-1.632	0.789	-3.736	-0.754	-1.343	-1.6745	-0.839	-1.039	-0.5685	-0.452	-3.749	-2.551	-3.163	-3.34	-3.704	-3.402	0.095	0.084	-0.079	0.046	0.083	-0.149	-0.049	-0.1645	0.4575	0.715	0.1815	-2.272	0.236	0.426	0.141	-1.861	-2.932	-1.556	-1.728	-1.307	-0.705	-1.621
"YOR119C"	-0.427	0.571	-1.183	-0.471	0.852	-0.551	-3.035	-0.635	-1.494	-0.429	-0.439	-0.122	0.171	-0.796	-1.469	-1.318	0.779	0.175	0.214	-0.194	-0.235	0.013	0.543	-0.4285	0.367	-0.94	-0.2225	0.149	0.006	0.12	0.06	-2.355	-1.979	-1.019	NaN	-4.085	-1.333	-1.558
"YOR168W"	-0.857	0.772	-1.809	-1.261	-1.7945	-1.984	-4.808	-1.5105	-1.8785	-1.355	-2.516	-1.54	-1.525	-2.348	-2.353	-2.604	0.475	0.476	0.463	-0.074	0.158	0.332	0.311	0.4075	0.4335	0.8465	0.793	-1.844	0.142	0.221	-0.583	-2.073	-1.871	-2.446	-1.977	-1.061	-0.981	-0.932
"YOR243C"	-0.887	1.139	-3.8055	-1.6015	-2.2855	-3.3625	-4.3935	-2.588	-1.6325	-2.414	-3.635	-2.179	-2.726	-2.865	-4.484	-3.863	0.656	0.628	0.343	-0.005	-0.109	-0.194	0.311	0.759	0.66	0.6185	0.7605	-1.712	0.086	0.118	0.123	-3.202	-2.909	-2.358	-2.809	-1.82	-1.697	-1.547
"YOR253W"	-1.267	0.445	-2.29	-1.575	-1.759	-2.7935	-5.157	-1.6705	-1.538	-2.16	-1.88	-1.139	-1.299	-1.872	-2.672	-2.633	-0.067	0.097	-0.018	-0.146	0.181	-0.194	0.104	0.4295	0.127	0.2645	0.5665	-0.978	0.248	0.301	-0.027	-2.222	-2.68	-1.707	-2.427	-1.977	-2.101	-2.063
"YOR260W"	-0.503	0.712	-2.6835	-1.6735	-1.833	-2.507	-4.639	-2.1155	-1.6575	3.0405	-1.898	-1.513	-1.624	-2.257	-2.577	-3.081	0.365	0.257	0.092	-0.213	-0.043	0.199	0.025	0.417	0.601	0.773	0.613	-1.54	0.031	0.232	0.014	-1.028	-0.885	-0.952	-0.766	-1.265	-1.079	-1.698
"YOR272W"	-0.572	1.356	-4.8145	-1.682	-1.968	-3.353	-4.712	-3.033	-1.779	-1.376	-3.311	-2.312	-2.009	-3.017	-3.307	-4.52	0.748	0.523	0.311	0.167	-0.615	-0.013	0.565	0.699	0.465	1.0365	0.9705	-1.264	0.396	0.392	-0.014	-3.546	-2.98	-3.332	-2.014	-2.388	-3.137	-2.332
"YOR310C"	-1.081	1.223	-6.006	-3.303	-3.319	-4.7765	-7.1385	-3.766	-3.5415	-2.603	-5.777	-3.838	-4.105	-4.745	-5.099	-4.866	0.809	0.641	0.466	0.202	-0.205	0.049	0.306	0.711	0.446	1.276	1.051	-2.849	-0.037	0.008	0.323	-3.031	-3.155	-2.87	-2.127	-2.448	-1.956	-1.711
"YOR315W"	-0.664	0.975	-3.8935	-3.1035	-2.966	-2.9775	-4.3035	-1.742	-1.979	-1.3625	-2.638	-2.502	-3.165	-2.855	-2.774	-2.784	-0.503	-0.172	0.21	-0.191	0.021	0.254	-0.496	0.276	0.0595	0.6425	0.3325	-1.601	0.534	0.443	0.043	-2.596	-2.807	-2.344	-1.901	-2.901	-1.041	-1.791
"YOR369C"	-1.178	1.207	-3.6225	-2.805	-3.7395	-3.724	-6.5475	-3.0405	-3.752	-3.809	-3.998	-2.858	-2.986	-2.456	-2.662	-3.502	0.278	0.388	0.367	0.217	0.27	-0.428	-0.243	0.4935	0.672	1.046	0.7425	-2.309	0.95	0.753	-0.365	-1.677	-2.306	-2.148	-1.958	-2.802	-3.103	-2.533
"YPL079W"	-1.022	1.126	-4.616	-2.3565	-2.6495	-3.892	-6.4765	-3.085	-3.0255	-3.112	-4.735	-2.741	-3.087	-3.015	-3.498	-4.547	0.15	0.527	0.467	0.031	0.143	-0.072	0.055	0.358	0.3395	0.9955	0.555	-1.673	0.284	0.34	-0.224	-1.189	-1.754	-2.843	-4.476	-1.546	-0.486	-2.506
"YPL081W"	-0.796	0.779	-4.5065	-2.508	-3.086	-3.4025	-6.801	-2.5355	-2.428	-2.3315	-4.022	-2.849	-2.929	-2.789	-2.909	-3.725	0.237	0.584	0.656	0.099	0.171	-0.228	-0.016	0.2385	-0.1415	1.001	0.3545	-1.844	0.145	0.101	-0.142	-1.508	-1.652	-2.062	-2.429	-1.125	-1.226	-2.175
"YPL142C"	-0.787	1.2695	-3.1395	-1.78	-1.891	-3.5865	-5.604	-2.825	-2.8235	-2.16	-4.155	-2.303	-2.376	-2.148	-2.632	-2.979	0.493	0.689	0.686	0.2	0.304	0.271	-0.002	0.534	0.421	1.161	0.726	-2.011	0.301	0.513	-0.398	-1.81	-2.248	-1.627	-2.396	-1.113	-0.956	-1.262
"YPL160W"	-1.226	0.598	-3.26033333333333	-1.47166666666667	-2.13233333333333	-3.08233333333333	-5.284	-2.22666666666667	-2.11133333333333	-1.59566666666667	-4.0365	-2.449	-2.824	-3.1695	-3.499	-2.977	0.4155	0.7685	0.5555	0.0515	0.0565	0.202	0.209	0.210333333333333	0.546	0.571	0.462	-1.8045	-0.174	-0.216	0.1535	-1.0145	-1.866	-1.7795	-2.4765	-1.2295	-1.1215	-0.7745
"YPL210C"	-0.661	-0.536	-0.53	-0.484333333333333	-1.23333333333333	-2.00066666666667	-3.50166666666667	-0.457	-0.389666666666667	-0.956666666666667	-1.2465	-1.072	-1.187	-1.31	-1.9415	-1.2345	0.3675	0.6835	0.2445	-0.048	0.0335	-0.235	0.8075	0.169333333333333	-0.441	0.160333333333333	-0.03	-0.915	-0.122	0.124	-0.508	-2.756	-1.277	-1.057	-1.205	-1.425	-0.694	-0.57
"YPL211W"	-0.152	0.954	-5.5605	-2.914	-3.869	-4.4555	-5.029	-3.216	-3.046	-3.121	-4.129	-2.918	NaN	-3.267	-2.652	-2.337	0.926	0.593	0.39	-0.02	0.025	0.403	0.766	0.105	0.3045	1.187	1.007	-2.25	0.407	0.451	-0.515	-5.176	-4.397	-4.022	-4.322	-2.835	-2.138	-3.206
"YPL220W"	-1.189	1.154	-3.389	-2.1715	-2.2495	-3.187	-6.1465	-3.0375	-3.3935	-2.852	-3.51	-2.548	-2.639	-2.247	-2.571	-3.926	0.252	0.545	0.483	0.081	0.236	-0.163	-0.475	0.592	0.377	1.324	1.163	-1.925	0.448	0.378	0.237	-2.098	-2.256	-2.574	-1.996	-3.677	-2.623	-3.8
"YPL226W"	-1.114	0.906666666666667	-4.86566666666667	-1.80333333333333	-2.21533333333333	-3.95033333333333	-5.67966666666667	-3.37333333333333	-2.786	-2.922	-4.0095	-2.3985	-2.8955	-3.407	-2.9025	-3.983	0.7775	0.667	0.5305	-0.0735	0.0465	-0.253	-0.0315	0.493666666666667	0.373	0.789333333333333	0.748	-1.7375	-0.148	-0.0335	-0.2575	-2.5635	-2.1345	-2.386	-1.6895	-2.674	-2.354	-2.153
"YPL237W"	-0.439	0.8365	-2.6285	-2.029	-2.27	-2.875	-5.7585	-1.791	-1.8945	-2.2035	-2.288	-1.817	-1.927	-2.006	-2.44	-3.024	0.346	0.338	0.129	0.071	0.179	-0.218	0.07	0.615	0.577	0.673	0.893	-1.537	0.093	0.116	-0.164	-1.771	-0.883	-0.879	-2.781	0.362	-0.116	-0.544
"YPL239W"	-0.084	-0.2375	-2.603	-0.835	-1.683	-1.915	-3.907	-0.6945	-0.8005	-0.7085	-1.745	-0.854	-0.554	-1.503	-2.384	-2.259	0.579	0.197	0.08	-0.387	0.11	-0.464	0.546	0.3655	0.246	0.6455	0.8665	-0.795	0.569	0.656	-0.285	-2.382	-2.315	-1.915	-1.458	-2.392	-1.112	-1.649
"YPL243W"	-0.823	0.515	-1.27	-1.456	-1.5805	-4.1455	-5.276	-1.0	-1.315	-1.5105	-1.931	-1.377	-1.873	-2.602	-3.541	-3.544	0.133	0.074	-0.001	-0.062	0.174	0.008	0.09	0.474	0.238	0.2855	0.4215	-1.188	0.019	0.072	-0.161	-1.883	-1.263	-0.56	-1.831	-0.787	-1.361	-1.305
"YPL263C"	-0.645	0.418333333333333	-2.61633333333333	-2.59366666666667	-2.35933333333333	-1.689	-4.9735	-2.09033333333333	-1.281	-1.18966666666667	-1.7685	-2.0785	-2.7455	-1.742	-2.0455	-1.8115	0.3225	0.0835	0.157	0.0595	-0.2455	0.1	0.472	0.228333333333333	0.279666666666667	0.491333333333333	0.608333333333333	-1.333	0.203	0.282	-0.247	-2.719	-1.385	-2.52	-2.426	-1.655	-1.459	-1.661
"YPL273W"	-1.52	0.772	-3.42133333333333	-2.792	-2.96466666666667	-3.722	-5.69966666666667	-2.94366666666667	-2.69266666666667	-2.72566666666667	-2.8035	-2.4545	-3.2755	-2.794	-3.21	-3.3575	0.249	0.3195	0.309	0.0235	0.168	-0.247	-0.114	0.390333333333333	0.438333333333333	0.744333333333333	0.771333333333333	-2.628	0.446	0.535	0.023	-0.72	-1.046	-1.601	-0.744	-2.057	-1.919	-3.347
"YPR041W"	-1.193	0.966	-1.871	-1.647	-1.48733333333333	-2.36366666666667	-4.07266666666667	-2.403	-2.41033333333333	-2.291	-1.646	-1.658	-1.0965	-1.805	-1.8775	-2.441	0.347	0.183	0.189	-0.1465	-0.031	-0.175	0.1395	0.490666666666667	0.484333333333333	0.863	0.649666666666667	-1.977	-0.039	0.092	-0.0105	-1.711	-1.1765	-1.064	-1.1445	-1.901	-1.713	-1.7515
"YPR102C"	-1.197	1.2	-3.521	-2.7315	-2.6455	-4.045	-6.451	-3.5055	-3.673	-3.277	-4.644	-2.723	-3.232	-3.352	-3.749	-4.692	0.253	0.43	0.413	0.219	0.435	-0.151	0.106	0.4635	0.671	0.7845	0.56	-2.384	0.446	0.519	-0.022	-2.56	-3.07	-2.791	-2.274	-3.252	-2.407	-2.66
"YPR107C"	0.0	-0.157	1.0765	-0.14	0.442	-1.3245	-3.49	0.612	0.251	-0.035	0.546	0.062	0.173	-0.524	-1.0	-1.585	-0.446	-0.381	-0.139	0.083	-0.009	0.03	-0.367	0.129	-0.252	-0.5465	0.2785	0.057	0.179	0.304	-0.139	0.309	0.52	0.266	-0.691	0.369	-0.175	0.235
"YPR110C"	-1.308	1.068	-5.7185	-2.8345	-3.133	-3.662	-6.318	-3.01	-2.285	-2.0215	-3.88	-2.175	-2.703	-2.993	-3.212	-3.358	0.744	0.608	0.565	-0.091	0.102	0.137	0.419	0.264	0.3115	0.767	0.475	-2.108	0.048	0.305	0.125	-1.995	-2.88	-2.431	-2.452	-2.592	-2.057	-1.492
"YPR114W"	-0.609	0.2455	-0.5845	-2.1515	-1.837	-2.9825	-3.903	-1.418	-1.798	-1.748	-0.411	-1.338	-1.177	-1.633	-1.738	-2.533	0.302	-0.062	-0.101	0.473	0.145	0.189	-0.274	0.124	0.105	0.754	0.4065	-1.335	-0.263	-0.356	0.05	-0.686	-0.85	-1.006	-1.011	-2.78	-1.722	-1.299
"YPR118W"	-0.94	0.7795	-2.848	-2.706	-3.095	-3.9965	-5.524	-2.525	-2.305	-2.577	-1.735	-2.594	-2.077	-2.882	-3.334	-3.538	0.441	0.439	0.25	0.036	-0.027	0.297	0.274	0.2995	0.33	0.5705	0.559	-1.794	0.023	-0.046	-0.002	-0.745	-1.39	-0.993	-1.095	-3.694	-1.334	-2.679
"YPR132W"	-1.087	1.0155	-2.849	-2.6445	-2.672	-3.1925	-5.805	-2.5895	-2.967	-2.8485	-3.788	-2.214	-2.292	-1.968	-2.388	-3.151	0.267	0.377	0.37	0.125	0.215	-0.019	0.06	0.3035	0.6485	0.975	0.653	-2.217	0.678	0.452	-0.251	-1.788	-2.829	-2.887	-1.026	-3.922	-1.857	-2.438
"YPR163C"	-1.144	1.048	-3.6815	-1.8375	-0.93	-2.9485	-5.4905	-2.5635	-2.6395	-2.0525	-3.136	-2.05	-2.325	-2.642	-2.895	-2.82	0.28	0.629	0.538	-0.06	-0.192	0.157	-0.106	0.4285	0.4825	0.7575	0.562	-2.145	-0.247	-0.331	-0.222	-2.361	-2.021	-1.999	-1.944	-2.167	-1.899	-2.771
