	"37.alpha factor release sample018"	"497.Heat Shock 000 minutes"	"512.2.5mM DTT 005 min"	"584.17 deg growth"	"651.alpha factor release sample019"	"686.YP ethanol vs reference pool"	"781.Heat Shock 000 minutes (series 2)"	"800.Heat Shock 015 minutes"	"819.DY1457 (wild type) 3 mM vs. 61 nM zinc"	"825.DY (zap1) 3 mM vs. 61 nM zinc"	"854.YPD_6_h_30C"	"855.YPD_8_h_30C"	"856.YPD_10_h_30C"	"857.YPD_12_h_30C"	"858.YPD_1_d_30C"	"859.YPD_2_d_30C"	"860.YPD_3_d_30C"	"866.starv_in_H2O_0.5_h_30C"	"942.starv_in_H2O_1_h_30C"	"943.starv_in_H2O_2_h_30C"	"944.starv_in_H2O_4_h_30C"	"945.starv_in_H2O_6_h_30C"	"1012.YPD 12 h (25C)"	"1013.YPD 1 d (25C)"	"1014.YPD 2 d (25C)"	"1015.YPD 3 d (25C)"	"1016.YPD 5 d (25C)"	"1017.YPD 7 d (25C)"	"1139.DY1457 (wild type) 3 mM vs. 76 nM zinc"	"1313.diauxic shift timecourse: 20.5 hr"	"8234.dtt 240 min"	"11466.yO1 test hyb"	"11826.Pomona College Bio164: WT/dna2-2 mRNA"	"11828.Pomona College Bio164: WT/rad27 mRNA"	"12061.Pomona College Bio164: dna2-1/WT"	"12182.Swarthmore College: sid2 37Cplus wt 37C"	"12733.Nitrogen Depletion 8 h"	"12734.Nitrogen Depletion 12 h"	"12736.Nitrogen Depletion 1 d"	"14731.Mount Saint Mary's College, MD: hst3 hst4  v. wt"	"28838.P2Comp 06 hr 15 min Phosphate Batch vs Chemostat Comparison2"	"30464.Rich vs. Minimal II"	"33775.DBY8778(wt)_stationary_phase_9hours"	"33779.delYPL230w_stationary_phase_5hours"	"33780.delYPL230w_stationary_phase_7hours"	"33782.delYPL230w_stationary_phase_1day"	"38156.03II01 batch p12"
"YBR203W"	-0.283	-1.0655	-0.848	-0.928	-0.338	0.8635	-1.0	1.219	-0.626	-0.312	2.857	2.642	2.698	2.638	2.192	3.887	3.035	2.512	2.364	2.129	2.815	1.546	3.1385	2.7905	1.4165	3.78	4.2885	4.2585	-0.916	1.811	1.139	1.707	-1.533	-2.879	-1.0	-0.897	1.853	2.359	2.102	-0.905	-2.029	-1.768	1.288	3.78	2.561	2.871	-1.307
"YCR091W"	-0.042	-1.2645	-1.309	-0.971	-0.274	0.532	-1.248	1.35	-0.498	-0.793	4.284	3.522	3.241	3.278	2.691	3.114	1.906	3.192	3.306	3.015	2.875	2.682	3.084	2.685	2.345	2.5735	2.0885	2.0775	-0.848	1.465	0.429	1.384	-1.302	-1.468	-0.788	-1.235	1.3	1.024	1.0495	-1.718	0.007	-3.579	2.288	3.677	2.956	3.005	-1.445
"YDL199C"	0.078	-1.067	-1.047	-0.91	-0.764	0.737	-1.445	1.033	-1.751	-0.989	3.613	3.263	2.856	2.72	3.28	4.082	3.316	2.531	1.984	1.955	1.594	1.354	3.993	2.022	2.729	3.114	3.13	3.12	-1.518	2.842	1.371	1.971	-0.839	-1.011	-0.7	-2.107	1.243	1.289	1.783	-2.145	-1.505	-0.421	3.345	3.576	2.669	3.153	-1.286
"YDR018C"	-0.666	-1.193	-1.0	-0.778	-0.805	0.716	-0.544	1.427	-1.619	-2.567	3.364	2.349	2.874	2.861	3.117	3.091	2.951	2.752	1.593	2.161	1.98	1.843	3.883	1.951	2.398	3.208	2.318	2.708	-1.402	1.841	0.83	0.895	-1.874	-4.615	0.047	1.288	2.119	1.634	2.029	-0.47	-1.701	-2.379	2.796	2.941	2.212	2.156	-2.003
"YDR096W"	0.024	-1.83	-0.848	-0.687	-0.544	0.25	-1.51	1.175	0.287	0.089	3.784	2.911	3.051	3.058	2.906	3.751	3.511	2.071	2.127	2.135	1.735	1.58	1.85	2.169	2.377	2.916	3.613	3.341	-0.391	2.056	0.682	2.342	-1.844	-1.974	-1.206	-1.861	0.636	0.761	0.492	-1.233	-0.866	-3.292	1.2715	1.286	0.9155	1.2575	-0.561
"YDR169C"	-0.429	NaN	-0.148	-0.697	-0.787	0.624	-0.594	0.684	-0.628	0.607	1.221	1.876	1.904	1.078	1.85	1.419	1.661	1.046	1.355	1.071	1.002	0.667	1.538	1.438	1.35	1.608	0.592	1.183	-0.31	1.329	0.74	1.273	-1.9145	-1.5955	-0.412	-0.685	0.882	1.423	1.432	-2.262	-0.144	-2.0255	0.379	0.76	0.802	1.245	-1.428
"YDR272W"	-0.0625	-0.594	-0.202	-1.029	-0.2825	0.776	-0.389	0.7025	-0.892	-0.5085	2.977	2.0815	2.1805	1.707	1.849	1.7545	2.0205	1.229	1.303	1.3	0.972	0.893	1.8585	1.706	1.6595	1.796	1.5975	1.493	-1.4345	1.806	0.5055	0.919	-1.817	-0.743	-0.3765	-1.0185	1.6535	1.5705	1.168	-1.514	-0.813	-2.792	2.781	2.887	2.5605	2.444	-0.0755
"YDR358W"	-0.5405	-1.206	-0.352	-0.749	-0.6975	0.879	-1.202	1.084	-0.561	0.449	4.268	3.057	2.909	3.162	3.18	3.398	2.209	2.838	2.493	2.23	1.681	1.637	1.563	1.366	2.181	1.908	0.632	1.315	-1.318	1.086	1.034	1.765	-0.68	-1.185	-0.155	-1.87	1.418	1.571	1.13	-0.784	-0.683	-4.988	2.369	3.478	2.433	1.87	-1.946
"YEL024W"	0.314	-0.469	-0.889	-0.457	-0.339	1.353	-0.849	0.983	-0.918	-0.315	3.871	4.61	4.009	3.979	3.509	3.632	3.238	2.147	2.151	2.122	1.702	1.991	3.986	3.281	2.635	2.156	2.171	2.77	-0.833	2.753	1.256	2.36	-1.7515	-1.174	-1.8285	-0.908	0.92	1.058	0.686	-0.886	-1.267	0.1365	3.587	2.609	3.024	3.32	0.377
"YER101C"	-0.195	-0.05	-1.036	-1.104	0.081	1.078	-0.193	0.523	-0.763	-0.794	2.427	2.086	1.896	2.217	2.453	2.804	2.453	0.787	1.177	1.403	1.319	0.942	1.61	1.561	2.232	2.67	2.538	3.054	-0.642	0.822	0.318	1.681	-2.534	-7.022	-0.03	-2.013	0.357	0.982	1.544	-1.725	-0.364	-1.854	2.135	2.944	2.252	2.15	-0.875
"YGL187C"	0.168	-0.092	-0.473	0.236	-0.651	1.13	0.054	0.562	-1.258	-0.735	2.889	4.099	3.745	3.063	2.506	3.064	2.333	1.625	1.581	2.086	1.817	1.923	3.543	2.934	2.386	2.576	2.551	1.845	-0.953	2.576	0.834	2.122	-2.311	-1.726	-0.962	-0.784	0.093	0.828	0.325	-1.301	-0.99	-1.635	4.027	2.366	3.618	2.998	-0.193
"YGL191W"	-0.039	-0.466	0.262	-0.217	0.26	0.928	-0.208	0.674	-0.749	-0.895	2.252	3.271	3.144	2.566	2.571	2.095	3.652	2.011	1.736	2.578	1.952	2.511	2.806	2.892	2.225	2.502	3.079	2.957	-0.794	2.781	0.373	1.85	-3.095	-1.102	-0.692	0.342	0.987	1.342	1.358	-0.91	-0.5245	-3.412	4.404	2.257	3.94	2.721	0.527
"YGR046W"	0.029	-0.114	-0.722	-0.437	0.243	0.396	-0.023	0.132	-0.238	-0.297	1.736	1.476	1.541	1.423	2.266	1.783	2.451	1.017	1.191	1.392	1.12	0.811	2.016	1.666	1.74	1.89	2.246	2.534	-1.091	1.421	0.473	1.351	-1.949	-1.956	0.0	-1.591	0.946	0.953	1.259	-0.984	-0.7255	-2.404	1.512	1.407	1.753	2.026	-0.647
"YGR110W"	0.087	-0.404	-0.842	-0.982	-0.087	1.155	-0.429	0.363	-2.088	-2.399	3.059	3.408	3.575	2.845	3.106	3.427	4.541	2.006	1.881	2.242	2.425	2.361	3.976	2.805	2.625	2.566	2.578	4.305	-1.748	2.627	1.577	2.049	-1.741	-3.766	-1.3665	-1.4155	1.116	1.613	1.652	-2.762	-1.434	-3.0555	3.419	3.213	3.774	3.468	-0.565
"YGR183C"	0.141	-0.383	-0.307	-0.312	-0.226	1.39	-0.555	0.89	-1.335	-1.161	2.516	2.937	3.093	2.609	1.742	3.487	3.414	1.924	1.266	1.583	1.511	1.834	2.594	2.333	1.945	2.742	3.301	3.204	-0.847	0.987	0.497	1.505	-0.865	-6.375	-0.333	-0.95	0.537	0.538	0.509	-1.104	-0.764	-1.679	3.35	2.247	2.779	2.973	0.341
"YHR080C"	-0.1845	-0.802	-0.363	-1.545	-0.3905	0.193	-0.541	0.555	-0.342	0.144	1.941	1.991	1.729	1.78	1.729	2.163	1.526	1.243	0.799	0.997	0.9	0.397	1.659	1.173	2.129	2.365	2.045	1.23	-1.356	1.312	0.109	0.671	-0.568	-0.135	-0.506	-1.816	0.795	1.181	1.289	-0.525	-2.38	-0.9	1.513	2.273	1.43	1.912	-1.463
"YHR198C"	0.21	-0.508	-0.35	-0.927	-0.324	0.794	-0.473	0.851	-0.108	-0.578	2.49	2.329	2.036	1.997	1.423	2.147	1.974	1.833	1.546	1.304	0.516	0.796	3.022	1.712	1.194	1.8	2.126	2.184	-0.482	0.855	0.464	0.844	-1.834	-1.384	-1.123	-1.402	0.532	0.372	0.824	-1.223	-0.875	-2.182	1.587	1.91	1.531	1.175	-0.41
"YHR202W"	-0.053	-0.81	-0.762	-0.974	0.19	0.669	-0.784	0.771	-0.69	-1.153	1.967	1.557	2.281	2.348	1.915	1.612	1.256	1.377	1.513	1.107	1.497	0.577	1.476	1.52	1.329	1.646	1.458	0.932	-0.533	1.03	0.709	0.942	-3.459	-1.648	-1.886	-1.653	1.058	1.158	1.718	-2.093	-0.624	-1.692	1.404	1.221	1.421	0.946	-0.849
"YIL107C"	0.31	-1.133	-0.127	-0.542	0.228	0.493	-1.222	0.607	-0.953	-1.312	3.104	2.688	2.798	2.727	3.167	3.632	4.232	2.055	2.196	1.378	1.436	1.555	2.425	2.194	2.663	2.959	2.551	1.671	-1.105	2.179	1.28	2.551	-1.273	-1.194	-1.766	-0.419	1.695	1.931	2.323	-0.894	-1.294	-0.38	2.139	2.091	2.0635	1.966	-0.6725
"YIL122W"	0.198	-0.276	-0.322	-0.444	-0.728	0.898	-0.061	0.463	0.356	0.156	2.109	1.27	1.77	1.672	2.044	2.78	1.361	0.943	0.939	1.214	1.217	1.268	0.995	1.252	1.311	1.297	1.844	1.441	-0.158	1.277	0.646	1.262	-1.196	0.532	0.046	-1.029	1.015	1.293	0.618	-2.091	-0.834	-3.731	0.938	1.802	0.869	1.41	-0.49
"YJL103C"	0.071	-1.295	-0.752	-0.98	0.331	0.688	-0.823	0.858	-0.917	-0.966	3.518	3.541	3.739	3.366	3.386	3.31	4.161	2.515	1.735	2.684	2.107	1.985	3.108	2.803	2.436	3.198	3.063	3.151	-1.496	2.668	1.15	0.352	-0.795	NaN	-2.892	-1.574	1.466	1.552	1.399	-0.884	-0.54	-0.571	3.146	2.897	3.1435	2.663	-0.5165
"YJL166W"	0.287	-0.216	-0.344	-0.461	-0.088	1.485	-0.349	1.246	-0.984	-0.938	3.137	3.667	3.5	3.101	2.498	3.751	3.849	2.392	2.57	2.339	2.197	2.526	3.028	2.833	2.507	2.963	3.264	3.664	-0.518	1.383	1.362	1.113	-1.147	-0.857	-0.81	-1.748	1.237	1.203	0.888	-0.173	-0.098	-1.145	3.65	2.806	3.428	3.809	0.325
"YJL185C"	0.035	-0.637	-0.29	-0.743	-0.145	1.141	-0.704	0.43	-0.721	-1.092	2.062	2.22	2.091	1.526	1.748	2.056	3.178	1.358	1.2	1.493	2.057	1.529	2.666	1.76	2.126	2.385	2.188	4.108	-1.062	1.918	0.678	1.301	-2.118	-0.322	-1.605	-0.99	0.543	1.031	0.863	-0.225	-2.255	-2.559	1.808	1.727	2.015	1.24	0.055
"YKL188C"	-0.535	-1.0	-1.129	-0.334	-0.511	1.38	-0.711	0.867	-0.993	-0.628	3.327	2.618	3.762	3.442	3.541	3.541	4.022	1.904	2.493	2.062	2.272	2.582	3.154	2.7	2.25	2.41	1.848	2.413	-1.392	1.446	1.133	0.653	-0.75	-3.907	-0.729	-0.585	2.073	2.004	2.364	-2.285	-0.663	-2.653	1.935	2.464	1.642	1.838	-1.392
"YKR009C"	0.287	-0.661	-1.17	-0.749	-0.055	1.513	-0.427	0.704	-1.282	-1.406	3.745	3.401	3.725	4.306	3.934	1.861	3.808	2.174	2.628	1.431	3.166	2.958	2.522	2.425	1.963	1.392	4.39	3.928	-1.007	1.21	0.84	1.162	-1.372	0.96	-1.182	-2.818	0.921	2.025	1.16	-2.214	-1.052	-1.42	2.304	2.707	2.301	2.722	-0.66
"YLL020C"	0.138	-1.054	0.0	-1.249	-0.429	1.152	-1.874	1.125	-2.626	-0.49	2.548	2.425	2.819	2.393	2.931	3.266	3.846	1.718	1.37	1.193	1.519	1.423	1.886	1.633	2.494	2.677	3.623	3.679	-1.964	1.512	0.674	2.314	-1.316	-1.318	0.215	-0.888	0.408	1.227	1.505	0.399	-1.648	-1.683	2.618	2.452	2.687	2.504	-0.441
"YMR041C"	-0.267	-0.379	-0.577	-0.002	0.255	1.272	-0.345	0.972	-1.442	-1.322	2.698	2.004	2.832	2.978	2.929	2.621	3.076	1.775	2.112	1.896	1.753	1.758	2.527	2.599	1.92	2.51	2.402	2.04	-1.564	0.622	0.854	0.72	-2.052	-1.819	-1.195	-0.693	2.477	1.853	2.301	-1.137	-1.842	-1.474	0.902	1.59	2.577	1.99	0.214
"YMR256C"	NaN	-0.107	0.284	-0.091	NaN	0.796	-0.553	0.576	-1.088	-0.92	1.956	3.733	3.752	3.004	2.535	2.231	2.263	2.129	1.388	2.064	1.834	1.596	2.619	2.226	1.955	2.039	3.598	3.098	-0.7	NaN	0.067	1.843	-3.83	NaN	-2.69	-2.662	0.724	1.701	1.387	0.614	-1.943	-1.489	2.949	1.861	3.152	2.31	-0.307
"YMR271C"	0.09	-0.643	-1.064	-0.664	-0.03	0.599	-0.859	0.499	-2.916	-1.781	4.289	2.99	3.521	3.307	4.093	3.803	3.495	1.89	2.448	3.12	2.856	2.191	3.829	2.495	3.065	3.758	3.825	3.1	-2.511	1.852	0.925	2.576	-0.9095	-1.26	-0.4305	-1.2595	0.706	1.784	1.928	-0.791	-2.277	-1.277	2.473	2.63	2.408	1.194	-1.696
"YOR152C"	0.323	-1.438	-1.107	-1.251	0.255	1.159	-1.022	0.3705	-1.477	-1.275	3.13	2.73	2.6355	2.7555	2.9555	3.1825	3.475	1.069	1.5555	1.336	1.4745	1.5545	3.121	2.083	1.874	1.565	2.547	2.341	-2.314	1.437	1.684	1.61	-1.652	-3.091	-0.562	-2.225	1.878	1.446	0.973	-2.393	-1.147	-0.74	1.481	1.012	1.643	1.495	-1.354
"YPL133C"	0.235	0.222	-1.6805	-1.0645	0.181	0.415	0.1	-0.2025	0.077	0.151	1.543	1.4165	1.787	1.0835	1.5375	1.142	1.5795	0.556	0.436	0.7915	0.9515	0.561	1.783	1.16	0.879	0.799	0.417	1.434	0.157	1.376	-0.5615	0.818	-1.27	-1.673	-0.877	-1.318	0.601	0.934	1.068	-0.332	-0.029	-3.717	0.782	1.247	1.103	1.473	-0.549
"YPL196W"	-0.368	-0.527	-0.535	-0.8665	-0.081	0.595	-0.5505	0.9915	-0.3785	-0.7585	3.0515	1.806	2.0705	1.65	1.3525	2.2245	0.833	2.308	1.9775	1.8525	1.408	1.024	2.946	1.677	1.543	1.99	1.71	1.745	-0.222	1.068	0.408	0.967	-3.445	-2.105	-1.358	-0.919	1.223	1.016	1.679	-2.096	-0.21	-1.74	2.852	2.732	2.827	1.198	-0.359
"YPR030W"	-0.773	-1.0645	-0.620666666666667	-0.911666666666667	-0.737	0.82	-1.78466666666667	1.772	-1.52066666666667	-1.15733333333333	3.65966666666667	3.562	2.04466666666667	3.516	3.01833333333333	2.697	1.874	3.25733333333333	2.734	2.547	2.93833333333333	2.85566666666667	2.7965	2.7475	3.1415	2.585	2.9405	2.8075	-0.7965	2.367	1.34633333333333	3.653	-0.898	-4.644	-2.466	-1.992	0.424	2.0545	2.098	-1.936	0.007	-1.662	3.26	3.982	3.31	3.197	-0.58
"YPR061C"	-0.278	-0.263	-0.632	-0.279	-0.377	1.382	-0.3865	0.5455	-1.119	-1.369	3.2605	2.316	2.6935	2.418	3.046	3.174	4.0665	2.366	1.969	2.301	2.106	0.9435	2.595	1.949	1.796	2.895	0.276	3.554	-1.157	0.577	0.7575	1.824	-1.719	-1.852	-2.065	-0.779	1.273	1.84	1.634	-1.792	-0.726	NaN	2.392	1.657	2.125	2.157	0.146
