	"59.alpha factor release sample013"	"104.alpha factor release sample024"	"410.heat shock 21 to 37, 20 minutes"	"497.Heat Shock 000 minutes"	"651.alpha factor release sample019"	"781.Heat Shock 000 minutes (series 2)"	"802.Heat Shock 060 minutes"	"854.YPD_6_h_30C"	"855.YPD_8_h_30C"	"856.YPD_10_h_30C"	"857.YPD_12_h_30C"	"858.YPD_1_d_30C"	"859.YPD_2_d_30C"	"860.YPD_3_d_30C"	"861.YPD_5_d_30C"	"942.starv_in_H2O_1_h_30C"	"943.starv_in_H2O_2_h_30C"	"944.starv_in_H2O_4_h_30C"	"1012.YPD 12 h (25C)"	"1013.YPD 1 d (25C)"	"1014.YPD 2 d (25C)"	"1015.YPD 3 d (25C)"	"1016.YPD 5 d (25C)"	"1017.YPD 7 d (25C)"	"1018.YPD 13 d (25C)"	"1105.alpha factor release sample023"	"1109.alpha factor release sample014"	"1250.mec1_plus_gamma_10_min"	"1252.mec1_plus_gamma_30_min"	"1253.mec1_plus_gamma_45_min"	"2141.Elutriation2:Sample2:Time1.0hrs"	"4787.29C +1M sorbitol to 33C + 1M sorbitol - 30 min"	"4789.33C + 1M sorbitol vs. 29C - adapted"	"4872.1M sorbitol - 60 min"	"7549.33C no sorbitol 5 min"	"7760.Na 45min"	"7764.Na+FK 45min"	"7765.Na+FK 60min"	"8234.dtt 240 min"	"8235.dtt 480 min"	"11466.yO1 test hyb"	"14761.Ca 30min (1)"	"17473.Ca+FK 30min (5)"	"33774.DBY8778(wt)_stationary_phase_7hours"	"33775.DBY8778(wt)_stationary_phase_9hours"	"33779.delYPL230w_stationary_phase_5hours"	"33780.delYPL230w_stationary_phase_7hours"	"33781.delYPL230w_stationary_phase_9hours"
"YAL038W"	0.2835	0.173	0.166	0.595	0.2925	0.686	-0.086	-1.646	-2.233	-1.38	-0.311	-0.403	-0.02	-2.4	-6.086	-1.723	-2.007	-2.874	-3.1525	-0.7405	-0.4115	-1.1525	-1.42	-1.859	-3.2025	0.1475	-0.123	-0.243	-0.311	-0.122	0.473	-0.106	0.421	-0.282	0.294	-0.81	-1.209	-1.134	0.048	-0.159	-0.387	0.116	-0.127	-2.741	-2.734	-1.219	-2.874	-3.088
"YAR074C"	-0.652	0.237	-2.546	0.5465	-0.1715	0.513	-0.161	-1.997	-2.524	-2.203	-1.916	-2.289	1.547	-3.038	-2.968	-2.027	-2.048	-1.315	-1.803	-1.3125	-1.862	-2.226	-1.293	-1.8415	-2.013	0.3815	-0.4185	-0.7955	-0.3015	-0.4275	-0.4885	-0.331	-0.338	-0.161	0.071	-1.513	-1.695	-1.441	-1.087	-0.303	-1.176	-0.846	-0.9615	-1.309	-2.068	-2.165	-2.493	-1.653
"YBL028C"	0.2615	0.024	-3.261	1.0695	0.0705	1.018	-0.227	-4.609	-3.234	-2.754	-2.652	-2.015	-2.162	-2.828	-4.867	-3.002	-2.268	-1.944	-2.6315	-2.1695	-1.5655	-2.036	-1.7715	-2.0555	-1.6605	-0.1755	-0.7585	-1.079	0.374	0.112	-0.2275	0.265	0.182	0.0295	-0.626	-2.667	-2.532	-2.658	-1.82	0.019	-0.937	-1.477	-1.4835	-2.225	-1.545	-2.529	-1.888	-1.463
"YBL077W"	0.5	0.153	-1.735	0.6685	0.1545	0.519	0.221	-3.41	-2.161	-1.694	-1.571	-2.021	-1.176	-3.136	-5.081	-2.763	-2.285	-2.607	-2.792	-1.615	-2.0335	-2.345	-2.816	-3.3595	-3.1945	0.1025	0.001	-0.1325	0.12	-0.0375	-0.168	-0.155	-0.071	0.0635	0.095	-1.42	-1.153	-0.997	-0.818	-0.077	-1.547	-0.675	-1.4615	-2.847	-2.93	-2.854	-2.752	-2.048
"YBR118W"	0.5025	0.241	-0.196	0.486	0.105	1.118	0.477	-1.301	-1.154	-0.869	-0.643	-1.283	-1.247	-2.846	-5.272	-1.697	-1.781	-2.128	-2.0895	-0.8535	-1.4355	-1.294	-1.7525	-2.167	-3.221	0.2515	0.276	-0.4805	-0.393	-0.275	0.582	-0.293	0.194	-0.0625	-0.003	-0.901	-0.885	-0.941	-0.353	0.45	-1.681	-0.712	0.1125	-1.886	-2.658	-1.975	-1.748	-1.691
"YCR016W"	-0.045	0.149	-2.734	1.084	-0.61	1.101	-0.343	-2.836	-1.258	-1.77	-1.495	-2.335	-2.204	-1.226	-2.969	-2.199	-1.692	-1.762	-2.648	-1.736	-2.093	-2.5995	-2.6395	-2.9255	-2.8665	0.246	-0.94	-0.741	0.418	-0.076	0.176	0.135	0.043	-0.206	-0.771	-0.979	-1.134	-1.568	-0.86	-0.092	-1.448	-1.266	-0.943	-2.712	-2.45	-3.082	-2.031	-1.588
"YCR053W"	0.302	0.116	-0.915	0.3425	0.319	0.371	0.388	-2.562	-1.828	-2.374	-1.952	-1.707	-1.033	-3.556	-4.283	-1.206	-2.391	-1.41	-2.5805	-1.277	-1.531	-2.1605	-2.429	-3.1075	-2.714	0.033	-0.055	-0.34	0.0	-0.434	-0.333	0.074	0.041	-0.025	-0.099	-0.642	-0.451	-0.562	-0.771	0.11	-1.451	-0.713	-0.7405	-2.722	-2.601	-2.7365	-2.51	-2.2205
"YCR097W"	0.552	-0.384	0.61	-0.2735	0.054	-0.137	-0.427	2.156	1.914	1.524	0.67	1.47	1.285	2.584	1.527	1.706	1.875	1.419	1.4345	0.8755	0.9425	0.957	1.578	1.738	1.1225	0.143	0.454	0.098	-0.15	0.154	0.206	0.229	0.141	0.0995	0.004	-0.064	-0.335	-0.354	-0.322	-0.316	0.313	0.3955	-0.0466666666666667	1.542	2.20466666666667	0.986666666666667	1.68266666666667	1.64233333333333
"YDL031W"	0.003	0.345	-2.451	0.0995	-0.237	0.7675	0.2335	-2.5295	-1.061	-1.48	-0.963	-1.4395	-1.4865	-2.9525	-3.3365	-2.234	-1.5645	-1.2865	-2.49	-1.401	-1.0975	-1.1425	-1.8345	-1.8005	-1.127	0.846	-0.266	-0.419	0.636	0.16	0.228	0.4095	-0.2165	0.1475	-0.3065	-1.3565	-0.546	-1.206	0.1085	0.273	-0.955	-0.589	-0.429	-0.845	-1.181	-2.16	-0.888	-0.525
"YDL111C"	0.5265	0.094	-1.226	0.1465	0.18	0.579	0.291	-1.557	-1.7725	-1.675	-1.628	-1.9145	-1.3295	-4.07	-4.505	-1.0795	-2.186	-1.6645	-1.435	-1.6255	-1.548	-1.4565	-1.8915	-2.1955	-1.9395	0.31	-0.4095	-0.9755	-0.265	-0.235	-0.8035	0.0415	0.049	-0.086	-0.652	-0.886	-0.528	-0.747	-0.471	0.235	-0.9335	-0.37	-0.5565	-1.057	-0.73	-1.309	-1.542	-0.971
"YDL201W"	0.049	0.13	-1.652	1.17	-0.782	0.957	0.388	-3.282	-2.32	-1.899	-1.819	-1.285	-1.952	-1.537	-4.94	-2.29	-2.112	-1.765	-2.178	-1.317	-1.176	-1.363	-1.295	-1.218	-1.732	0.615	-0.263	-0.651	0.406	0.075	0.553	0.108	0.18	-0.17	-0.382	-1.275	-1.373	-1.767	-1.478	-0.121	-0.902	-0.969	-0.723	-2.098	-1.705	-2.492	-1.838	-1.138
"YDR023W"	0.001	0.082	-1.856	0.322	-0.457	0.568	-0.403	-1.814	-2.122	-1.859	-1.347	-2.164	-2.077	-2.907	-5.745	-1.288	-1.116	-1.813	-3.05	-1.744	-1.553	-2.313	-3.056	-3.357	-3.85	0.541	-0.212	-0.392	0.12	-0.098	0.324	-0.038	0.031	-0.019	0.1	-1.7	-1.754	-1.928	-1.507	-0.194	-2.091	-0.345	0.602	-2.302	-1.458	-1.05	-1.66	-0.861
"YDR025W"	0.038	0.003	-3.248	0.692	-0.38	1.014	-0.35	-3.904	-3.548	-3.252	-2.573	-2.592	-2.705	-3.393	-6.697	-3.357	-3.356	-3.471	-4.504	-2.828	-1.915	-2.886	-2.503	-2.895	-3.518	0.525	0.085	-0.728	-0.298	-0.397	0.662	-0.217	-0.215	-0.035	-0.185	-1.767	-1.45	-1.463	-2.304	0.084	-1.7675	-0.788	-0.412	-4.772	-3.127	-3.906	-3.552	-2.869
"YDR101C"	0.278	0.099	-3.659	1.358	-0.413	1.377	0.193	-4.306	-3.203	-3.082	-2.55	-2.315	-2.948	-4.145	-4.667	-3.385	-2.743	-1.752	-2.52	-2.005	-1.96	-2.252	-2.862	-3.177	-3.516	0.651	-0.843	-1.153	0.304	-0.178	-0.258	-0.278	-0.179	0.107	-1.228	-2.352	-2.477	-2.261	-1.291	0.391	-2.013	-1.784	-0.676	-2.088	-2.116	-3.048	-2.294	-1.739
"YDR341C"	-0.079	0.073	-1.494	0.688	-0.267	0.703	0.064	-3.559	-2.27	-1.485	-1.763	-1.574	-1.681	-3.212	-5.262	-2.587	-2.171	-2.134	-2.942	-1.135	-1.942	-2.263	-3.262	-3.294	-3.559	0.493	-0.347	-0.503	0.303	-0.174	0.078	-0.471	-0.371	0.1	-0.262	-2.215	-1.833	-1.888	-0.985	0.002	-1.562	-1.005	0.073	-1.936	-2.272	-2.142	-1.941	-1.169
"YDR413C"	-0.115	0.236	-2.502	1.14	-0.225	1.079	0.083	-2.622	-2.121	-1.802	-1.452	-1.554	-1.58	-1.42	-2.057	-1.399	-1.215	-1.12	-2.337	-1.725	-1.311	-1.594	-1.706	-1.349	-1.81	0.327	-0.392	-0.888	0.32	-0.272	0.059	0.068	-0.212	0.208	-0.927	-1.14	-1.054	-1.243	-1.316	-0.3	-1.613	-0.801	-0.665	-1.835	-1.046	-2.336	-1.502	-1.256
"YDR447C"	0.115	-0.42	-3.562	1.205	0.034	1.022	0.061	-4.882	-3.934	-3.531	-3.26	-2.507	-2.465	-3.659	-5.332	-3.574	-3.565	-2.813	-4.249	-2.279	-2.432	-2.817	-2.53	-2.625	-3.552	0.135	-0.058	-0.693	-0.463	0.056	0.242	-0.352	-0.151	0.176	-0.32	-2.33	-2.456	-2.291	-2.288	0.014	-2.1165	-0.781	-0.936	-3.67	-2.356	-4.358	-3.418	-2.211
"YDR505C"	-0.3	0.029	1.441	-0.719	-0.47	-0.734	-0.33	2.043	1.733	1.823	1.411	1.418	1.076	3.127	3.008	0.909	0.79	0.607	1.999	1.471	2.053	2.304	3.358	3.221	3.034	-0.067	0.439	0.13	-0.193	-0.684	0.25	-0.005	0.097	-0.013	0.18	0.77	0.954	1.153	0.529	-0.071	1.197	0.503	0.933	0.517	1.068	1.322	0.9	1.066
"YEL012W"	0.073	0.181	0.893	-0.322	-0.543	-1.202	-0.807	3.329	3.222	3.376	2.713	2.665	3.0	3.657	2.655	1.923	2.342	2.194	3.408	2.354	2.721	2.891	2.976	2.45	2.286	0.112	0.382	0.877	0.233	0.096	0.224	0.589	0.378	0.04	1.16	2.012	0.984	1.434	0.522	-0.105	1.722	1.6455	0.501	3.207	3.655	3.596	3.65	3.773
"YEL042W"	-0.34	-0.116	-1.862	0.745	0.546	-0.631	1.041	-1.578	-0.84	-0.254	-0.736	-1.264	-1.261	-3.201	-4.334	-1.707	-1.439	-1.329	-1.851	-1.109	-1.705	-1.658	-1.896	-2.665	-3.071	-0.199	-0.593	-0.666	-0.37	-0.452	-0.387	-0.088	-0.364	-0.007	0.115	-0.563	-1.148	-0.88	-0.42	0.835	-1.2195	-1.8235	-1.62	-1.793	-1.936	-1.842	-1.963	-0.946
"YER025W"	0.547	0.485	-2.611	1.033	-0.35	0.959	0.238	-3.167	-1.687	-1.57	-1.903	-1.256	-1.55	-2.274	-4.542	-2.203	-1.76	-1.79	-2.463	-1.42	-1.739	-2.023	-1.728	-2.125	-2.385	0.742	-0.146	-0.505	0.462	0.049	0.032	0.032	-0.177	0.0	-0.143	-1.481	-1.371	-1.049	-1.189	-0.025	-1.106	-0.054	-0.497	-1.582	-1.171	-1.434	-1.145	-0.866
"YER043C"	0.319	0.477	-1.897	1.109	-0.231	0.891	0.442	-3.945	-1.445	-1.979	-2.553	-2.767	-3.397	-4.78	-6.476	-2.364	-1.977	-3.096	-3.583	-2.272	-3.174	-3.716	-3.31	-4.857	-4.918	0.922	0.115	-1.277	-0.172	-0.049	-0.205	-0.699	-0.14	-0.103	-0.149	-0.873	-1.657	-1.941	-0.012	0.571	-1.415	-1.042	-0.702	-3.094	-2.542	-2.164	-2.202	-1.71
"YER086W"	0.262	0.171	-1.976	0.938	0.498	0.899	0.448	-3.714	-1.791	-1.128	-1.076	-1.236	-1.424	-3.61	-5.173	-2.869	-2.152	-2.311	-2.719	-1.373	-1.847	-1.837	-2.624	-2.882	-3.77	-0.024	-0.27	-0.654	-0.18	-0.119	-0.597	-0.556	-0.355	0.09	-0.453	-1.424	-1.305	-1.438	-0.061	0.374	-0.886	-0.367	0.328	-0.018	0.075	0.102	0.245	0.252
"YER102W"	0.682	0.436	-3.415	1.351	0.351	1.084	0.145	-3.932	-3.965	-3.177	-2.924	-2.3	-2.578	-3.64	-6.434	-3.101	-3.625	-3.37	-4.286	-2.008	-2.613	-2.593	-2.579	-3.326	-3.859	0.573	0.387	-0.393	-0.201	-0.115	0.561	-0.353	-0.092	0.299	-0.306	-1.83	-1.931	-1.792	-2.128	0.094	-2.388	-0.686	-0.284	-3.324	-2.758	-2.385	-2.329	-2.436
"YFL022C"	-0.381	0.059	-1.558	0.493	-0.72	0.828	0.472	-1.948	-1.3	-0.947	-0.707	-1.141	-1.042	-2.926	-4.867	-2.031	-1.805	-2.417	-0.894	-0.679	-1.011	-0.75	-0.494	-1.794	-1.707	0.443	-0.408	-0.165	0.141	-0.093	0.096	-0.004	-0.21	-0.267	-0.017	-0.355	-0.477	-0.32	-0.507	-0.012	-0.401	-0.4235	-0.089	-1.766	-2.026	-1.291	-1.494	-0.965
"YGL076C"	0.348	0.02	-3.119	1.317	0.077	1.147	-0.214	-3.969	-3.136	-2.73	-2.564	-2.446	-2.401	-3.976	-5.667	-3.32	-2.996	-2.857	-4.142	-2.037	-2.568	-2.648	-2.836	-2.79	-3.782	-0.02	-0.1	-0.518	-0.024	-0.076	0.313	-0.078	-0.013	-0.016	0.158	-1.847	-1.888	-1.94	-2.239	0.275	-1.8735	-0.8405	-0.5705	-4.003	-3.509	-3.347	-3.315	-2.544
"YGL099W"	0.048	0.056	-3.311	0.834	0.035	0.843	-0.158	-3.43	-2.011	-2.123	-1.774	-2.004	-2.335	-2.895	-5.764	-2.454	-1.59	-1.291	-2.755	-1.738	-1.805	-1.984	-2.516	-3.273	-3.42	0.058	-0.663	-0.807	0.244	-0.127	-0.073	-0.015	-0.388	0.157	-0.626	-1.31	-1.384	-1.23	-1.564	-0.048	-2.114	-1.219	-1.198	-2.608	-2.453	-3.506	-2.525	-1.211
"YGL111W"	0.039	-0.159	-2.867	0.939	-0.129	0.878	0.148	-3.668	-1.845	-1.719	-1.627	-1.26	-2.081	-2.589	-2.826	-2.085	-1.026	-0.515	-2.617	-1.672	-1.665	-1.401	-2.167	-1.95	-2.363	0.341	-0.695	-0.791	0.422	0.029	0.076	0.163	0.143	0.038	-0.532	-1.614	-1.429	-1.56	-1.04	-0.101	-1.525	-0.892	-0.432	-2.663	-2.385	-3.063	-1.924	-1.524
"YGL120C"	0.001	0.03	-3.877	1.075	0.073	1.116	0.105	-4.557	-3.087	-2.692	-1.947	-2.077	-2.282	-4.088	-5.111	-3.171	-3.229	-1.739	-3.459	-2.023	-2.178	-1.783	-2.866	-3.888	-4.137	-0.082	-0.816	-0.472	0.625	0.181	0.032	0.044	-0.095	0.0	-0.37	-1.588	-1.027	-1.427	-1.354	-0.239	-2.122	-1.42	-0.075	-2.891	-3.416	-3.546	-0.554	-2.329
"YGL171W"	0.23	-0.07	-3.208	1.073	0.187	1.03	0.45	-5.822	-2.949	-2.078	-1.942	-1.611	-1.839	-2.903	-4.649	-2.759	-2.384	-1.713	-3.704	-1.8	-1.731	-1.978	-2.292	-3.082	-2.503	-0.039	-1.233	-0.638	0.284	-0.137	-0.272	0.054	0.044	0.01	-1.204	-3.247	-2.897	-2.938	-1.607	-0.056	-1.315	-1.931	-1.237	-2.646	-2.402	-3.848	-2.304	-1.754
"YGR085C"	0.117	0.271	-3.664	1.473	0.039	1.133	0.028	-3.713	-3.301	-2.511	-2.202	-2.29	-2.146	-3.406	-6.059	-3.071	-3.255	-3.013	-4.359	-2.106	-2.625	-2.77	-3.306	-3.54	-4.179	0.566	0.296	-0.454	-0.135	0.32	0.765	0.081	0.137	0.278	0.144	-2.111	-1.917	-2.035	-1.876	0.048	-2.156	-0.55	-0.76	-4.004	-2.792	-3.45	-3.003	-2.048
"YGR094W"	-0.003	-0.042	-2.156	0.652	0.103	0.757	0.291	-3.268	-2.215	-2.202	-1.925	-2.093	-1.689	-4.521	NaN	-2.31	-2.538	-2.033	-3.175	-1.691	-2.442	-2.85	-4.254	-4.392	-5.518	0.068	-0.464	-0.484	-0.081	-0.511	-0.436	-0.496	-0.302	0.124	-0.123	-1.707	-1.725	-1.524	-0.549	-0.005	-2.133	-1.035	-0.708	-1.562	-1.2865	-1.024	-1.242	-0.8735
"YGR103W"	0.217	-0.009	-3.624	1.487	0.254	1.243	-0.359	-4.825	-3.051	-3.013	-2.66	-2.148	-2.349	-1.948	-5.518	-2.251	-2.402	-2.149	-4.861	-2.978	-2.918	-2.95	-2.768	-3.578	-3.882	0.059	-0.74	-1.272	0.424	0.422	-0.467	-0.183	-0.432	0.129	-0.602	-3.571	-2.866	-3.724	-2.287	0.06	-2.468	-2.61	-1.419	-3.1195	-2.6665	-4.287	-2.4	-2.155
"YGR123C"	0.246	0.079	-3.748	1.116	0.236	0.996	0.036	-4.447	-2.7	-2.234	-2.041	-1.249	-2.224	-3.794	-4.328	-2.878	-2.97	-2.137	-2.118	-1.549	-1.989	-1.536	-1.42	-2.413	-2.243	0.056	-0.459	-0.575	0.346	0.352	-0.505	-0.136	-0.323	-0.141	-0.479	-1.73	-1.647	-1.535	-1.589	0.062	-1.7365	-1.392	-0.9865	-2.403	-3.664	-3.836	-3.389	-2.052
"YGR145W"	0.227	-0.036	-3.4415	1.035	0.205	0.967	0.219	-4.245	-2.091	-1.808	-1.15	-1.077	-0.983	-2.133	-4.024	-2.214	-2.466	-1.257	-3.496	-2.143	-1.897	-1.466	-2.519	-3.279	-3.084	0.013	-1.362	-0.71	0.561	0.261	-0.575	0.541	0.008	0.034	-0.373	-2.735	-2.264	-2.469	-1.533	0.0	-1.336	-2.3135	-1.065	-2.313	-2.4	-4.009	-2.204	-1.849
"YGR148C"	0.284	-0.073	-3.2425	1.076	0.132	0.859	-0.205	-3.45	-3.596	-3.464	-3.033	-2.31	-2.615	-3.884	-5.757	-3.141	-3.011	-2.956	-5.063	-2.455	-2.508	-2.896	-3.022	-3.649	-4.092	0.689	-0.262	-0.547	-0.309	-0.325	0.132	-0.148	0.086	0.022	0.067	-2.108	-1.901	-1.746	-2.548	-0.332	-2.7095	-0.412	-0.405	-3.53	-2.779	-3.103	-2.693	-1.897
"YGR185C"	0.036	0.39	-0.9665	0.667	-0.077	0.691	0.305	-3.192	-1.697	-1.695	-1.31	-2.13	-2.168	-5.306	-6.361	-1.442	-1.736	-2.6	-2.754	-1.434	-2.531	-2.944	-4.576	-4.871	-5.006	0.221	0.047	0.199	0.501	0.085	0.366	0.117	0.056	0.181	0.142	-0.817	-0.772	-0.521	-0.708	0.116	-2.438	-0.52	-0.057	-3.17	-2.768	-2.136	-2.312	-2.205
"YGR264C"	0.31	0.04	-2.419	1.02	-0.046	0.85	-0.055	-3.787	-2.696	-3.156	-3.156	-2.945	-3.206	-5.206	-4.616	-3.505	-3.321	-2.811	-3.897	-2.503	-2.707	-3.468	-4.623	-4.957	-4.753	0.137	-0.385	-0.83	-0.043	-0.304	-0.322	-0.731	-0.467	-0.079	-0.581	-1.941	-1.599	-1.584	-1.659	-0.222	-2.468	-1.045	0.092	-3.556	-2.673	-3.33	-3.082	-1.962
"YGR285C"	0.366	0.098	-1.4285	1.014	0.243	0.764	0.052	-3.959	-2.444	-2.267	-1.794	-1.645	-1.67	-4.078	-6.1	-1.648	-1.332	-1.877	-3.556	-2.259	-2.557	-2.811	-3.452	-4.07	-4.065	0.302	-0.245	-0.565	0.038	-0.17	-0.235	-0.045	0.071	0.15	0.307	-1.952	-1.577	-1.929	-1.025	0.269	-2.068	-0.448	-0.641	-2.948	-2.607	-2.323	-2.554	-1.851
"YHR019C"	0.221	0.26	-2.3245	1.111	0.253	0.875	0.257	-2.949	-1.631	-1.096	-1.467	-1.831	-2.048	-4.051	-5.077	-3.299	-2.825	-2.664	-2.07	-1.385	-2.109	-2.06	-3.117	-3.721	-4.387	0.101	-0.238	-0.471	0.0	-0.085	0.058	-0.687	-0.557	0.071	-0.398	-1.387	-1.449	-1.608	-1.344	0.079	-1.834	-0.874	0.169	-0.939	-1.261	-0.462	-1.349	-0.665
"YHR025W"	0.047	-0.009	-1.172	0.819	0.029	0.702	0.631	-3.632	-1.376	-1.47	-1.274	-1.993	-1.868	-2.666	-5.429	-2.472	-2.269	-2.199	-1.781	-1.065	-1.97	-1.896	-1.471	-2.319	-2.178	-0.041	0.287	-0.61	-0.774	-0.578	0.423	-0.295	-0.216	-0.196	-0.186	-0.884	-1.078	-1.073	-0.709	0.105	-1.627	-0.935	-1.165	-3.915	-2.334	-3.0	-1.597	-1.63
"YHR064C"	0.135	0.198	-1.5555	0.709	-0.035	0.778	0.502	-4.543	-2.196	-1.596	-1.668	-1.77	-1.712	-3.329	-5.238	-3.074	-2.229	-2.559	-2.977	-1.449	-1.754	-2.25	-2.957	-3.678	-3.675	-0.164	-0.347	-0.569	0.149	0.018	-0.164	-0.474	-0.169	-0.069	0.062	-1.73	-1.335	-1.209	-1.038	0.526	-2.056	-1.524	-1.098	-2.793	-2.097	-2.415	-2.781	-1.789
"YHR068W"	0.291	-0.12	-1.646	0.968	0.123	0.941	0.191	-3.316	-2.566	-2.252	-2.251	-3.015	-2.166	-4.28	-6.532	-2.873	-2.52	-2.526	-2.945	-1.652	-1.927	-2.429	-2.724	-3.669	-3.425	-0.024	-0.034	-0.312	-0.081	-0.146	-0.163	-0.323	-0.473	0.241	-0.171	-0.673	-1.096	-0.878	-1.25	-0.051	-2.29	-1.233	-0.499	-2.437	-2.467	-2.406	-2.362	-1.8
"YHR089C"	0.093	-0.573	-4.6915	1.373	0.021	1.353	-0.407	-3.409	-3.231	-2.709	-2.468	-2.358	-2.702	-2.601	-4.276	-2.292	-1.864	-1.513	-4.426	-3.154	-3.217	-3.48	-3.254	-3.83	-3.913	-0.258	-0.818	-1.335	-0.276	-0.206	-0.533	-0.074	-0.339	-0.45	-0.638	-2.24	-1.588	-2.465	-1.661	0.137	-2.189	-1.117	-1.256	-2.523	-2.905	-3.956	-3.219	-2.005
"YIL078W"	0.382	0.025	-1.8365	0.897	0.174	0.771	-0.321	-2.907	-2.075	-2.018	-2.219	-2.498	-1.911	-5.192	-6.059	-2.282	-2.288	-2.5	-3.786	-1.821	-2.436	-3.226	-4.41	-4.902	-4.944	0.262	-0.232	-0.473	0.024	-0.114	-0.406	-0.439	-0.274	0.141	-0.163	-1.737	-1.447	-1.466	-1.285	-0.356	-2.348	-1.354	-0.206	-3.116	-1.937	-1.996	-2.548	-1.189
"YIL096C"	0.062	-0.381	-2.05	1.047	-0.206	0.919	0.241	-2.516	-1.562	-1.579	-1.041	-1.145	-1.095	-1.96	-3.119	-2.51	1.357	-0.843	-1.535	-1.122	-1.322	-0.882	-1.288	-1.637	-1.667	0.045	-0.714	-0.445	0.597	0.497	-0.159	0.726	0.383	0.224	-0.557	-1.959	-1.383	-1.453	-0.485	-0.062	-1.226	-1.473	-1.14	-1.746	-1.132	-2.167	-1.25	-1.163
"YIL127C"	0.018	-0.178	-2.6295	0.921	0.358	0.899	0.24	-3.825	-3.066	-2.308	-2.16	-1.369	-1.833	-1.8	-4.521	-3.072	-1.756	-1.412	-2.484	-1.39	-1.039	-1.481	-0.898	-1.52	-1.247	0.192	-1.075	-0.695	0.555	-0.011	-0.222	0.349	0.163	0.202	-0.947	-1.876	-2.052	-2.118	-1.608	-0.32	-1.671	-1.298	-0.78	-2.676	-1.774	-3.693	-1.968	-1.42
"YJR002W"	0.046	-0.0665	-3.20666666666667	1.18	0.078	1.003	-0.0425	-2.9885	-1.465	-0.8715	-0.6495	-0.7305	-0.868	-0.9755	-4.416	-2.066	-1.3185	-0.855	-2.212	-1.302	-1.257	-1.1615	-1.3795	-1.974	-2.293	-0.0675	-1.2265	-0.776	0.5365	0.3075	-0.2005	0.23	0.1105	-0.0345	-0.453	-2.0865	-1.7065	-1.7065	-1.223	-0.092	-0.924	-1.179	-1.062	-2.669	-1.374	-2.426	-1.264	-1.356
"YJR003C"	-0.515	-0.576	-1.5255	0.791	-0.057	0.758	0.246	-2.372	-2.025	-1.727	-1.346	-0.767	-1.43	-2.48	-3.457	-1.107	-1.02	-0.552	-2.02	-1.37	-0.824	-0.91	-2.176	-2.349	-2.42	-0.07	-1.223	-0.522	0.032	-0.175	-0.401	-0.355	-0.164	-0.218	-0.689	-0.903	-0.821	-1.233	-0.412	0.161	-0.882	-0.704	-0.46	-1.962	-1.307	-2.567	-1.637	-1.267
"YJR007W"	0.354	0.056	-1.9705	1.053	0.069	0.742	0.046	-2.169	-1.704	-1.629	-2.107	-1.68	-2.662	-3.21	-8.057	-1.588	-1.339	-1.824	-1.755	-1.571	-1.848	-2.051	-2.909	-3.009	-3.616	0.561	0.054	-0.971	-0.134	-0.034	-0.187	-0.282	0.133	-0.054	-0.332	-0.727	-0.579	-0.683	-0.67	0.088	-1.685	-0.565	-0.541	-2.064	-2.16	-1.742	-1.44	-1.636
"YJR143C"	-0.312	-0.032	-1.8185	0.597	0.525	0.657	0.551	-1.748	-1.012	-1.037	-1.648	-1.487	-1.713	-4.675	-5.523	-2.151	-2.716	-2.573	-1.799	-1.08	-1.986	-2.118	-3.335	-3.698	-3.382	-0.135	-0.745	-0.859	-0.859	-0.649	-0.571	-0.664	-0.82	0.239	-0.679	-1.07	-1.016	-0.848	-0.789	0.504	-1.896	-1.063	-0.026	-1.722	-1.351	-1.32	-1.52	-1.322
"YKL009W"	0.186	-0.442	-4.13	1.489	0.148	1.639	-0.16	-5.997	-3.719	-3.38	-2.839	-2.973	-2.449	-3.082	-6.168	-3.144	-2.368	-2.098	-4.341	-2.546	-2.432	-2.856	-2.349	-3.318	-2.938	-0.271	-1.412	-0.912	0.371	0.319	-0.863	0.232	0.222	0.251	-0.668	-2.841	-2.592	-2.565	-1.783	0.004	-2.269	-1.961	-1.546	-2.602	-2.728	-4.823	-3.636	-3.036
"YKL026C"	0.137	-0.046	1.793	-1.322	0.216	-1.167	-0.256	4.553	3.42	4.251	4.429	4.068	3.618	5.561	6.641	3.848	3.239	3.305	3.106	2.687	3.137	3.607	4.354	3.97	3.468	-0.017	0.155	0.436	-0.329	-0.292	0.239	0.677	0.059	0.101	0.919	1.439	1.227	1.317	1.407	0.216	1.288	1.545	0.876	3.937	5.449	3.949	4.063	3.2
"YKL081W"	0.491	0.397	-2.054	1.515	0.446	1.025	-0.276	-3.858	-3.184	-2.035	-2.096	-2.542	-3.137	-4.49	-5.155	-3.28	-3.157	-3.837	-3.635	-2.171	-3.222	-3.654	-2.997	-2.811	-3.497	0.279	0.261	-1.008	-0.663	-0.386	-0.004	-0.885	-0.722	-0.042	-0.521	-0.804	-1.351	-1.659	-1.603	0.393	-2.502	-1.706	-1.462	-3.076	-3.449	-3.386	-3.054	-2.989
"YKL099C"	-0.096	-0.488	-3.037	1.062	0.001	0.949	0.276	-4.145	-2.015	-2.146	-1.585	-1.353	-1.537	-1.671	-3.312	-2.585	-1.842	-1.608	-3.26	-1.746	-1.419	-1.618	-0.653	-3.165	-2.644	-0.406	-1.266	-0.565	0.63	0.2	-0.521	0.343	-0.006	0.19	-0.862	-2.597	-2.54	-2.778	-1.348	-0.15	NaN	-1.307	-0.905	-1.88	-1.394	-3.486	-1.59	-1.288
"YKL122C"	-0.173	-0.27	-1.106	0.567	0.069	0.549	0.07	-1.219	-1.334	-0.712	-1.091	-1.321	-1.025	-2.027	-4.576	-1.162	-0.85	-1.249	-1.955	-1.057	-1.296	-1.282	-2.178	-2.544	-2.706	-0.268	0.046	0.032	0.135	0.278	0.029	0.322	0.124	-0.006	0.025	-0.065	-0.188	-0.649	-0.84	-0.14	-0.857	-0.233	-0.571	-0.888	-0.911	-0.749	-1.142	-0.993
"YKL143W"	0.323	0.08	-3.248	0.94	0.182	0.262	-0.041	-4.748	-1.715	-2.281	-1.954	-1.458	-1.805	-2.312	-3.827	-2.756	-2.421	-1.691	-2.734	-1.821	-1.815	-1.965	-2.215	-3.005	-2.585	0.053	-1.207	-0.826	0.691	0.077	-0.273	0.532	0.174	0.06	-0.939	-2.976	-2.458	-3.373	-1.512	-0.173	-1.367	-2.906	-1.521	-2.618	-1.955	-3.914	-2.07	-1.525
"YKR060W"	0.144	-0.501	-2.337	1.066	0.081	1.076	0.428	-3.243	-2.165	-2.05	-2.019	-1.793	-2.106	-3.218	-3.796	-2.014	-1.723	-0.962	-2.182	-1.468	-1.536	-1.719	-1.64	-3.104	-1.59	-0.191	-0.393	-0.407	0.52	0.103	-0.302	0.693	0.316	-0.05	-0.497	-1.044	-1.186	-1.483	-1.309	-0.058	-1.493	-0.875	-0.849	-1.105	-1.234	-2.055	-1.281	-0.897
"YLL008W"	0.13	-0.016	-4.019	0.828	0.427	0.601	-0.136	-5.659	-3.509	-3.627	-2.64	-2.165	-3.282	-2.899	-6.113	-2.364	-2.55	-1.847	-3.473	-2.41	-2.154	-2.612	-2.386	-2.487	-2.92	0.064	-1.015	-0.611	0.236	-0.016	-0.22	0.335	-0.113	-0.01	-0.905	-2.724	-2.071	-2.458	-1.714	-0.054	-1.906	-2.012	-1.194	-1.915	-1.563	-3.042	-2.072	-1.554
"YLR003C"	-0.035	-0.573	-3.212	0.971	0.012	0.952	-0.196	-3.378	-2.664	-2.083	-1.89	-1.349	-1.803	-3.993	-3.267	-2.206	-1.397	-1.028	-3.393	-1.951	-1.333	-1.316	-2.966	-3.316	-3.421	-0.12	-0.555	-0.856	0.28	-0.005	0.11	0.234	0.219	0.049	-0.729	-1.985	-1.946	-1.909	-1.447	-0.099	-0.83	-1.551	-1.01	-2.516	-1.754	-3.839	-2.794	-1.764
"YLR009W"	0.433	0.072	-3.864	1.074	0.311	1.035	0.458	-4.675	-2.624	-2.259	-2.408	-1.898	-2.126	-2.518	-5.388	-2.737	-2.637	-1.705	-3.455	-2.226	-1.984	-2.757	-2.555	-3.216	-2.799	0.227	-0.85	-0.956	0.202	-0.217	-0.152	0.274	0.359	-0.064	-0.525	-2.802	-2.902	-2.825	-1.555	0.258	-1.779	-1.157	-1.085	-2.229	-1.452	-3.361	-1.953	-1.228
"YLR044C"	0.044	0.357	0.567	0.643	0.381	0.712	0.238	-2.007	-2.635	-1.83	-0.594	-0.448	-1.066	-4.948	-6.198	-1.634	-2.043	-2.307	-2.978	-0.64	-0.643	-1.066	-1.373	-0.923	-2.628	0.547	0.144	-1.249	-0.801	-0.725	0.58	-0.701	0.056	0.238	-0.067	-0.935	-0.936	-1.539	0.404	0.262	-1.154	-1.056	-1.272	-3.282	-3.407	-2.618	-3.903	-3.397
"YLR061W"	-0.03	-0.46	-3.851	1.1	-0.041	1.127	-0.216	-4.925	-4.297	-4.115	-3.603	-2.908	-3.127	-4.939	-6.591	-3.239	-3.818	-3.021	-4.326	-2.164	-2.433	-2.88	-3.309	-3.833	-3.91	-0.205	-0.182	-0.571	-0.386	-0.219	0.216	-0.17	-0.033	0.078	-0.192	-1.456	-1.889	-1.422	-1.984	0.32	-2.482	-0.26	-0.516	-2.468	-2.246	-4.004	-2.793	-2.94
"YLR134W"	0.4325	0.089	0.1285	0.232	0.557	0.3095	0.178	-2.4245	-3.4315	-2.2835	-1.553	-1.375	-2.7835	-5.018	-5.8935	-1.989	-1.875	-2.161	-2.7405	-0.767	-0.706	-1.1115	-1.3995	-1.2085	-2.6145	0.4435	0.0985	-1.3505	-0.7055	-0.713	0.511	-0.711	-0.1605	0.095	-0.2005	-1.0125	-1.026	-1.183	0.0565	-0.039	-0.655	-1.1645	-0.5845	-3.416	-3.64	-2.736	-3.769	-3.584
"YLR150W"	0.297	0.37	-2.209	1.346	0.319	1.264	-0.128	-2.804	-2.168	-1.847	-1.165	-1.319	-1.005	-2.579	-6.397	-2.284	-2.442	-2.752	-3.403	-1.162	-1.388	-1.386	-1.785	-1.84	-2.771	0.422	0.248	-0.377	-0.426	-0.145	0.915	0.072	0.467	-0.121	0.506	-1.498	-1.483	-1.184	-1.56	-0.017	-1.646	-0.599	-0.589	-3.064	-2.211	-2.235	-2.285	-1.844
"YLR175W"	0.166	-0.235	-4.902	1.215	0.105	1.304	0.137	-5.607	-3.276	-2.921	-2.657	-2.484	-3.068	-3.401	-5.468	-3.996	-3.068	-3.13	-4.678	-2.413	-2.762	-3.408	-3.701	-4.364	-4.96	0.11	-0.491	-0.922	0.148	-0.081	-0.266	-0.137	-0.421	0.21	-0.536	-2.188	-1.892	-1.798	-1.58	0.079	-2.422	-1.317	-0.22	-3.995	-3.16	-4.338	-2.959	-2.455
"YLR196W"	-0.542	-0.017	-4.532	1.483	-0.244	1.407	-0.022	-5.083	-3.01	-3.156	-2.049	-1.898	-2.276	-4.437	-5.836	-2.858	-2.859	-1.799	-4.378	-2.182	-2.66	-2.604	-3.933	-4.664	-4.392	-0.154	-1.037	-0.586	0.519	0.154	-0.54	0.437	0.046	0.24	-0.733	-2.793	-2.637	-2.454	-1.12	-0.11	-1.216	-1.483	-1.752	-2.901	-2.83	-3.658	-2.412	-1.969
"YLR197W"	0.196	-0.192	-5.179	1.23	0.018	1.252	-0.227	-5.817	-3.612	-3.173	-2.795	-2.789	-3.255	-4.736	-5.242	-3.899	-3.238	-3.258	-5.671	-2.611	-3.067	-3.716	-4.423	-4.976	-5.033	0.297	-0.493	-0.814	0.323	-0.035	-0.25	-0.335	-0.496	0.131	-0.682	-2.28	-1.768	-2.254	-1.869	0.175	-2.488	-1.484	-0.691	-4.983	-3.17	-4.545	-3.045	-2.593
"YLR221C"	0.067	-0.12	-2.528	1.119	-0.125	0.997	-0.377	-2.998	-2.097	-1.521	-1.444	-1.161	-1.853	-1.317	-1.577	-1.591	-0.902	-1.508	-2.27	-1.754	-1.704	-1.694	-1.533	-1.674	-1.643	-0.077	-0.184	-1.205	0.474	0.073	-0.189	0.148	0.041	0.144	-0.604	-2.46	-2.325	-2.724	-1.559	-0.407	-0.881	-1.152	-0.875	-1.916	-1.568	-3.361	-1.731	-1.498
"YLR244C"	-0.029	-0.082	-1.155	0.834	-0.039	0.71	0.545	-1.83	-1.39	-1.194	-1.003	-1.192	-0.596	-1.075	-3.008	-1.271	-1.518	-1.765	-1.654	-1.121	-1.021	-1.124	-1.587	-1.879	-2.452	-0.115	-0.327	0.146	0.473	0.025	-0.187	0.293	0.023	0.075	0.029	-0.539	-0.787	-0.739	-0.489	0.309	-1.338	-0.807	-0.49	-1.734	-2.019	-1.26	-1.303	-1.444
"YLR293C"	0.628	0.175	-1.135	0.886	0.215	0.877	0.327	-3.594	-2.185	-2.087	-2.565	-2.207	-2.675	-3.488	-6.281	-2.107	-1.751	-2.233	-2.473	-1.576	-1.45	-2.158	-2.379	-3.03	-3.186	0.633	0.459	-1.05	-0.048	-0.31	0.392	-0.172	0.068	0.078	-0.018	-0.606	-0.62	-0.593	-1.215	0.271	-2.235	-0.697	-1.025	-3.113	-2.525	-2.822	-2.422	-1.899
"YLR409C"	-0.042	-0.016	-3.852	0.947	-0.043	0.965	0.456	-4.402	-2.709	-2.6	-1.8	-1.629	-2.222	-3.204	-4.211	-2.308	-2.578	-1.928	-2.708	-1.92	-2.024	-2.286	-2.713	-3.315	-3.47	0.127	-0.419	-0.857	0.304	-0.171	-0.226	0.204	0.191	0.013	-0.827	-1.911	-1.565	-1.295	-1.55	0.062	-1.502	-1.373	-0.474	-2.143	-1.648	-3.231	-1.992	-1.204
"YLR435W"	0.368	-0.053	-2.415	1.251	-0.144	1.0	0.052	-4.216	-2.534	-2.556	-2.839	-2.421	-2.684	-2.8	-3.819	-1.506	-2.134	-1.317	-2.605	-2.004	-1.983	-2.216	-2.038	-2.387	-2.149	0.057	-0.283	-0.718	0.266	0.075	0.212	0.337	0.207	0.176	-0.705	-2.747	-2.528	-2.588	-1.591	0.155	-1.234	-0.822	-0.536	-2.298	-2.662	-4.563	-2.595	-2.03
"YLR448W"	-0.043	-0.242	-3.482	1.062	-0.001	0.837	0.246	-4.815	-3.882	-3.116	-3.083	-2.052	-2.688	-3.552	-5.971	-3.425	-3.454	-3.179	-4.891	-2.352	-2.521	-2.621	-2.668	-3.192	-4.132	-0.129	-0.231	-0.884	-0.172	0.096	0.183	-0.19	-0.189	0.011	-0.141	-1.987	-1.972	-1.41	-2.034	0.363	-2.337	-0.605	-1.671	-4.85	-3.788	-4.791	-4.505	-3.161
"YMR110C"	0.423	-0.285	2.824	-0.955	0.14	-1.172	-0.606	3.925	3.346	3.746	3.565	3.434	2.517	3.724	0.355	2.473	2.516	2.338	4.042	3.217	2.995	3.422	3.777	2.927	1.682	-0.375	0.703	0.795	0.27	-0.017	-0.392	0.017	0.255	-0.312	0.458	1.966	1.879	2.022	0.952	-0.079	2.645	1.778	1.02	3.97	4.096	3.64	3.462	2.896
"YMR130W"	-0.141	-0.034	-0.613	0.623	-0.034	0.607	0.092	-2.063	-1.784	-1.864	-1.924	-1.614	-1.215	-1.972	-3.845	-1.058	-1.571	-0.671	-1.858	-1.422	-1.36	-1.47	-2.339	-2.247	-2.295	-0.121	-0.387	-0.15	-0.242	-0.164	-0.204	-0.094	-0.179	-0.001	-0.831	-1.08	-1.205	-1.195	-0.356	-0.127	-1.328	0.387	0.165	-2.163	-2.01	-1.106	-1.807	-1.402
"YMR131C"	-0.139	0.094	-4.347	1.141	-0.057	0.906	0.181	-5.631	-3.641	-3.811	-2.698	-2.414	-2.914	-5.052	-6.665	-3.547	-2.98	1.316	-4.277	-2.776	-2.829	-3.214	-4.236	-5.241	-4.266	0.023	-0.494	-0.362	0.685	0.241	0.147	0.899	0.22	-0.015	-0.193	-3.012	-2.522	-2.8	-1.718	-0.13	-1.789	-1.638	-0.489	-1.412	-2.944	-4.181	-2.68	-1.908
"YMR235C"	0.149	0.232	-1.233	0.788	-0.102	0.731	-0.012	-1.54	-1.45	-1.143	-1.493	-1.783	-1.785	-3.534	-5.187	-1.622	-1.883	-1.879	-1.679	-1.439	-2.046	-2.046	-2.838	-3.21	-3.756	-0.006	0.281	0.04	0.419	0.274	0.221	-0.095	-0.04	0.196	-0.149	-0.515	-0.422	-0.439	-0.502	-0.087	-1.782	-0.214	0.213	-1.798	-1.514	-1.982	-1.573	-1.264
"YMR260C"	0.322	-0.253	-2.24	0.973	-0.176	0.597	-0.239	-3.404	-2.168	-2.559	-2.501	-2.112	-2.098	-2.549	-5.138	-2.251	-2.22	-2.366	-3.636	-1.666	-1.968	-2.005	-1.338	-1.729	-2.229	0.319	0.052	-0.507	0.011	0.083	0.255	-0.144	0.041	0.124	0.012	-1.655	-1.754	-2.191	-1.604	-0.336	-1.548	-0.723	-0.145	-2.426	-1.742	-2.447	-2.023	-1.573
"YMR307W"	-0.815	0.587	-1.803	0.693	0.6	0.655	0.738	-2.669	-1.341	-0.597	-1.909	-3.74	-1.803	-5.132	-5.877	-2.484	-2.482	-3.284	-3.55	-1.413	-2.493	-3.39	-4.432	-5.016	-4.56	0.337	-1.278	-1.251	-0.753	-0.436	-1.078	-0.658	-0.707	0.827	-0.754	-1.82	-2.047	-1.686	-0.004	0.926	-3.1665	-1.207	-0.235	-4.574	-3.18	-2.866	-2.995	-1.549
"YMR321C"	0.321	-0.03	-2.078	0.725	0.106	0.594	-0.252	-2.201	-2.459	-2.58	-2.138	-2.55	-2.298	-3.288	-3.811	-2.632	-2.309	-2.22	-2.252	-1.952	-1.913	-2.8	-2.409	-2.567	-2.424	0.441	-0.308	-0.234	0.233	-0.013	-0.389	-0.213	-0.403	-0.034	-0.231	-1.833	-1.457	-1.665	-2.051	-0.604	-2.3015	-1.131	-0.687	-1.627	-1.521	-2.994	-2.044	-1.506
"YNL002C"	0.906	-0.257	-4.222	1.243	-0.031	1.183	-0.305	-5.196	-2.914	-2.785	-2.336	-1.951	-2.475	-2.73	-3.468	-3.072	-2.59	-2.178	-3.426	-2.209	-1.856	-2.186	-2.277	-2.592	-2.588	0.235	-1.309	-1.005	0.458	0.12	-0.393	0.287	0.174	-0.059	-0.524	-2.774	-2.843	-2.776	-1.453	0.103	-1.942	-1.705	-1.098	-2.92	-2.649	-4.466	-2.41	-2.181
"YNL061W"	0.009	0.278	-3.948	1.161	0.083	1.249	0.001	-4.329	-2.031	-1.794	-1.22	-1.061	-1.547	-2.147	-4.27	-2.519	-2.417	-1.876	-3.268	-1.421	-1.555	-1.548	-1.276	-1.357	-1.899	-0.064	-0.67	-0.764	0.546	0.727	0.058	0.303	0.138	-0.042	-0.494	-2.599	-2.111	-2.07	-1.224	-0.024	-1.513	-1.925	-1.78	-2.055	-1.808	-2.571	-1.387	-1.085
"YNL062C"	0.029	-0.083	-2.844	1.074	0.14	0.899	0.356	-4.157	-2.785	-2.295	-2.256	-1.556	-2.835	-3.07	-6.263	-2.304	-2.254	-1.829	-2.028	-1.559	-1.91	-1.803	-1.717	-2.639	-2.206	-0.064	-0.707	-0.623	0.657	0.21	-0.063	0.456	0.157	-0.003	-0.372	-1.772	-1.751	-1.657	-1.0	-0.057	-1.7035	-1.389	-0.76	-2.698	-2.338	-2.838	-2.509	-1.871
"YNL096C"	0.113	-0.515	-3.202	1.017	0.106	0.749	-0.37	-4.113	-3.765	-3.642	-3.235	-2.81	-3.616	-4.038	-6.106	-3.331	-3.045	-2.761	-4.716	-2.906	-2.776	-3.041	-3.644	-4.096	-4.68	0.19	-0.522	-1.354	-0.463	-0.328	-0.029	-0.09	-0.167	-0.057	-0.273	-2.046	-1.701	-1.39	-2.448	-0.115	-2.8625	-0.486	-0.804	-3.52	-2.764	-3.087	-3.372	-2.098
"YNL119W"	0.09	-0.229	-3.435	1.189	0.012	1.033	0.068	-6.697	-3.692	-2.694	-2.909	-2.2	-3.337	-5.354	-6.231	-3.359	-3.366	-2.99	-3.55	-1.753	-1.955	-2.206	-2.822	-2.843	-3.318	-0.311	-0.165	-0.396	-0.143	-0.233	0.198	-0.351	-0.147	-0.324	-0.242	-1.868	-2.044	-2.032	-1.613	0.343	-1.92	-0.934	-1.136	-3.587	-2.801	-4.042	-2.748	-2.546
"YNL132W"	0.063	-0.013	-4.954	1.008	-0.092	0.683	0.113	-5.826	-3.389	-2.815	-3.25	-2.572	-3.653	-4.956	-6.392	-3.285	-3.141	-2.521	-4.353	-2.313	-2.799	-2.936	-3.396	-4.377	-4.049	0.654	-0.685	-1.284	0.448	0.121	-0.394	-0.184	-0.625	-0.079	-0.866	-2.468	-1.53	-2.164	-1.974	0.081	-1.281	-1.999	-1.39	-2.994	-2.948	-3.989	-2.673	-2.3
"YNL174W"	0.115	-0.115	-4.714	0.965	-0.254	0.755	-0.272	-5.141	-3.51	-3.428	0.252	-2.478	-2.797	-4.079	-4.409	-2.319	-2.439	-1.875	-4.372	-2.731	-2.682	-2.061	-3.046	-3.229	-3.118	-0.424	-0.626	-1.025	0.772	0.296	-0.104	-0.047	-0.34	0.29	-0.717	-2.4	-2.392	-2.87	-2.295	0.101	-2.2935	-1.716	-0.9	-1.035	-2.624	-3.816	-2.839	-1.053
"YNL175C"	0.031	-0.046	-3.931	1.14	-0.038	1.152	-0.153	-4.877	-2.65	-2.975	-2.4	-2.146	-2.117	-2.872	-6.011	-2.575	-2.601	-2.327	-4.587	-2.405	-2.804	-2.484	-2.404	-3.809	-2.849	-0.2	-0.786	-0.564	0.884	0.628	-0.216	0.033	-0.119	0.344	-0.514	-0.83	-2.034	-2.654	-2.163	-0.232	-2.238	-2.131	-0.698	-0.8535	-1.5355	-2.5475	-1.882	-1.502
"YOL077C"	0.164	-0.135	-4.28	1.476	-0.187	1.273	0.844	-5.186	-0.2885	-3.087	-2.568	-2.817	-2.79	-3.02	-6.552	-4.174	-0.219	-2.917	-3.705	-2.565	-2.549	-3.046	-3.299	-3.894	-4.326	0.349	-0.853	-1.111	0.373	-0.12	-0.235	0.039	-0.245	-0.102	-0.946	-3.287	-3.032	-2.96	-2.119	-0.4865	-2.39	-2.152	-1.182	-2.855	-2.586	-5.145	-2.894	-2.392
"YOR091W"	-0.175	-0.058	-2.309	0.681	0.099	0.834	0.846	-3.211	-2.424	-2.536	-1.957	0.162	-2.1815	-1.3995	-1.504	-1.597	0.6055	0.102	-2.354	-1.778	-1.125	-1.688	-2.009	-2.005	-1.815	0.016	-0.906	0.687	0.689	-0.015	-0.009	0.409	-0.109	0.123	-0.606	-1.265	-1.459	-1.295	-0.4405	0.766	-1.424	-1.199	-0.6	-2.587	-1.87	-3.639	-2.474	-2.19
"YOR224C"	0.014	-0.464	-2.102	0.887	0.002	0.9	0.4155	-2.895	-1.9785	-1.9375	-1.8585	-2.2005	-2.081	-3.348	-4.849	-2.254	-2.252	-2.4505	-2.185	-1.678	-2.173	-2.296	-2.099	-2.615	-2.202	-0.248	-0.232	0.195	0.252	0.391	-0.021	-0.016	-0.056	0.002	-0.325	-0.997	-1.367	-1.309	-1.127	0.3945	-2.041	-1.033	NaN	-1.343	-1.751	-2.113	-1.739	-1.681
"YOR243C"	0.171	0.055	-3.982	1.203	-0.154	1.139	0.268	-3.8055	-2.475	-2.128	-2.1915	-1.6015	-2.2855	-3.3625	-4.3935	-2.588	-2.1815	-1.6325	-3.635	-2.371	-2.179	-2.726	-2.865	-4.484	-3.863	0.417	1.102	-0.862	0.313	-0.06	-0.043	0.012	-0.316	-0.005	-0.631	-1.872	-1.652	-1.335	-1.1555	-0.016	-1.712	-1.367	-0.203	-1.759	-1.808	-2.825	-2.065	-1.562
"YOR309C"	-0.047	-0.425	-5.514	0.423	0.015	0.3	-0.079	-6.798	-4.4185	-4.0545	-4.227	-3.75	-3.942	-4.234	-6.859	-3.709	-3.9105	-3.8235	-5.839	-3.084	-3.704	-4.353	-4.746	-5.449	-5.009	-0.023	-0.775	-0.98	0.124	-0.135	-0.399	-0.254	-0.411	0.043	-0.722	-2.396	-1.875	-2.034	-1.968	0.1005	-3.451	-1.903	-1.409	-2.543	-3.28	-4.097	-3.518	-2.477
"YOR310C"	-0.085	0.058	-3.004	1.211	-0.066	1.223	0.1095	-6.006	-3.92	-3.4655	-3.0705	-3.303	-3.319	-4.7765	-7.1385	-3.766	-3.585	-3.5415	-5.777	-2.773	-3.838	-4.105	-4.745	-5.099	-4.866	0.022	-0.424	-0.299	0.311	0.326	-0.286	0.094	-0.116	0.202	-0.215	-2.449	-2.08	-2.17	-1.8115	0.287	-2.849	-1.755	-1.023	-4.564	-4.629	-5.14	-4.292	-3.502
"YPL037C"	0.397	-0.075	-1.081	0.835	0.008	0.69	0.278	-2.6595	-2.081	-2.0885	-1.9235	-1.975	-2.12	-3.9955	-5.417	-1.813	-1.4435	-2.148	-2.203	-1.255	-1.561	-1.872	-2.115	-3.222	-3.654	0.421	0.108	-0.1	0.123	-0.045	0.585	0.084	0.204	-0.106	0.213	-1.391	-1.135	-1.78	-0.8305	0.2175	-1.648	0.135	-0.113	-2.236	-1.607	-1.437	-1.831	-1.289
"YPL079W"	0.125	-0.307	-3.828	0.688	-0.085	1.126	-0.0855	-4.616	-4.1965	-3.787	-3.3525	-2.3565	-2.6495	-3.892	-6.4765	-3.085	-3.172	-3.0255	-4.735	-2.781	-2.741	-3.087	-3.015	-3.498	-4.547	0.687	-0.598	-0.548	-0.359	-0.327	-0.252	0.022	-0.248	0.031	0.019	-2.574	-2.209	-2.429	-2.1725	0.227	-1.673	-0.341	-0.789	-2.865	-2.753	-3.573	-3.431	-2.725
"YPL081W"	-0.061	-0.167	-3.841	0.427	-0.001	0.779	0.297	-4.5065	-3.3595	-3.199	-3.083	-2.508	-3.086	-3.4025	-6.801	-2.5355	-2.916	-2.428	-4.022	-2.461	-2.849	-2.929	-2.789	-2.909	-3.725	0.763	-0.841	-0.462	-0.091	-0.034	0.033	0.033	-0.049	0.099	-0.155	-2.576	-2.383	-2.29	-1.5395	0.195	-1.844	-0.084	-0.371	-3.083	-2.359	-3.939	-2.717	-2.656
"YPL090C"	-0.03	0.1	-3.965	0.955	-0.097	0.871	-0.2155	-3.9615	-3.256	-2.7785	-2.4215	-2.57	-2.203	-4.364	-6.197	-3.398	-3.223	-3.3795	-5.307	-2.412	-2.833	-2.954	-3.292	-3.309	-4.719	0.142	-0.326	-0.316	-0.193	0.121	0.175	-0.095	0.154	-0.045	0.276	-2.805	-1.985	-1.805	-2.16	-0.0745	-2.061	-0.43	-1.019	-4.244	-3.265	-4.101	-3.571	-2.951
"YPL160W"	0.055	0.233	-2.429	0.5835	-0.0555	0.598	0.238333333333333	-3.26033333333333	-2.28466666666667	-1.777	-1.608	-1.47166666666667	-2.13233333333333	-3.08233333333333	-5.284	-2.22666666666667	-2.35066666666667	-2.11133333333333	-4.0365	-1.8835	-2.449	-2.824	-3.1695	-3.499	-2.977	0.1235	-0.2405	0.02	0.4205	0.3825	-0.086	0.0735	-0.045	0.0515	0.2015	-1.523	-0.682	-0.496	-1.13233333333333	-0.192666666666667	-1.8045	-1.1215	-0.944	-3.477	-2.958	-3.512	-2.719	-2.2345
"YPL211W"	0.223	-0.222	-2.713	1.059	0.034	0.954	5.0E-4	-5.5605	-3.5535	-3.356	-3.4755	-2.914	-3.869	-4.4555	-5.029	-3.216	-3.3805	-3.046	-4.129	-2.485	-2.918	NaN	-3.267	-2.652	-2.337	0.349	-0.872	-1.228	0.372	0.488	-0.296	0.064	-0.267	-0.02	-0.77	-3.124	-1.914	-2.688	-1.921	0.3355	-2.25	-1.887	-1.513	-2.333	-2.347	-3.981	-2.743	-1.72
"YPL226W"	0.451	0.4525	-4.183	0.7565	0.2445	0.906666666666667	0.375666666666667	-4.86566666666667	-3.38066666666667	-2.57633333333333	-2.407	-1.80333333333333	-2.21533333333333	-3.95033333333333	-5.67966666666667	-3.37333333333333	-2.503	-2.786	-4.0095	-2.363	-2.3985	-2.8955	-3.407	-2.9025	-3.983	0.332	-0.4555	-0.4755	0.026	-0.275	-0.395	-0.4785	-0.3465	-0.0735	-0.433	-1.907	-1.3845	-1.3565	-1.60566666666667	0.138666666666667	-1.7375	-1.5835	-1.004	-2.657	-3.519	-3.811	-3.004	-2.748
"YPL273W"	0.317	-0.022	-2.375	0.8235	0.076	0.772	-0.00466666666666667	-3.42133333333333	-2.60833333333333	-2.705	-2.59566666666667	-2.792	-2.96466666666667	-3.722	-5.69966666666667	-2.94366666666667	-2.86466666666667	-2.69266666666667	-2.8035	-2.088	-2.4545	-3.2755	-2.794	-3.21	-3.3575	0.278	-0.196	-0.098	0.4205	0.0375	-0.708	-0.25	-0.2485	0.0235	-0.487	-2.1035	-1.784	-1.728	-1.961	-0.238	-2.628	-0.639	-0.706	-1.883	-1.961	-3.012	-2.524	-2.277
"YPR074C"	0.274	-0.032	-1.438	0.666	0.137	0.5385	0.3585	-3.2435	-2.5595	-2.0485	-2.134	-3.2975	-2.2945	-5.337	-5.42	-3.374	-2.2005	-3.7185	-3.649	-1.5	-2.351	-3.162	-3.369	-3.61	-3.663	0.309	-0.112	-1.353	-0.988	-0.959	-0.085	-0.73	-0.32	-0.227	-0.476	-0.87	-1.303	-1.055	-0.518	0.343	-3.132	-1.257	-0.615	-4.473	-3.729	-2.351	-3.123	-1.997
"YPR080W"	0.276	-0.118	-0.447	0.842	0.319	0.8085	0.264	-2.0535	-1.906	-1.6575	-1.6075	-1.771	-2.584	-2.848	-5.6305	-2.094	-2.144	-2.5835	-2.241	-0.95	-1.197	-1.321	-1.689	-2.389	-3.139	0.23	-0.183	-0.865	-0.672	-0.689	0.351	-0.383	0.218	-0.11	-0.088	-1.067	-0.995	-0.778	-0.4715	0.172	-1.681	-0.364	-0.014	-1.584	-1.319	-2.31	-1.719	-1.872
"YPR110C"	0.114	-0.211	-3.728	0.96	0.058	1.068	0.0235	-5.7185	-3.423	-3.2115	-2.9215	-2.8345	-3.133	-3.662	-6.318	-3.01	-3.296	-2.285	-3.88	-2.186	-2.175	-2.703	-2.993	-3.212	-3.358	0.257	-0.53	-0.755	0.381	0.098	0.034	-0.016	0.038	-0.091	-0.438	-2.308	-2.158	-2.174	-1.359	0.23	-2.108	-0.902	-0.404	-2.851	-1.853	-3.882	-3.113	-2.597
"YPR142C"	0.284	-0.246	-3.322	0.737	-0.22	0.6755	0.0545	-2.3555	-1.5845	-1.639	-1.534	-1.412	-1.2625	-1.555	-3.138	-2.0655	-1.2365	-0.927	-2.665	-1.608	-1.227	-1.214	-0.85	-1.681	-1.456	-0.864	-0.904	-0.723	0.398	-0.094	-0.864	0.244	-0.048	-0.076	-0.521	-1.649	-1.528	-1.714	-1.498	-0.076	-1.613	-0.945	-0.386	-0.516	-0.592	-1.825	-0.874	-0.475
"YPR144C"	0.252	-0.241	-3.366	1.086	-0.182	1.1655	0.5695	-3.855	-1.9705	-2.235	-1.9295	-0.6445	-1.9405	-3.129	-4.2065	-2.0425	-1.8885	-1.2035	-2.256	-1.327	-1.4	-1.22	-1.687	-2.51	-2.411	0.129	-0.986	-0.48	0.422	-0.311	0.312	0.214	0.135	0.207	-0.537	-1.376	-1.438	-1.474	-1.284	0.524	-1.298	-1.1	-0.7	-2.991	-2.5	-3.937	-2.277	-1.752
