	"49.Elutriation2:Sample2:Time0.0hrs"	"781.Heat Shock 000 minutes (series 2)"	"797.Heat Shock 000 minutes (series 3)"	"800.Heat Shock 015 minutes"	"809.DBY7286 37degree heat - 20 min"	"812.1M sorbitol - 45 min (* centrifugation problem)"	"834.1.5 mM diamide (30 min)"	"836.1.5 mM diamide (40 min)"	"838.1.5 mM diamide (50 min)"	"854.YPD_6_h_30C"	"855.YPD_8_h_30C"	"856.YPD_10_h_30C"	"857.YPD_12_h_30C"	"858.YPD_1_d_30C"	"859.YPD_2_d_30C"	"860.YPD_3_d_30C"	"861.YPD_5_d_30C"	"943.starv_in_H2O_2_h_30C"	"944.starv_in_H2O_4_h_30C"	"945.starv_in_H2O_6_h_30C"	"1013.YPD 1 d (25C)"	"1014.YPD 2 d (25C)"	"1015.YPD 3 d (25C)"	"1016.YPD 5 d (25C)"	"1017.YPD 7 d (25C)"	"1018.YPD 13 d (25C)"	"1108.DY zap1 3 mM vs. 10 uM zinc #2"	"2560.29C to 33C - 15 min"	"4785.29C +1M sorbitol to 33C + 1M sorbitol - 15 min"	"4786.29C +1M sorbitol to 33C + 1M sorbitol - 5 min"	"8210.steady state 33 dec C"	"13057.wt/crz1 Na 30min (1)"	"13059.wt/crz1 Na 45min (1)"	"13060.wt/crz1 Na 45min (2)"	"18434.2mM MD 100min"
"YBL048W"	0.332	-0.17	0.053	0.13	0.583	-0.019	0.303	0.504	0.494	2.166	2.348	1.633	1.65	2.762	1.81	2.869	1.891	2.214	2.039	1.089	1.224	2.101	2.7535	3.8365	3.63	2.8605	1.383	0.077	-0.194	0.004	-0.455	-0.002	0.2	0.14	0.3895
"YBL049W"	0.6225	-0.568	-0.687	0.846	0.389	0.3565	0.486	-0.45	0.194	3.632	4.071	3.507	4.101	4.812	2.844	4.254	3.391	2.309	3.401	3.138	2.7155	2.9925	3.8385	4.9405	5.2455	4.1525	0.6365	0.08	0.328	0.315	-0.355	0.096	0.096	0.159	1.8675
"YBL072C"	-0.878	1.377	1.296	-0.733	-1.75	-0.1225	-1.241	-1.217	-1.082	-3.835	-3.367	-3.036	-2.694	-2.486	-3.041	-3.192	-6.241	-3.401	-3.188	-3.091	-2.074	-2.5425	-2.5865	-2.5245	-3.2065	-4.2	0.489	-0.33	0.266	-0.282	0.042	0.729	0.435	0.389	-2.53
"YBR076W"	0.261	-0.213	-0.175	0.201	0.095	0.012	0.143	0.114	0.054	2.187	2.018	2.385	2.231	2.268	2.994	3.472	1.946	0.936	1.395	1.303	0.618	1.4395	1.6245	2.2365	2.6415	1.4465	0.4045	0.068	-0.026	-0.68	0.088	-0.324	-0.114	0.367	1.1285
"YBR121C"	-0.6285	0.701	0.752	-0.865	-1.349	-0.1795	-1.117	-0.761	-0.747	-2.66	-1.84	-1.582	-1.543	-2.186	-2.714	-4.037	-5.791	-1.95	-2.366	-2.465	-1.721	-2.416	-3.155	-4.1355	-4.173	-4.5985	-0.2445	-0.332	0.104	-0.234	0.053	0.184	-0.124	-0.147	-0.8775
"YBR191W"	-0.6505	1.388	0.879	-0.971	-1.55	-0.2265	-1.127	-1.155	-0.933	-3.54	-3.222	-3.049	-2.249	-1.912	-2.071	-3.167	-5.241	-3.411	-2.563	-2.467	-2.1205	-2.496	-2.5175	-2.3795	-2.6255	-3.136	0.149	-0.149	0.19	-0.228	0.222	0.931	0.299	0.44	-1.94
"YDR023W"	0.068	0.568	0.525	-0.306	-1.003	-0.041	-1.616	-1.177	-0.916	-1.814	-2.122	-1.859	-1.347	-2.164	-2.077	-2.907	-5.745	-1.116	-1.813	-1.696	-1.744	-1.553	-2.313	-3.056	-3.357	-3.85	0.146	-0.114	0.321	0.248	-0.069	0.528	0.03	0.041	-0.456
"YDR025W"	-0.49	1.014	0.806	-1.096	-1.477	-0.129	-1.822	-1.268	-0.964	-3.904	-3.548	-3.252	-2.573	-2.592	-2.705	-3.393	-6.697	-3.356	-3.471	-3.326	-2.828	-1.915	-2.886	-2.503	-2.895	-3.518	-0.038	-0.21	0.174	-0.28	-0.508	0.7205	0.2095	0.205	-2.574
"YDR037W"	-1.56	0.672	0.502	-0.89	-1.052	-0.072	-1.65	-1.299	-0.894	-4.313	-3.427	-3.607	-3.146	-3.858	-3.458	-4.551	-5.224	-2.505	-2.756	-2.42	-2.384	-2.681	-2.313	-2.916	-3.368	-3.772	-0.048	-0.423	0.038	-0.335	0.213	0.525	0.064	0.055	-1.8475
"YDR064W"	-1.077	0.993	1.04	-0.84	-1.107	-0.36	-0.86	-0.953	-0.838	-3.874	-3.241	-2.585	-2.577	-2.639	-2.597	-3.761	-5.03	-3.138	-2.511	-2.495	-2.228	-2.718	-2.943	-2.527	-2.531	-3.199	0.231	0.057	0.039	-0.157	-0.166	0.6125	0.142	0.0105	-1.85066666666667
"YDR262W"	0.7795	-0.067	-0.017	0.509	0.6425	0.8595	-0.0425	0.1765	0.0675	1.7335	1.8585	1.8825	2.06	2.6665	3.1335	3.3725	2.869	1.473	1.6855	1.6875	2.2405	3.0895	3.2615	4.491	4.8085	4.03	1.2825	0.029	0.219	0.003	-0.646	-0.145	0.139	0.121	0.666
"YDR275W"	0.457	0.088	0.248	0.1585	0.4675	0.331	0.559	0.551	0.346	1.553	2.2955	2.594	2.161	3.009	3.1575	3.166	0.442	0.947	1.6115	1.519	2.036	2.324	3.0055	1.5585	2.794	2.3525	0.626	-0.5015	-0.364	-0.229	-0.244	0.038	0.0365	0.182	0.896
"YDR313C"	0.32	-0.484	-0.515	0.642	0.202	0.073	0.101	0.216	0.074	2.369	1.675	1.715	1.7	1.941	2.03	2.161	0.084	1.576	1.583	1.359	1.141	2.304	2.311	2.992	2.624	1.746	0.087	0.305	-0.079	0.126	-0.27	0.354	0.398	0.431	-1.262
"YDR417C"	-0.348	0.832	0.691	-1.059	-1.469	0.305	-1.257	-1.053	-0.737	-3.705	-2.778	-2.992	-2.407	-2.511	-3.327	-4.279	-5.062	-3.209	-2.864	-2.95	-2.458	-2.573	-2.986	-2.861	-3.022	-3.606	0.039	-0.354	-0.056	-0.55	-0.274	0.803	0.423	0.292	-1.456
"YDR418W"	-0.416	1.21	1.134	-0.801	-1.558	0.005	-1.178	-1.012	-0.736	-3.707	-3.13	-2.7	-2.237	-2.192	-2.976	-3.074	-5.866	-3.181	-2.797	-2.605	-2.5	-2.792	-2.82	-2.866	-3.091	-4.066	0.066	-0.293	0.065	-0.382	-0.006	0.927	0.287	0.634	-1.527
"YEL011W"	1.59	-2.279	-3.165	2.057	1.499	2.062	3.68	3.075	1.614	4.662	3.869	4.663	4.646	4.72	4.761	5.15	3.465	3.74	3.022	2.308	3.795	3.906	3.266	3.642	5.213	4.068	1.521	2.517	2.63	2.301	0.0	-0.156	0.203	0.381	1.78575
"YER015W"	0.267	-2.585	-0.718	0.629	-0.084	-0.067	0.292	0.008	-0.421	2.172	2.385	3.584	3.301	3.005	2.769	3.101	0.363	1.623	1.816	0.843	2.401	1.979	2.609	2.833	1.972	1.943	0.551	0.349	-1.4	1.115	-0.401	-0.2315	-0.3	0.08	1.25825
"YER043C"	-1.913	0.891	0.879	-0.623	-0.957	-0.337	-0.657	-0.39	-0.209	-3.945	-1.445	-1.979	-2.553	-2.767	-3.397	-4.78	-6.476	-1.977	-3.096	-3.18	-2.272	-3.174	-3.716	-3.31	-4.857	-4.918	0.136	-0.419	-0.031	-0.535	-0.005	-0.439	-0.222	0.0	0.368
"YER102W"	-0.099	1.084	1.107	-0.754	-1.667	-0.058	-1.302	-1.36	-1.134	-3.932	-3.965	-3.177	-2.924	-2.3	-2.578	-3.64	-6.434	-3.625	-3.37	-3.204	-2.008	-2.613	-2.593	-2.579	-3.326	-3.859	0.339	-0.393	0.167	-0.424	0.266	0.789	0.399	0.529	-2.0335
"YER116C"	0.583	-0.246	0.042	0.247	0.144	-0.094	-0.293	0.068	0.016	1.235	1.172	1.249	0.994	1.572	1.644	2.613	1.018	1.004	1.09	0.923	0.474	1.115	1.236	1.784	2.637	1.75	0.048	-0.057	0.072	0.204	-0.023	0.2895	0.1145	0.1055	0.79
"YFR009W"	0.104	0.407	0.394	-0.01	-0.25	-0.042	-0.698	-0.607	-0.901	-0.973	-1.89	-1.318	-1.513	-2.017	-1.914	-3.004	-4.932	-1.105	-1.586	-1.585	-1.862	-2.089	-2.511	-3.291	-3.978	-4.281	0.111	-0.037	-0.052	-0.015	0.436	-0.036	-0.092	-0.0845	0.11275
"YFR031BC"	-0.623	1.306	0.846	-1.335	-1.592	-0.473	-1.486	-1.45	-1.145	-4.567	-3.823	-3.84	-2.931	-2.798	-2.801	-4.702	-7.029	-3.949	-3.594	-3.523	-2.253	-2.521	-2.912	-3.164	-3.863	-4.146	0.234	-0.331	0.022	-0.638	0.241	0.669	0.501	0.098	-1.889
"YGL012W"	-0.728	0.604	0.106	-0.425	-0.412	-0.279	0.161	0.186	0.17	-0.785	-0.204	-0.453	-0.901	-2.128	-1.968	-3.06	-3.869	-2.067	-2.25	-2.267	-1.151	-2.143	-2.209	-2.691	-2.742	-2.333	-0.096	0.144	-0.122	-0.361	0.079	0.095	0.073	0.137	-0.848
"YGL030W"	-0.383	1.167	1.037	-0.813	-1.531	-0.296	-1.042	-1.103	-0.964	-3.613	-2.888	-2.582	-1.861	-2.363	-2.008	-3.668	-5.484	-2.751	-2.6	-2.361	-2.059	-2.592	-2.534	-1.668	-2.044	-3.011	0.056	-0.2	-0.009	-0.389	-0.186	0.6475	0.269	0.2045	-1.665
"YGL076C"	-0.443	1.147	1.006	-1.065	-1.533	-0.206	-1.355	-1.333	-1.087	-3.969	-3.136	-2.73	-2.564	-2.446	-2.401	-3.976	-5.667	-2.996	-2.857	-1.957	-2.037	-2.568	-2.648	-2.836	-2.79	-3.782	0.185	-0.122	0.348	0.027	-0.013	0.903	0.3355	0.3835	-2.27433333333333
"YGL135W"	-0.125	1.101	0.43	-1.047	-1.72	-0.02	-1.323	-1.448	-1.169	-3.221	-2.573	-2.455	-2.548	-2.301	-2.942	-3.418	-5.687	-3.23	-3.119	-2.071	-2.03	-2.512	-2.692	-2.267	-2.874	-3.825	-0.142	-0.293	-0.198	-0.692	-0.211	0.718	0.551	0.488	-2.371
"YGL192W"	0.432	-0.087	-0.006	0.512	-0.094	0.125	-0.036	0.0	-0.105	2.077	1.847	2.102	1.774	1.845	2.403	3.302	2.778	0.543	1.135	-0.882	1.691	1.824	2.073	3.832	4.675	3.934	-0.126	-0.051	-0.092	-0.175	0.155	0.025	0.078	0.171	1.6785
"YGR027C"	-0.327	1.017	0.858	-0.583	-1.469	0.049	-0.659	-0.848	-0.668	-3.433	-2.572	-1.843	-1.632	-1.57	-1.697	-2.797	-5.39	-2.616	-2.612	-2.307	-1.612	-1.779	-1.889	-1.187	-1.867	-2.368	0.035	-0.152	0.102	-0.187	0.128	0.796	0.235	0.274	-1.587
"YGR185C"	-0.591	0.691	0.336	-0.215	-0.5725	-0.308	-0.921	-0.502	-0.797	-3.192	-1.697	-1.695	-1.31	-2.13	-2.168	-5.306	-6.361	-1.736	-2.6	-2.266	-1.434	-2.531	-2.944	-4.576	-4.871	-5.006	-0.052	-0.175	0.289	-0.072	0.193	0.072	-0.002	-0.011	-0.521
"YGR201C"	1.012	-0.375	-0.93	0.631	1.276	0.66	1.272	1.488	1.144	5.046	4.249	4.063	4.377	5.158	4.49	4.974	2.68	2.97	2.896	3.228	2.842	3.597	2.109	2.914	5.103	3.769	-0.151	0.523	0.165	0.837	0.102	-0.588	-0.859	-0.622	1.8985
"YHR128W"	-0.792	0.833	0.683	-1.047	-0.9425	-0.214	-1.043	-0.605	-0.538	-4.359	-3.335	-2.68	-3.111	-3.159	-3.742	-4.967	-6.006	-3.988	-3.361	-3.012	-2.425	-3.051	-3.482	-3.191	-3.494	-3.516	-0.287	-0.449	-0.305	-0.661	-0.115	0.916	0.27	0.315	-1.736
"YHR141C"	-0.315	1.451	0.967	-0.903	-0.9915	-0.085	-0.968	-1.051	-0.767	-2.32	-2.364	-2.143	-1.635	-1.491	-1.631	-2.472	-3.64	-2.677	-2.575	-1.44	-1.591	-1.753	-1.569	-1.819	-1.838	-2.014	-0.685	-0.058	0.207	-0.13	0.18	0.868	0.449	0.391	-1.209
"YHR203C"	-0.72	1.011	0.884	-0.834	-1.815	-0.001	-1.393	-1.236	-1.061	-3.926	-2.827	-3.148	-2.671	-2.372	-2.895	-3.782	-5.944	-3.774	-3.412	-3.049	-2.276	-2.437	-2.591	-2.575	-3.081	-3.941	0.172	-0.362	0.017	-0.39	-0.14	0.651	0.073	0.156	-1.5545
"YIL018W"	-0.608	1.177	1.056	-1.381	-1.7325	-0.465	-1.216	-1.193	-0.959	-4.365	-3.03	-2.782	-2.724	-2.488	-2.78	-3.492	-5.749	-3.505	-3.056	-3.151	-1.842	-2.218	-2.606	-2.661	-3.27	-3.914	0.036	-0.418	-0.079	-0.619	0.179	0.579	0.22	0.186	-1.2065
"YIL024C"	-0.033	-0.367	0.23	0.18	0.019	-0.011	0.053	0.163	0.18	1.752	1.466	2.328	1.159	2.847	3.318	3.515	-0.016	1.716	2.096	2.065	1.286	1.751	2.664	-0.517	2.102	1.195	-0.115	-0.117	0.013	-0.414	-0.272	0.111	0.478	0.378	0.2605
"YIL078W"	-0.482	0.771	0.648	-0.437	-1.347	-0.192	-1.162	-0.997	-0.935	-2.907	-2.075	-2.018	-2.219	-2.498	-1.911	-5.192	-6.059	-2.288	-2.5	-2.462	-1.821	-2.436	-3.226	-4.41	-4.902	-4.944	-0.181	-0.45	0.127	-0.212	0.108	0.344	0.305	0.336	-0.0135
"YIL120W"	-0.068	-0.226	-0.528	0.349	-0.008	0.046	0.33	0.669	0.496	1.649	1.536	1.395	1.32	1.525	1.822	4.578	0.924	0.799	1.319	1.289	1.293	0.996	2.065	0.518	3.061	2.677	-0.221	0.258	0.175	0.119	0.233	-0.041	0.125	-0.043	0.24
"YIL146C"	0.261	0.007	-0.123	0.317	0.0065	-0.053	-0.074	-0.163	-0.211	2.334	2.196	2.111	2.234	2.539	2.94	3.637	2.194	0.997	1.658	1.857	1.867	2.177	2.693	3.595	3.491	2.947	-0.293	0.049	-0.392	-0.215	-0.271	-0.265	-0.583	-0.309	0.822
"YJL014W"	-0.19	0.557	0.495	-0.386	-0.1915	0.084	0.153	0.321	0.179	-1.884	-1.661	-1.298	-1.283	-1.494	-1.383	-2.624	-3.962	-1.866	-1.425	-1.317	-1.338	-1.558	-1.58	-2.252	-3.068	-2.866	-0.171	-0.262	-0.153	-0.075	-0.014	0.084	-0.03	-0.093	0.383
"YJL190C"	-1.343	1.453	1.126	-1.283	-1.701	0.088	-1.241	-1.374	-1.306	-3.794	-3.553	-3.267	-2.958	-2.413	-3.287	-3.585	-6.079	-3.744	-3.536	-3.062	-2.547	-3.105	-3.227	-2.941	-3.365	-3.524	-0.277	-0.176	0.122	-0.51	0.146	0.839	0.457	0.454	-1.942
"YJR145C"	-0.446	1.341	0.963	-1.012	-1.7845	-0.008	-1.453	-1.379	-1.129	-4.507	-3.488	-3.177	-2.731	-2.328	-2.413	-3.54	-6.528	-3.547	-3.597	-3.707	-1.988	-2.396	-2.336	-2.519	-3.105	-3.178	0.142	-0.29	0.033	-0.481	0.38	0.805	0.394	0.212	-1.6925
"YKL050C"	-0.645	0.094	0.029	-0.314	-0.235	0.037	-0.843	-0.773	-0.727	1.443	0.631	1.612	3.19	4.636	NaN	3.353	0.498	1.181	1.798	1.481	2.384	4.351	4.561	2.659	2.578	1.692	-0.177	-0.299	-0.442	-0.468	0.322	-0.144	0.132	-0.229	0.781
"YKL107W"	0.393	-0.434	0.755	0.237	0.441	-0.247	0.184	0.231	0.084	1.977	2.059	2.503	3.68	4.957	3.01	2.551	0.927	3.458	3.261	3.268	1.672	3.239	2.313	2.83	4.046	3.889	-0.281	0.037	0.022	0.191	-0.093	-0.199	-0.096	-0.188	1.728
"YKL221W"	0.889	-0.363	0.435	-0.068	-0.086	-0.031	0.443	0.294	0.484	0.339	-0.315	0.252	0.688	1.742	1.399	2.449	0.857	0.797	2.486	1.388	0.941	2.035	3.264	2.869	2.6	2.515	-0.411	0.061	-0.341	-0.326	0.222	-0.171	-0.159	-0.183	0.098
"YKR009C"	0.535	-0.427	-0.892	0.704	0.293	0.22	0.863	0.249	0.2	3.745	3.401	3.725	4.306	3.934	1.861	3.808	2.401	1.431	3.166	2.958	2.425	1.963	1.392	4.39	3.928	3.376	-0.002	0.848	0.641	0.939	0.087	-0.36	-0.439	-0.4	1.588
"YLL044W"	-0.738	1.115	1.006	-1.173	-1.796	-0.37	-1.415	-1.356	-0.936	-4.871	-3.525	-3.158	-2.869	-2.211	-2.963	-3.79	-6.48	-3.031	-3.269	-2.156	-1.944	-2.654	-2.736	-2.724	-3.494	-3.967	-0.168	-0.452	0.009	-0.489	-0.032	0.842	0.284	0.343	-1.891
"YLL045C"	-0.597	1.348	1.206	-0.961	-1.721	-0.167	-1.27	-1.25	-0.851	-3.851	-3.176	-2.506	-2.189	-1.64	-2.221	-3.857	-6.618	-3.335	-3.185	-2.744	-2.096	-2.604	-2.495	-2.943	-3.021	-3.731	-0.075	-0.311	0.226	-0.25	0.427	0.676	0.158	0.219	-2.057
"YLR060W"	-0.945	0.614	0.566	-0.483	-0.273	-0.118	-0.866	-0.578	-0.436	-3.165	-2.617	-2.047	-2.296	-2.499	-2.849	-4.941	-5.967	-1.988	-2.672	-2.566	-1.546	-2.397	-2.667	-3.118	-3.713	-4.371	0.136	-0.11	0.433	0.123	0.194	0.203	-0.058	-0.301	1.044
"YLR062C"	-0.374	1.05	1.07	-1.285	-1.524	-0.16	-1.241	-1.17	-0.933	-4.53	-4.418	-3.352	-3.067	-3.127	-4.077	-5.705	-6.896	-3.985	-3.965	-3.18	-2.666	-3.209	-3.706	-4.299	-4.293	-5.234	0.127	-0.293	0.347	-0.097	-0.077	0.77	0.105	0.185	-2.74
"YLR149C"	1.155	-3.161	-1.939	1.445	2.08	1.429	1.922	2.187	1.356	4.105	3.465	3.717	3.85	3.986	3.387	4.874	3.471	3.191	2.983	3.163	3.585	4.206	4.313	5.295	5.72	4.926	1.988	2.089	2.18	2.511	-0.351	-0.646	-0.165	-0.342	2.799
"YLR156W"	0.157	-0.466	-0.643	-0.014	0.13	0.051	0.529	0.769	0.483	1.281	1.462	1.837	1.612	2.511	3.06	3.101	1.177	0.48	1.183	0.986	1.84	2.087	2.291	3.877	3.302	3.197	0.213	0.236	0.29	0.467	0.084	-0.297	0.102	-0.085	0.279
"YLR164W"	0.762	-0.396	-0.867	0.78	0.134	0.299	0.725	0.706	0.326	4.52	3.048	3.554	4.168	5.283	4.605	4.582	0.128	3.134	3.068	3.756	1.643	1.874	1.017	2.092	3.006	2.089	-0.971	0.291	0.246	0.129	-0.171	-0.272	-0.359	-0.17	1.25
"YLR220W"	-0.155	-0.121	-0.357	0.288	0.382	-0.038	0.181	-0.025	-0.188	1.101	1.707	1.669	1.656	1.663	2.105	2.235	-0.901	0.124	0.051	0.253	1.334	1.229	1.582	2.346	2.536	1.771	-0.828	0.558	0.466	0.171	0.287	-0.17	-0.199	-0.131	-0.593
"YLR264W"	-1.073	0.922	0.819	-0.057	-1.119	-0.149	-0.78	-0.856	-0.664	-3.105	-2.523	-2.018	-1.862	-1.529	-1.693	-2.597	-5.152	-2.94	-2.616	-2.15	-2.236	-2.241	-2.158	-1.649	-2.334	-2.391	0.01	0.049	0.182	-0.11	0.31	0.774	0.768	0.667	-1.094
"YLR311C"	-0.443	-1.1	0.289	0.301	0.07	0.489	-0.202	-0.219	-0.577	3.535	3.882	4.224	3.277	3.765	2.811	3.182	3.563	2.026	2.73	2.447	1.807	2.447	3.128	3.92	3.702	3.13	0.646	0.048	0.201	-0.146	-0.83	-0.022	0.21	0.233	2.069
"YLR333C"	-0.552	0.802	0.708	-0.676	-0.585	0.117	-1.029	-1.065	-0.903	-3.93	-3.067	-2.402	-2.401	-1.851	-2.342	-3.011	-5.863	-3.334	-2.939	-2.483	-1.898	-2.092	-2.057	-1.584	-2.45	-2.848	0.4	-0.276	0.319	-0.24	-0.169	0.829	0.51	0.544	-1.681
"YLR346C"	0.6125	-0.268	-0.343	0.317	0.028	-0.015	0.598	0.633	0.485	0.918	0.74	1.098	1.147	2.457	2.059	1.542	0.471	2.764	2.616	2.764	1.318	2.26	2.52	2.849	2.638	2.241	0.386	0.082	0.033	0.295	-0.564	-0.191	0.084	0.029	0.734
"YLR388W"	-0.587	1.145	0.956	-0.943	-1.406	0.045	-0.961	-1.106	-0.753	-3.12	-2.544	-2.264	-1.926	-1.98	-1.738	-3.596	-5.506	-3.058	-2.742	-2.362	-2.079	-2.671	-2.555	-2.232	-2.581	-3.193	0.34	-0.166	0.18	-0.378	-0.079	0.593	0.131	0.25	-2.131
"YMR118C"	0.342	-0.346	0.221	0.068	0.093	0.064	-0.202	-0.168	-0.435	1.566	2.237	2.784	3.914	5.005	4.013	3.37	0.688	2.062	3.038	3.051	2.637	3.669	3.896	3.917	3.997	2.908	-0.291	0.103	-0.145	-0.22	0.113	0.462	0.444	0.473	1.629
"YMR235C"	-0.145	0.731	0.601	-0.347	-0.608	0.14	-0.449	-0.303	-0.266	-1.54	-1.45	-1.143	-1.493	-1.783	-1.785	-3.534	-5.187	-1.883	-1.879	-2.052	-1.439	-2.046	-2.046	-2.838	-3.21	-3.756	-0.176	-0.132	0.155	-0.159	0.22	0.315	0.123	-0.02	-0.871
"YMR321C"	-1.048	0.594	0.793	-1.159	-1.217	0.161	-1.412	-1.064	-0.833	-2.201	-2.459	-2.58	-2.138	-2.55	-2.298	-3.288	-3.811	-2.309	-2.22	-2.53	-1.952	-1.913	-2.8	-2.409	-2.567	-2.424	-0.499	-0.611	-0.151	-0.723	-0.325	0.307	0.456	0.441	-1.016
"YNL223W"	1.184	-0.544	-0.736	0.903	0.221	-0.008	0.912	0.77	0.4	2.732	2.157	2.221	2.465	2.269	2.643	2.323	-0.643	1.265	1.291	1.189	1.642	1.911	2.195	1.917	2.141	1.362	0.571	0.414	0.75	0.67	-0.258	-0.153	-0.315	-0.175	0.766
"YOR031W"	1.815	-0.796	1.107	1.3715	1.575	0.018	0.736	0.774	0.579	2.7555	1.852	1.0025	2.213	0.9345	2.678	6.023	2.537	2.258	1.24	3.299	2.427	3.88	4.039	5.635	5.711	5.6	2.001	0.939	0.669	1.499	-1.343	-0.375	-0.25	-0.324	-0.978
"YOR032C"	1.057	-1.485	-1.726	0.918	0.135	-0.196	0.976	-0.259	0.434	1.409	0.91	1.8835	2.276	2.372	2.21	3.784	3.271	1.9435	1.946	2.901	1.033	2.599	2.772	3.53	4.701	3.536	0.685	1.174	0.82	-0.345	-0.848	-0.191	-0.052	-0.085	0.436
"YOR239W"	-0.204	-0.073	0.2635	-0.423	-0.598	0.065	-0.228	-0.15	0.217	-1.208	-0.777	-0.5165	-1.1765	-1.31	-2.145	-3.232	-5.0985	-1.0745	-1.633	-1.8425	-1.273	-2.053	-2.15	-3.149	-3.934	-3.704	-0.287	-0.188	0.293	0.187	-0.357	0.1695	-0.2655	-0.1615	0.0255
"YPL090C"	-0.838	0.871	0.9415	-1.289	-1.691	-0.55	-1.202	-1.4	-0.979	-3.9615	-3.256	-2.7785	-2.4215	-2.57	-2.203	-4.364	-6.197	-3.223	-3.3795	-3.2385	-2.412	-2.833	-2.954	-3.292	-3.309	-4.719	0.015	-0.186	0.439	-0.088	-0.1215	0.702	0.227	0.112	-1.875
"YPL147W"	0.5235	-0.977	0.140666666666667	1.13066666666667	0.263	0.1405	0.719666666666667	0.381	-0.0706666666666667	2.51633333333333	2.51233333333333	3.635	3.046	3.802	3.194	5.74466666666667	5.18233333333333	2.89133333333333	2.694	2.44766666666667	2.8035	2.074	2.4785	4.8195	4.6645	4.599	-0.1905	0.055	0.158	0.294	0.00966666666666667	-0.616	0.081	0.002	1.481
"YPL230W"	1.487	-2.9475	-2.8995	1.771	1.996	1.668	2.621	1.973	1.0795	5.7835	4.1855	4.254	4.299	4.5545	5.401	6.6385	4.1485	3.9765	3.797	3.6845	4.265	4.16	3.897	5.844	6.611	5.087	1.945	2.412	2.23	1.99	0.249	-0.827	-0.408	-0.552	1.366
"YPL273W"	-1.333	0.772	0.938	-0.877	-1.352	0.2315	-1.504	-1.141	-0.931666666666667	-3.42133333333333	-2.60833333333333	-2.705	-2.59566666666667	-2.792	-2.96466666666667	-3.722	-5.69966666666667	-2.86466666666667	-2.69266666666667	-2.72566666666667	-2.088	-2.4545	-3.2755	-2.794	-3.21	-3.3575	-0.4665	-0.6175	-0.023	-0.686	-0.003	0.544	0.446	0.535	-1.456
"YPR049C"	0.1265	0.074	-0.408666666666667	0.567666666666667	-0.3735	-0.0095	-0.084	0.037	0.100333333333333	0.953333333333333	1.08666666666667	1.18466666666667	1.38933333333333	1.679	2.121	2.34566666666667	1.69966666666667	0.571666666666667	0.793666666666667	1.18933333333333	1.119	1.5345	1.8485	2.0825	1.4045	1.546	-5.0E-4	0.208	0.504	1.008	0.546	0.0135	-0.0235	-0.0245	2.391
"YPR118W"	-0.706	0.7795	0.756	-0.696	-1.296	0.0	-0.768	-0.463	-0.2405	-2.848	-3.0	-2.0775	-2.4945	-2.706	-3.095	-3.9965	-5.524	-2.5375	-2.305	-2.577	-1.488	-2.594	-2.077	-2.882	-3.334	-3.538	0.069	-0.774	-0.008	-0.711	-0.0435	0.239	0.023	-0.046	-0.696
