	"80.cdc15 070 min"	"81.cdc15 090 min"	"298.Tunicamycin vs. Ctrl"	"597.25 deg growth"	"686.YP ethanol vs reference pool"	"825.DY (zap1) 3 mM vs. 61 nM zinc"	"854.YPD_6_h_30C"	"855.YPD_8_h_30C"	"856.YPD_10_h_30C"	"857.YPD_12_h_30C"	"858.YPD_1_d_30C"	"859.YPD_2_d_30C"	"866.starv_in_H2O_0.5_h_30C"	"942.starv_in_H2O_1_h_30C"	"943.starv_in_H2O_2_h_30C"	"944.starv_in_H2O_4_h_30C"	"945.starv_in_H2O_6_h_30C"	"1009.YPD 2 h (25C)"	"1012.YPD 12 h (25C)"	"1013.YPD 1 d (25C)"	"1014.YPD 2 d (25C)"	"1015.YPD 3 d (25C)"	"1016.YPD 5 d (25C)"	"1017.YPD 7 d (25C)"	"1018.YPD 13 d (25C)"	"4872.1M sorbitol - 60 min"	"5187.MHY1 (crt1) vs CRY1 (wild type)"	"6668.wt - 0.1 mM H2O2 - 10 min"	"8197.steady state 25 dec C"	"8204.steady state 29 dec C"	"8213.steady state 36 dec C"	"8282.Gal induced MCM1 vs. Glucose"	"12744.heat shock 17 to 37, 20 minutes"	"16338.DES460 vs. DES460 YPD log phase control"	"21634..24 mM H2O2- 155 minutes"	"28841.P2Comp 08 hr 19 min Phosphate Batch vs Chemostat Comparison2"	"28842.P2Comp 08 hr 48 min Phosphate Batch vs Chemostat Comparison2"	"30462.Pomona/Brown Sir3xpol2-12 red"	"30773.Pomona/Brown Sir3x red"	"33774.DBY8778(wt)_stationary_phase_7hours"	"33775.DBY8778(wt)_stationary_phase_9hours"	"33776.DBY8778(wt)_stationary_phase_1day"	"33779.delYPL230w_stationary_phase_5hours"	"33780.delYPL230w_stationary_phase_7hours"	"33781.delYPL230w_stationary_phase_9hours"	"33782.delYPL230w_stationary_phase_1day"	"34360.batch 02X25 4"	"37282.CC SP 1B  Sulfate-Phosphate Chemostat Comparison"	"38152.03II01 batch p8"	"38153.03II01 batch p9"	"38154.03II01 batch p10"
"YBL015W"	0.178	-0.549	-1.7625	-0.247	1.7975	-1.419	5.024	5.917	6.238	5.529	5.067	5.683	3.054	2.42	3.555	3.823	4.083	-0.0595	4.465	4.511	3.428	2.5535	2.011	3.164	2.507	-0.135	0.984	0.24	-0.104	0.034	-0.143	-2.057	2.179	-0.358	0.62	-0.4465	0.85	0.327	-0.086	2.919	4.406	4.118	3.333	4.665	4.922	4.309	2.012	-1.152	2.275	2.679	2.555
"YBL027W"	-0.117	0.0	-0.947	0.393	-0.596	0.836	-2.851	-2.474	-2.081	-1.613	-2.0	-1.606	-1.199	-2.494	-2.654	-2.507	-2.33	0.318	-3.9845	-1.9755	-2.4005	-2.0465	-1.9795	-2.114	-3.148	-0.007	0.15	0.245	0.658	0.678	-0.126	0.909	-3.078	-0.0865	0.064	0.363333333333333	-0.472666666666667	0.3605	-0.0365	-3.528	-3.012	-2.469	-3.351	-3.139	-2.319	-2.291	-1.501	0.671	-0.609	-0.875	-0.986
"YBR001C"	-0.553	NaN	0.152	-0.644	0.0475	-0.558	2.619	2.187	1.881	1.769	1.586	1.2	1.509	1.543	1.521	0.91	0.344	0.0605	1.608	1.192	1.7015	1.9575	1.422	1.087	0.433	0.0165	-0.206	0.268	-0.554	-0.316	0.446	-0.836	2.65	0.1	0.735	-0.4035	0.011	0.104	0.024	2.763	2.003	1.557	3.111	2.161	1.915	1.4	0.503	-0.512	0.641	0.413	0.551
"YBR048W"	0.118	1.113	-0.6305	0.1525	-1.201	1.0585	-3.385	-2.4795	-2.968	-2.171	-2.248	-2.2475	-2.0405	-3.0685	-3.137	-3.295	-3.375	0.315666666666667	-4.66033333333333	-2.35966666666667	-2.77266666666667	-2.738	-2.849	-3.15166666666667	-3.929	0.190666666666667	0.035	0.415	0.53	0.4805	0.0225	0.263	-2.7435	-0.0493333333333333	0.356333333333333	-0.0475	-0.32475	0.097	-0.118	-4.043	-3.545	-3.133	-4.089	-3.69	-2.483	-2.711	-1.681	0.467	-0.811	-1.159	-1.783
"YBR050C"	NaN	NaN	1.0565	0.176	1.5875	-2.383	5.011	5.572	4.866	4.627	5.031	4.593	2.354	2.689	1.8	4.167	3.989	-0.314	4.2885	3.8095	2.7305	2.8655	1.9415	1.801	0.72	0.225	0.102	-0.032	-0.512	-0.784	-0.36	-1.331	-0.049	-0.137	-0.482	-0.2495	0.031	0.211	0.093	3.813	5.024	2.646	3.557	5.076	3.644	3.428	2.22	-1.541	2.278	2.469	2.37
"YBR132C"	0.454	0.437	-1.0615	-0.344	1.3345	-1.07	3.812	4.245	3.753	3.08	2.979	0.879	2.801	2.822	2.258	2.139	1.598	0.235	3.2645	2.806	3.039	2.2645	2.852	2.966	1.005	-0.2205	0.33	0.215	-0.489	-0.188	0.222	-1.171	2.946	-0.272	-0.532	-1.1845	-1.0935	0.259	0.266	2.199	1.794	1.896	2.438	2.318	2.465	1.723	0.767	-0.879	1.01	-0.642	1.351
"YBR181C"	0.046	0.099	-1.064	0.372	-0.8695	1.337	-3.762	-3.149	-2.554	-2.265	-1.94	-2.747	-1.706	-3.3	-3.365	-3.159	1.639	0.3865	-5.0305	-2.0635	-2.493	-2.7035	-2.654	-2.96	-3.945	0.2295	0.062	0.061	0.678	0.678	0.239	0.833	-3.584	-0.227	0.4425	1.062	1.069	-0.0415	-0.0605	-3.618	-2.718	-2.109	-2.98	-3.274	-1.849	-2.601	-1.982	0.673	-0.729	-1.333	-1.888
"YBR189W"	0.051	0.034	-0.4095	0.291	-1.0835	0.827	-3.784	-3.224	-3.356	-2.463	-2.154	-2.355	-1.532	-3.071	-3.483	-2.334	-2.025	0.4715	-3.678	-2.112	-2.629	-2.467	-1.9305	-1.8835	-2.9475	0.262	0.187	0.004	0.794	0.798	0.096	0.663	-3.818	-0.058	0.59	0.849	0.268	0.237	-0.2375	-4.874	-3.763	-4.477	-4.739	-3.572	-3.188	-3.569	-1.949	1.065	-1.176	-0.998	-1.783
"YBR269C"	0.756	0.288	0.5945	-0.588	0.933	-0.063	2.741	2.945	2.559	2.732	2.162	2.8	1.66	1.892	1.738	1.554	-1.942	0.141	1.4035	0.7315	0.9415	1.2435	2.2165	2.4575	1.712	0.0315	0.233	0.185	-0.033	0.093	0.942	-0.64	1.514	-0.185	1.098	-0.532	0.083	0.3	0.171	2.787	2.806	2.464	3.255	2.921	2.478	2.659	1.557	-0.016	2.166	2.849	2.368
"YCR005C"	1.145	1.352	0.2385	0.988	-0.4645	0.452	3.867	5.82	5.783	5.231	5.499	5.116	2.492	2.823	4.211	5.319	5.162	0.1225	3.0955	3.5215	2.775	2.624	1.925	2.6975	1.642	-0.53	-0.624	-0.399	0.514	-0.242	-0.431	-0.767	1.459	0.005	-0.252	0.358	0.352	0.484	0.395	4.879	4.885	4.312	1.374	4.851	5.713	4.363	0.265	-0.656	0.101	0.517	1.341
"YDL082W"	-0.048	-0.131	-0.925	0.324	-0.785	1.11	-3.223	-2.484	-2.853	-1.739	-1.446	-1.723	-1.504	-2.537	-3.01	-1.18	-2.105	0.406	-2.915	-1.919	-2.383	-2.182	-2.186	-3.001	-3.589	0.063	0.586	0.375	0.511	0.561	-0.279	0.294	-3.338	-0.095	0.651	1.197	0.9675	0.372	-0.321	-4.398	-3.698	-2.463	-4.518	-3.314	-3.014	-3.155	-2.089	0.74	-0.996	-1.462	-1.687
"YDL136W"	NaN	NaN	-0.86	0.354	-0.482	0.897	-2.487	-2.162	-1.881	-1.898	-1.505	-1.663	-1.483	-2.561	-2.366	-2.176	0.593	-0.022	-3.134	-1.775	-1.594	-1.555	-1.233	-1.094	-1.756	0.22	-0.117	0.303	0.836	0.461	0.127	0.922	-2.185	0.3285	0.363	0.2005	0.4335	0.0865	-0.1145	-3.888	-2.995	-2.084	-3.628	-3.042	-2.456	-2.594	-1.538	0.598	-0.612	-0.99	-1.552
"YDL181W"	NaN	NaN	-0.319	-1.0	1.258	-2.101	3.242	4.01	3.18	3.522	2.531	2.078	1.803	1.454	1.885	1.926	1.82	0.064	1.105	0.95	1.15	1.275	2.199	2.115	1.918	0.09	-2.322	-0.789	-1.119	-0.956	1.29	-1.356	2.524	-0.149	0.387	-0.366	0.073	0.122	0.004	2.071	3.955	4.511	2.282	2.777	3.384	2.764	0.982	0.861	0.269	1.126	-0.106
"YDL191W"	-0.896	-1.035	-1.104	0.173	-0.561	0.331	-1.985	-2.367	-2.75	-2.497	-1.853	-1.975	-1.309	-2.911	-2.813	-2.518	-2.408	0.034	-3.616	-2.354	-1.999	-2.077	-1.362	-1.942	-2.86	0.158	-0.122	0.183	0.493	0.497	-0.033	0.842	-1.898	0.056	0.3075	0.5255	0.023	0.3135	-0.2955	-3.35	-2.399	-1.73	-3.234	-2.557	-1.83	-2.46	-1.532	0.59	-0.964	-1.04	-1.593
"YDR025W"	-0.6915	-0.6965	-1.085	-0.137	-1.0	0.848	-3.904	-3.548	-3.252	-2.573	-2.592	-2.705	-1.997	-3.357	-3.356	-3.471	-3.326	0.191	-4.504	-2.828	-1.915	-2.886	-2.503	-2.895	-3.518	-0.035	-0.168	0.341	0.304	0.344	-0.201	-0.188	-3.042	0.1185	0.7465	0.299	0.065	0.223	-0.1195	-4.772	-3.127	-2.93	-3.906	-3.552	-2.869	-2.535	-1.818	0.676	-0.719	-1.013	-1.535
"YDR085C"	NaN	-0.17	0.614	-0.319	0.082	0.556	3.595	2.344	2.333	2.932	3.419	3.647	2.354	2.494	2.705	1.973	2.361	-0.044	2.788	2.298	2.313	3.068	1.129	1.345	0.216	0.007	0.133	0.182	-0.25	-0.138	-0.114	0.022	2.086	0.164	-0.014	-0.263	0.24	0.497	-0.112	2.526	2.335	1.901	3.365	2.189	2.049	1.943	1.459	-0.799	1.07	1.256	1.281
"YDR178W"	0.706	0.79	-1.086	-0.414	1.659	-1.258	4.036	4.991	4.84	4.165	3.532	3.684	2.618	2.667	2.86	2.289	-1.676	0.129	3.646	3.21	3.039	2.416	1.376	2.78	1.896	0.016	0.008	-0.406	-0.097	0.028	0.722	-1.847	2.656	-0.092	1.1315	-1.5725	-1.1665	0.2255	0.0385	4.18	4.862	4.365	3.685	4.946	4.481	3.474	1.615	0.297	2.491	3.1	2.272
"YDR358W"	-0.792	-0.658	0.068	-0.135	0.879	0.449	4.268	3.057	2.909	3.162	3.18	3.398	2.838	2.493	2.23	1.681	1.637	0.081	1.563	1.366	2.181	1.908	0.632	1.315	1.563	0.473	0.763	0.276	-0.037	0.168	0.284	-0.362	2.402	0.042	-0.077	-0.298	0.1	0.177	0.044	2.662	2.369	1.427	3.478	2.433	2.088	1.87	-0.186	-0.635	0.351	-1.006	1.638
"YDR418W"	0.569	0.622	-1.131	0.345	-0.817	1.447	-3.707	-3.13	-2.7	-2.237	-2.192	-2.976	-1.601	-3.315	-3.181	-2.797	-2.605	0.581	-4.449	-2.5	-2.792	-2.82	-2.866	-3.091	-4.066	0.253	0.039	0.368	0.545	0.433	-0.282	-0.173	-2.74	0.062	0.756	1.076	0.416	0.198	-0.151	-4.005	-2.423	-1.873	-3.263	-3.057	-2.027	-3.381	-1.732	0.466	-0.25	-0.294	-1.225
"YDR436W"	-0.253	-0.07	-0.027	-0.306	0.699	-1.043	2.736	1.998	1.493	2.42	1.623	1.931	1.353	1.892	1.265	1.616	1.168	0.018	1.359	0.897	1.373	1.788	1.551	1.763	1.216	0.068	-0.052	0.099	-0.245	-0.129	0.144	-0.822	2.048	0.188	-0.248	-0.121	0.562	0.218	0.221	1.746	1.459	1.562	2.833	2.13	1.813	1.404	0.013	-0.017	0.078	-0.389	-0.151
"YDR447C"	-0.383	-0.249	-1.165	0.259	-0.646	0.463	-4.882	-3.934	-3.531	-3.26	-2.507	-2.465	-2.128	-3.574	-3.565	-2.813	-3.129	0.24	-4.249	-2.279	-2.432	-2.817	-2.53	-2.625	-3.552	0.176	0.257	0.045	0.339	0.585	-0.356	0.641	-2.593	0.428	0.165	0.0215	-0.1845	0.312	-0.285	-3.67	-2.356	-1.471	-4.358	-3.418	-2.211	-3.223	-1.622	0.646	-0.704	-0.943	-1.595
"YEL012W"	-0.662	-0.542	0.616	-0.511	0.951	-1.539	3.329	3.222	3.376	2.713	2.665	3.0	2.017	1.923	2.342	2.194	1.934	-0.145	3.408	2.354	2.721	2.891	2.976	2.45	2.286	0.04	-0.312	0.238	-0.547	-0.341	0.492	-0.005	1.368	-0.0605	-0.391	0.146	0.2865	0.778	-0.0495	3.207	3.655	3.532	3.596	3.65	3.773	3.083	1.74	0.104	0.694	1.311	1.392
"YEL024W"	0.378	0.557	-0.616	-0.519	1.353	-0.315	3.871	4.61	4.009	3.979	3.509	3.632	2.147	2.151	2.122	1.702	1.991	0.4	3.986	3.281	2.635	2.156	2.171	2.77	1.823	-0.042	0.14	-0.353	-0.243	0.15	0.631	-1.456	1.645	0.08	0.774	-1.206	-1.5065	0.2285	0.097	2.957	3.587	2.637	2.609	3.024	3.3	3.32	0.548	0.697	0.718	1.259	1.302
"YEL054C"	-0.579	-0.79	-1.12	0.466	-0.77	1.472	-3.654	-2.711	-2.761	-1.871	-1.511	-2.981	-1.881	-3.039	-3.52	-3.003	-2.232	0.546	-3.347	-2.336	-2.777	-2.579	-2.504	-3.005	-3.554	0.091	0.341	0.428	0.362	0.344	-0.107	0.156	-3.251	-0.136	0.72	0.283	-0.2875	0.2935	0.1225	-4.422	-2.487	-3.239	-3.815	-2.936	-2.194	-2.75	-1.911	0.972	-1.071	-0.959	-1.931
"YER024W"	0.3535	0.1115	-0.253	-0.136	1.492	0.573	4.222	5.101	5.089	4.708	4.47	4.755	1.452	2.797	4.06	5.22	4.747	-0.238	3.348	3.848	2.82	2.599	2.31	3.434	2.595	-0.009	1.076	0.484	0.0	0.115	0.659	0.106	0.599	0.279	-0.09	-0.168	-0.368	-0.562	-0.072	1.235	1.507	1.572	-0.331	1.357	2.452	2.365	0.735	0.669	-0.211	-0.457	0.527
"YFL030W"	0.0	0.091	-0.887	NaN	2.563	NaN	5.129	6.226	5.464	5.205	4.117	4.727	2.573	2.7	3.876	3.816	-0.438	-0.126	2.943	2.283	1.658	1.492	0.868	2.121	1.485	0.494	0.096	-0.171	-0.462	-0.072	0.2	-2.335	1.361	0.2115	0.3905	-1.562	-1.2415	0.0735	-0.1445	4.615	5.946	4.669	3.875	5.276	5.619	4.065	1.816	-0.596	2.312	2.538	2.805
"YFL042C"	-0.66	-0.518	-0.039	NaN	0.531	NaN	2.869	2.429	2.398	2.575	2.152	2.445	1.412	1.783	2.03	1.711	1.797	0.001	1.858	1.945	2.067	1.74	1.694	1.744	0.991	0.173	0.63	-0.021	-0.16	0.045	0.41	-0.173	1.923	0.0645	-0.048	-0.4235	0.171	0.078	0.122	1.577	1.237	0.855	2.535	1.636	1.409	1.379	-0.079	-0.528	-0.583	-1.16	0.073
"YFR014C"	NaN	NaN	0.622	0.073	0.726	-0.852	3.37	2.231	2.562	2.286	2.257	1.277	2.178	2.178	1.757	1.133	0.712	0.529	2.067	1.696	1.853	1.688	0.526	0.106	-0.659	-0.185	-0.32	-0.17	-0.324	-0.214	-0.182	-1.082	1.78	0.0525	0.018	-0.229	0.0335	-0.1575	-0.2565	2.37	2.128	1.534	3.16	1.658	1.65	1.73	1.214	-0.266	1.818	0.934	1.566
"YFR015C"	-1.424	-1.339	0.532	-0.655	-0.28	-1.819	3.886	2.992	3.694	2.477	2.182	2.03	4.087	3.804	2.057	1.978	1.553	0.266	1.965	2.498	2.853	1.102	2.127	2.473	2.112	0.111	0.5	0.312	-0.803	-0.796	-0.291	-1.639	3.341	-0.0175	0.0635	0.0495	0.116	0.354	-0.213	3.685	2.791	2.652	5.6	4.23	3.221	3.465	0.276	NaN	0.936	-0.68	-0.691
"YGL030W"	0.018	0.238	-1.201	0.302	-1.242	0.592	-3.613	-2.888	-2.582	-1.861	-2.363	-2.008	-1.677	-2.388	-2.751	-2.6	-2.361	0.137	-3.284	-2.059	-2.592	-2.534	-1.668	-2.044	-3.011	-0.101	-0.168	0.068	0.566	0.391	-0.574	0.673	-2.603	0.273	0.208	0.207666666666667	-0.564666666666667	0.139	-0.534	-3.939	-2.871	-2.529	-3.575	-2.76	-2.198	-3.156	-1.372	0.684	-0.766	-0.877	-1.805
"YGL102C"	0.41	0.534	-1.044	0.352	-0.669	0.933	-3.419	-2.825	-2.081	-1.973	-2.112	-2.356	-1.701	-3.301	-3.227	-3.132	0.794	0.309	-3.32	-1.921	-2.077	-2.144	-1.199	-1.938	-2.13	0.231	-0.22	-0.006	0.568	0.479	-0.115	0.511	-2.437	0.104	0.646	1.6815	1.2895	0.425	-0.231	-3.42	-2.202	-1.7	-3.272	-2.955	-2.203	-3.411	-1.217	0.647	-0.689	-0.751	-1.368
"YGL103W"	0.45	0.493	-1.238	0.388	-0.924	0.481	-3.452	-3.096	-2.876	-2.468	-2.373	-2.344	-1.841	-3.266	-2.763	-2.672	-1.362	0.077	-3.07	-1.762	-1.73	-2.048	-1.308	-1.735	-2.438	0.039	-0.323	0.083	0.383	0.375	0.25	0.535	-2.243	0.152666666666667	0.0893333333333333	1.0455	0.37725	0.267666666666667	-0.07	-2.976	-2.146	-1.398	-3.189	-2.934	-2.202	-2.821	-1.378	0.442	-1.118	-1.62	-2.131
"YGL259W"	-2.791	-2.49	-0.109	-0.716	0.459	-1.406	3.517	2.619	2.908	2.423	2.259	2.389	1.935	0.895	0.846	1.426	0.503	-0.209	2.817	1.509	1.254	1.404	0.856	1.59	0.906	0.681	0.206	-0.891	-0.585	-0.646	-0.085	-0.569	2.842	-0.023	-0.1	-0.705	-0.424	-0.999	-1.236	2.021	2.412	2.062	3.466	2.519	2.15	2.681	-0.548	-1.298	-0.171	-1.139	-0.21
"YGR243W"	1.238	1.688	-1.531	0.241	1.771	-0.964	4.614	4.911	5.283	4.612	5.095	5.612	5.402	3.855	4.495	3.75	3.675	0.267	3.651	4.059	3.864	3.442	5.617	5.108	4.88	0.164	-0.108	0.028	-0.222	-1.0	0.0	-0.199	3.3865	0.038	0.013	-0.089	0.089	0.406	0.091	6.112	6.012	5.015	5.734	6.73	5.893	5.542	1.791	0.242	3.234	3.035	2.804
"YGR244C"	-0.456	-0.697	1.732	-0.665	1.222	-0.671	3.157	3.468	3.482	3.162	2.613	2.419	1.874	1.812	2.082	1.554	1.428	0.516	1.022	1.462	1.111	0.289	0.522	0.439	0.542	-0.07	0.089	0.081	-0.379	0.083	0.803	-0.454	2.629	0.203	-0.349	-0.407	-0.573	-0.232	0.117	2.511	2.85	2.137	2.452	3.511	2.916	1.918	0.355	0.162	0.963	0.776	1.561
"YHR021C"	-0.138	0.05	-1.481	0.244	-0.585	-0.457	-3.57	-3.061	-2.341	-2.215	-1.714	-1.757	-1.353	-2.639	-2.717	-1.787	-2.085	-0.184	-2.705	-2.071	-1.49	-0.902	0.213	0.261	-0.553	0.189	-0.476	-0.125	0.313	-0.054	-0.458	0.641	-2.676	0.133	0.346	-0.081	-1.208	0.191	0.024	-2.576	-2.1	-1.463	-3.519	-3.078	-2.345	-2.663	-1.094	0.914	-0.543	-0.947	-1.768
"YHR097C"	0.336	-0.293	1.726	0.083	0.838	-0.57	4.238	3.508	3.454	3.542	3.688	3.543	4.153	3.655	3.289	3.134	3.365	0.525	2.362	2.442	3.179	2.502	4.25	4.791	4.791	-0.133	-0.218	0.194	-0.037	-0.122	-0.267	0.193	2.955	-0.116	0.04	-0.545	0.679	0.363	0.138	4.249	3.689	2.751	3.646	3.725	3.049	3.252	0.64	-0.3	0.805	1.018	1.48
"YHR141C"	-0.152	-0.195	-0.867	0.542	-0.476	-0.042	-2.32	-2.364	-2.143	-1.635	-1.491	-1.631	-1.502	-2.31	-2.677	-2.575	-1.44	0.283	-2.888	-1.591	-1.753	-1.569	-1.819	-1.838	-2.014	0.039	-0.076	0.115	0.721	0.903	-0.125	-0.479	-3.0435	-0.062	0.242	0.023	-0.933	0.24	-0.321	-3.763	-2.729	-2.849	-3.686	-3.203	-2.487	-2.359	-1.228	1.028	-1.223	-0.645	-1.609
"YIL052C"	0.275	0.187	-1.203	0.331	-0.87	0.614	-3.856	-3.261	-2.954	-2.61	-2.22	-3.178	-1.912	-2.82	-2.793	-2.559	-2.622	0.135	-4.174	-2.279	-2.271	-2.546	-2.162	-2.5	-3.158	0.24	-0.077	0.211	0.202	0.094	-0.411	0.716	-2.531	-0.305	0.634	0.537	-0.216	0.356	-0.255	-3.32	-2.562	-2.217	-2.821	-2.677	-1.94	-3.315	-1.331	0.768	-0.972	-1.769	-2.032
"YIL057C"	-0.304	0.028	-0.962	-0.263	2.351	-2.062	4.935	6.561	7.093	6.563	6.542	5.5	5.73	6.057	6.302	1.241	6.257	-0.341	4.439	4.612	2.754	2.592	6.044	6.174	5.453	0.114	0.353	-0.379	0.082	-0.295	-0.503	-0.988	1.13	-1.577	-0.168	-0.215	-0.06	0.686	0.44	4.799	5.812	1.115	3.196	5.445	4.778	4.052	3.217	-0.062	3.774	4.298	3.82
"YIL133C"	-0.372	-0.653	-1.597	0.212	-1.126	0.981	-3.333	-3.196	-3.135	-2.331	-2.167	-2.883	-1.773	-2.93	-2.571	-2.194	-0.38	0.251	-4.433	-2.003	-2.465	-2.757	-2.615	-3.007	-3.393	0.235	0.127	0.46	0.612	0.525	-0.125	0.145	-3.3115	0.196	0.4	-0.293	0.066	0.322	-0.02	-4.387	-3.183	-2.607	-4.098	-3.154	-2.466	-3.633	-1.856	0.458	-1.288	-1.118	-1.899
"YIL148W"	0.16	0.141	-1.001	0.367	-0.695	0.073	-1.734	-1.482	-1.408	-1.077	-1.243	-0.897	-1.138	-1.789	-2.019	-1.629	-1.321	0.13	-2.319	-1.404	-1.39	-1.549	-0.901	-1.348	-2.118	0.067	-0.203	0.106	0.368	0.42	-0.06	0.442	-2.313	0.06	0.233	0.283	0.201	0.516	-0.312	-2.58	-2.025	-1.956	-2.552	-2.609	-1.815	-2.449	-1.022	0.947	-0.424	-0.952	-1.494
"YIR038C"	0.368	0.066	0.492	-0.009	1.136	-0.588	2.688	2.939	2.784	3.094	3.422	2.764	1.247	2.004	2.091	1.659	1.539	0.216	2.776	2.776	2.764	3.481	4.704	4.358	3.022	1.223	-0.73	0.042	-0.239	-0.323	-0.218	-0.283	2.6325	-0.367	1.549	-0.68	-0.402	0.49	0.043	2.945	3.199	2.621	4.229	3.133	2.934	3.154	2.472	0.127	2.282	2.855	1.961
"YIR039C"	0.561	0.488	-0.004	-0.26	1.47	-0.926	4.648	3.836	3.921	2.996	3.204	3.092	2.236	1.581	1.932	1.562	1.427	0.037	3.871	2.453	1.744	1.941	1.645	2.212	1.241	0.12	-0.527	0.144	-0.179	0.037	0.66	-0.42	3.736	-0.185	0.115	-0.659	-0.605	-0.525	-0.482	2.417	2.921	2.163	4.051	2.778	2.53	3.2	1.011	-0.977	0.19	0.543	1.099
"YJL066C"	-0.437	-0.31	-1.482	-0.335	1.51	-0.286	3.176	3.323	3.479	2.755	2.79	3.462	1.801	1.811	1.934	1.663	1.583	0.385	2.344	1.306	2.029	2.063	3.576	3.436	2.791	-0.228	-0.16	0.007	-0.352	-0.039	0.454	-0.475	2.9045	-0.421	0.292	0.557	0.499	-0.031	-0.063	2.893	2.947	1.997	4.144	3.6	3.185	2.863	1.613	-0.098	2.702	3.287	3.058
"YJL136C"	0.184	0.373	-1.0895	0.393	-0.5495	0.342	-2.5965	-2.5195	-2.1625	-1.923	-1.762	-1.46	-1.322	-1.93	-2.1825	-1.308	-1.441	0.322	-3.159	-1.774	-2.063	-2.01	-1.2865	-0.379	-2.1235	0.159	0.1425	0.071	0.423	0.532	-0.0795	-0.212	-0.542666666666667	0.2785	0.118	0.3465	-0.3975	0.2245	-0.0295	-3.426	-2.42	-2.267	-3.751	-2.53	-2.526	-2.859	-1.51	0.781	-1.502	-1.39	-2.086
"YJR145C"	0.535	0.998	-1.125	0.085	-1.487	1.14	-4.507	-3.488	-3.177	-2.731	-2.328	-2.413	-1.781	-3.551	-3.547	-3.597	-3.707	0.524	-4.857	-1.988	-2.396	-2.336	-2.519	-3.105	-3.178	0.381	0.403	0.246	0.494	0.291	-0.211	0.062	-2.7805	0.044	0.683	0.557	-0.366	-0.099	0.106	-4.335	-3.373	-2.551	-4.108	-3.771	-2.74	-2.94	-1.724	0.61	-0.861	-0.9	-1.447
"YKL006W"	0.52	0.19	-1.628	0.18	-1.288	0.818	-4.299	-3.901	-3.389	-2.854	-2.383	-3.16	-2.6	-3.049	-3.027	-2.997	-2.743	0.47	-4.545	-2.315	-2.442	-2.791	-1.939	-2.29	-2.843	0.2	0.39	0.377	0.274	0.293	-0.233	0.345	-3.02	-0.184	0.664	0.322	-0.968	0.401	-0.795	-4.432	-3.39	-2.92	-4.756	-4.221	-2.993	-3.593	-1.683	0.647	-1.313	-1.35	-2.032
"YKL093W"	0.969	0.456	-0.434	-0.123	1.139	-0.987	5.448	4.655	4.714	4.393	4.525	4.208	2.966	3.199	3.212	2.953	3.082	0.042	4.872	3.902	2.916	2.536	2.725	3.515	2.14	0.06	0.141	0.292	0.209	0.059	0.344	-1.932	2.213	-0.076	-0.276	0.013	0.5	0.39	-0.011	4.428	4.865	2.992	4.992	4.664	3.337	3.528	2.271	0.474	2.451	2.976	2.4
"YKL148C"	0.727	0.884	-0.698	-0.646	0.437	-1.805	4.34	5.409	4.444	4.55	3.513	3.419	2.584	2.311	2.666	2.463	2.127	0.031	3.649	3.541	3.258	2.644	3.254	3.476	2.365	0.135	-0.638	-0.357	-0.382	-0.108	0.318	-1.874	2.844	0.275	-0.356	-0.9	-0.646	0.499	0.27	2.912	3.686	2.525	2.514	0.695	3.227	2.242	0.669	-0.515	1.327	0.593	1.865
"YKL217W"	-0.013	0.459	-2.271	-0.683	2.059	-1.83	5.715	6.332	5.482	5.515	5.188	5.504	4.078	3.919	4.968	4.881	4.935	-0.324	5.204	5.036	4.489	4.2	6.184	7.178	6.94	0.102	0.078	-0.035	-1.129	-0.55	0.493	-3.075	2.407	0.278	0.914	-1.74	-1.055	1.948	0.461	5.399	6.083	4.87	3.813	6.592	6.498	5.542	1.861	-2.11	2.16	1.298	2.822
"YKR057W"	0.17	0.239	-1.165	0.643	-0.67	0.233	-3.036	-2.945	-2.525	-2.033	-1.835	-1.678	-1.743	-2.779	-2.897	-2.624	-2.294	0.22	-4.013	-2.126	-2.625	-2.576	-1.161	-1.048	-2.496	0.085	0.003	0.092	0.859	0.572	-0.016	0.583	-2.587	0.458	-0.16	0.307	-0.66	0.508	-0.22	-3.811	-2.631	-1.7	-3.29	-2.638	-2.13	-2.085	-1.41	0.677	-1.351	-1.414	-2.35
"YLL041C"	1.192	1.026	-0.756	-0.674	1.796	-1.785	4.794	5.323	5.655	5.102	4.997	4.796	2.48	2.342	2.74	2.712	2.855	0.18	4.827	4.436	3.693	3.746	4.25	4.703	3.334	-0.018	-0.888	-0.795	-0.124	0.024	0.868	-1.989	2.274	0.121	1.068	-1.002	-0.391	0.25	0.102	3.903	4.684	4.285	3.781	4.867	4.49	4.704	0.223	-0.297	1.833	1.933	2.35
"YLR048W"	0.217	0.178	0.224	0.088	-1.08	1.087	-4.075	-2.679	-2.64	-2.034	-2.257	-1.88	-1.942	-3.296	-3.55	-2.771	-2.506	0.28	-5.136	-2.08	-2.645	-2.575	-2.294	-2.17	-3.634	0.258	0.455	0.579	0.519	0.374	-0.059	0.312	-3.563	-0.186	0.238	0.205	0.015	0.016	0.132	-4.39	-3.403	-3.16	-4.032	-3.798	-2.576	-3.432	-2.177	0.322	-1.328	-1.617	-1.956
"YLR062C"	0.228	0.395	-1.093	-0.024	-1.091	0.892	-4.53	-4.418	-3.352	-3.067	-3.127	-4.077	-1.847	-3.6	-3.985	-3.965	-3.18	0.213	-4.96	-2.666	-3.209	-3.706	-4.299	-4.293	-5.234	0.023	0.117	0.095	0.189	0.312	-0.191	0.704	-3.134	-0.105	0.827	0.227	-0.785	0.162	0.034	-3.806	-3.723	-3.681	-4.54	-4.001	-2.894	-3.419	-1.905	0.558	-1.518	-1.53	-2.5
"YLR149C"	0.535	-0.04	0.961	-0.5	1.481	-1.174	4.105	3.465	3.717	3.85	3.986	3.387	3.839	3.078	3.191	2.983	3.163	0.051	4.749	3.585	4.206	4.313	5.295	5.72	4.926	0.282	0.433	0.827	-0.555	-0.99	0.288	-0.489	4.23	0.08	-0.54	0.607	0.538	0.553	0.082	4.245	3.572	3.263	4.717	4.271	2.991	3.931	2.798	-0.444	2.957	1.855	3.177
"YLR174W"	0.574	-1.916	0.579	-0.464	2.874	-0.924	4.526	5.843	6.653	5.651	5.451	5.447	2.507	3.793	4.275	5.023	5.765	0.033	5.205	4.807	3.605	4.155	3.221	3.353	1.759	-0.06	0.386	0.131	-0.199	0.032	0.581	-0.388	2.225	-0.251	-0.336	-1.31	0.068	0.58	-0.159	0.917	5.021	4.133	0.607	4.301	4.563	2.849	2.484	-0.119	2.531	2.932	3.738
"YLR185W"	0.189	0.025	-1.047	0.168	-0.889	0.37	-4.508	-3.498	-3.001	-2.551	-2.201	-2.749	-1.464	-2.94	-2.559	-2.616	-2.445	0.193	-4.019	-2.046	-2.136	-2.209	-2.015	-2.479	-3.065	-0.006	0.053	0.612	0.258	0.444	0.303	-1.773	-2.487	0.001	0.452	-0.255	0.028	0.501	-0.133	-3.712	-3.007	-2.345	-3.488	-3.242	-2.643	-3.35	-1.832	0.544	-0.842	-0.887	-1.615
"YLR388W"	0.508	0.591	-1.251	0.336	-0.744	1.112	-3.12	-2.544	-2.264	-1.926	-1.98	-1.738	-1.651	-3.204	-3.058	-2.742	-2.362	0.314	-4.025	-2.079	-2.671	-2.555	-2.232	-2.581	-3.193	0.202	0.154	0.299	0.529	0.395	-0.253	0.388	-2.761	0.301	0.636	0.558	0.183	0.166	0.076	-3.674	-2.798	-2.25	-3.762	-3.521	-2.816	-2.864	-1.536	0.883	-1.086	-0.893	-1.893
"YLR448W"	0.123	0.269	-1.047	0.196	-1.597	1.417	-4.815	-3.882	-3.116	-3.083	-2.052	-2.688	-1.842	-3.425	-3.454	-3.179	-2.573	0.011	-4.891	-2.352	-2.521	-2.621	-2.668	-3.192	-4.132	0.011	0.412	0.437	0.232	0.341	-0.315	0.181	-2.983	-0.009	0.359	0.224	-0.581	-0.102	-0.053	-4.85	-3.788	-3.07	-4.791	-4.505	-3.161	-3.636	-1.946	0.422	-1.258	-1.474	-1.818
"YML026C"	0.198	0.543	-1.119	0.051	-0.867	0.731	-3.811	-3.779	-3.236	-2.913	-2.934	-3.29	-2.084	-3.779	-3.636	-3.131	-3.217	0.053	-3.572	-2.525	-2.873	-2.821	-2.898	-2.803	-2.821	-0.067	-0.377	0.148	0.597	0.041	-0.562	0.316	-3.032	0.072	0.307	0.703	0.194	-0.196	-0.823	-4.522	-3.396	-2.98	-4.595	-3.765	-2.94	-3.307	-1.501	0.523	-0.93	-0.837	-1.737
"YML056C"	0.443	0.26	-0.649	-0.011	-1.807	1.415	-3.967	-3.497	-3.275	-3.12	-2.921	-3.786	-2.232	-3.243	-3.63	-2.67	-3.28	0.162	-2.774	-1.718	-2.437	-2.674	-1.337	-2.566	-2.751	-0.123	0.588	0.074	0.525	0.512	0.278	0.334	-3.776	-0.136	-0.209	0.737	0.567	-0.239	0.38	-3.863	-3.469	-2.987	-4.322	-4.508	-3.541	-4.272	-3.168	-0.012	NaN	-1.717	-2.154
"YMR104C"	NaN	NaN	0.665	0.0	0.617	-0.493	2.115	1.949	1.743	1.88	1.91	2.109	3.152	2.812	2.209	2.917	2.458	-0.544	1.468	1.441	1.732	2.546	1.51	1.006	0.748	0.088	0.478	0.042	0.007	-0.141	0.266	-0.824	3.469	0.776	-0.797	-0.426	-0.253	0.243	0.332	3.252	2.597	1.755	2.466	2.639	1.78	2.086	0.784	-0.662	1.063	-0.131	0.909
"YMR142C"	0.062	0.171	-0.973	0.206	-1.248	1.005	-3.579	-3.719	-3.19	-2.326	-2.653	-2.822	-1.356	-3.048	-3.849	-3.197	-3.226	0.131	-4.4	-2.393	-2.974	-2.468	-2.774	-3.415	-4.248	0.009	-0.055	0.277	0.718	0.414	-0.11	0.901	-3.22	0.056	0.701	-0.068	-0.349	-0.043	-0.201	-4.355	-3.347	-3.104	-4.039	-3.538	-3.031	-3.042	-1.509	0.743	-1.003	-0.84	-1.544
"YMR143W"	0.564	0.552	-1.386	-0.249	-1.07	0.755	-3.748	-3.175	-3.477	-3.087	-2.794	-2.234	-1.867	-3.563	-3.61	-3.657	-3.194	0.185	-4.401	-2.562	-2.703	-2.873	-2.88	-3.111	-3.545	0.16	0.092	0.055	0.181	0.291	0.044	0.592	-2.631	0.369	0.526	1.49	1.465	0.389	-0.792	-4.133	-3.647	-3.943	-4.75	-3.456	-3.199	-2.887	-1.672	0.585	-1.148	-0.887	-1.751
"YMR196W"	NaN	NaN	-0.501	-0.98	0.951	-0.972	2.691	1.583	2.638	2.071	2.161	1.893	1.631	1.677	1.866	1.179	0.432	-0.055	1.452	2.225	2.612	2.291	2.484	1.63	1.227	-0.122	0.164	0.369	-0.273	-0.713	0.353	-0.678	4.01	0.333	0.195	-0.158	-1.489	-0.594	-0.131	1.788	1.316	1.543	2.937	1.77	1.189	1.57	1.322	-0.243	1.61	0.428	1.504
"YMR242C"	-0.428	-0.614	-1.221	0.253	-1.39	0.875	-4.702	-3.631	-3.819	-3.001	-2.522	-3.032	-2.004	-3.832	-4.338	-3.636	-3.62	0.407	-4.84	-2.479	-2.59	-3.004	-2.601	-3.133	-3.475	0.442	0.227	0.487	0.408	0.435	-0.401	0.607	-3.054	0.257	0.571	0.379	-0.044	0.293	0.1305	-4.158	-3.141	-2.446	-4.607	-3.588	-2.771	-3.856	-1.905	0.573	-1.214	-0.881	-1.655
"YNL067W"	0.278	0.458	-0.927	0.257	-0.339	1.446	-4.019	-2.871	-2.193	-2.054	-1.807	-2.908	-1.822	-2.866	-3.241	-2.399	-0.037	0.454	-4.131	-1.968	-2.506	-2.759	-1.884	-1.906	-2.76	0.53	0.089	0.092	0.513	0.45	0.333	0.631	-3.16	0.442	0.373	0.144	-0.284	0.174	-5.0E-4	-2.698	-2.15	-2.329	-3.107	-2.534	-2.013	-2.982	-1.875	0.594	-0.802	-0.893	-1.238
"YNL069C"	0.074	0.394	-1.514	0.196	-0.839	0.977	-3.663	-3.006	-2.506	-1.993	-1.978	-2.285	-1.785	-3.44	-3.85	-3.199	0.46	0.226	-4.269	-1.921	-2.199	-2.466	-2.107	-2.509	-3.665	0.164	0.149	0.36	0.3	0.285	0.083	0.548	-2.91	0.312	0.443	-0.104	-0.498	0.1835	0.0335	-3.601	-3.131	-2.286	-3.741	-3.469	-3.02	-3.775	-1.852	0.547	-1.043	-1.347	-1.996
"YNL119W"	0.046	0.235	-1.205	0.216	-0.865	1.229	-6.697	-3.692	-2.694	-2.909	-2.2	-3.337	-1.542	-3.359	-3.366	-2.99	-2.998	0.312	-3.55	-1.753	-1.955	-2.206	-2.822	-2.843	-3.318	-0.324	-0.289	-0.017	0.214	0.156	0.013	0.325	-2.524	-0.189	0.745	0.09	-1.262	0.126	0.129	-3.587	-2.801	-2.871	-4.042	-2.748	-2.546	-2.406	-1.972	0.578	-1.036	-1.2	-1.947
"YNL302C"	0.308	0.241	-1.144	0.2315	-0.4625	-0.393	-2.266	-2.265	-1.899	-2.1795	-1.762	-1.752	-1.0385	-2.3395	-2.4085	-1.6685	-1.9135	-0.068	-2.3425	-1.4435	-1.1785	-1.181	-1.1605	-1.0695	-1.549	0.081	-0.3545	0.2505	-0.1215	0.147	-0.56	0.871	-1.727	-0.037	0.654	0.729	0.42	0.781	0.064	-4.107	-3.25	-2.449	-3.631	-3.426	-2.699	-2.943	-1.67	0.717	-1.18	-1.206	-1.653
"YNR002C"	-1.013	-1.234	-0.694	-0.159	1.929	-1.399	3.522	3.679	4.1155	3.544	3.295	4.0245	2.168	1.8715	2.342	0.9535	1.804	-0.209	2.865	4.327	3.175	1.676	5.416	5.477	4.078	0.126	0.876	-0.097	-0.0635	0.174	0.41	-1.072	2.872	-0.486	0.358	-0.059	-1.021	0.452	0.022	3.509	4.09	2.417	2.62	3.924	2.86	4.675	0.804	-0.612	0.697	1.933	1.231
"YOR096W"	-0.035	0.263	-0.712	0.227	-1.028	0.969	-3.836	-1.9145	-3.249	-2.358	0.709	-0.411	-1.926	-3.353	-3.798	-3.257	-0.527	0.48	-4.84	-2.181	-2.592	-2.585	-2.522	-2.337	-3.584	0.109	0.175	0.076	0.616	0.331	-0.126	0.382	-3.232	0.531	0.247	0.79	0.453	0.242	0.07	-4.534	-3.585	-2.394	-4.458	-3.603	-2.707	-3.387	-1.89	0.623	-0.825	-1.01	-1.171
"YOR167C"	0.431	0.569	-0.97	-0.088	-0.951	0.81	-1.901	-2.041	-1.52	-1.859	-1.466	-0.611	-1.319	-2.747	-2.5365	-2.376	-2.736	0.09	-3.37	-2.06	-2.251	-2.421	-2.283	-2.319	-2.712	-0.245	-0.228	-0.091	0.226	0.2455	-0.2595	0.689	-2.358	0.127	0.559	0.14	0.147	0.405	-0.157	-2.829	-2.745	-1.906	-3.035	-2.772	-2.46	-2.134	-0.909	0.899	-0.975	-0.718	-1.669
"YOR234C"	0.127	-0.059	-1.106	0.216	-0.803	0.548	-4.006	-3.3605	-2.805	-2.6575	-2.058	-1.908	-1.9865	-2.7115	-2.657	-2.407	-2.3945	0.123	-3.657	-1.912	-1.717	-1.324	-0.593	-0.648	-2.139	0.151	0.281	-0.072	0.457	0.2695	-0.3705	0.532	-1.745	0.274	-0.067	0.045	-0.049	0.14	-0.552	-3.604	-2.922	-2.425	-4.032	-3.302	-2.445	-3.127	-1.635	0.665	-1.363	-1.521	-1.958
"YOR276W"	0.296	0.29	-0.143	0.334	-0.599	0.652	-2.1185	-1.5925	-1.4995	-1.3115	-1.455	-1.655	-0.9165	-1.8885	-1.44	-1.99	-1.6405	0.146	-2.37	-1.547	-1.789	-1.815	-1.759	-1.888	-2.356	-0.227	-0.098	-0.243	0.428	0.1705	-0.352	0.591	-1.814	0.145	0.417	0.004	-0.787	0.095	0.198	-2.444	-1.699	-0.956	-2.349	-1.526	-1.139	-1.571	-1.18	0.57	-0.443	-0.621	-1.602
"YOR293W"	-1.181	-0.367	-1.109	0.249	-1.549	0.646	-4.155	-3.7615	-3.19	-2.996	-2.4345	-2.697	-2.2545	-3.442	-3.1085	-3.0195	-2.64	0.257	-4.233	-2.537	-2.533	-2.507	-1.856	-2.041	-3.118	-0.036	-0.099	-0.036	0.1505	0.2065	-0.1305	0.445	-3.151	0.271	0.109	0.209	-0.157	0.273	0.035	-3.53	-3.262	-3.205	-3.853	-3.23	-2.89	-3.271	-1.762	0.484	-1.183	-1.195	-1.809
"YOR386W"	-0.156	-0.362	0.499	-0.078	0.823	0.043	3.0	1.9635	2.3705	1.8745	1.632	2.254	3.1865	2.07	2.3485	1.814	1.0315	0.146	2.511	1.731	1.421	1.399	0.161	-0.142	0.116	-0.385	0.13	NaN	-0.344	-0.5	0.3315	-0.394	2.629	0.059	-1.014	-0.104	0.407	0.193	0.174	2.983	2.397	0.599	3.712	2.72	1.672	1.332	1.554	-0.502	0.804	-0.023	1.338
"YPL081W"	0.16	0.191	-1.369	0.036	-0.796	0.609	-4.5065	-3.3595	-3.199	-3.083	-2.508	-3.086	-1.7785	-2.5355	-2.916	-2.428	-2.3315	0.181	-4.022	-2.461	-2.849	-2.929	-2.789	-2.909	-3.725	0.099	0.508	0.383	-0.1415	-0.0175	-0.252	0.789	-2.52	0.082	0.257	-0.128	-0.788	0.063	-0.095	-3.083	-2.359	-1.427	-3.939	-2.717	-2.656	-3.157	-1.902	0.384	-1.575	-1.336	-1.555
"YPL134C"	0.458	0.332	-0.743	-0.057	1.659	-1.5225	3.9795	5.404	5.113	4.7625	3.908	3.98	2.6525	2.3025	2.5845	1.805	2.747	0.224	1.52	2.165	1.362	0.227	0.877	1.27	1.334	0.316	-0.182	-0.274	0.1155	0.193	0.0535	-2.061	1.113	-0.165	0.641	0.055	-0.484	0.339	0.066	2.122	3.316	2.763	2.188	3.624	3.62	3.406	0.511	0.008	1.077	1.388	1.408
"YPL142C"	0.199	0.436	-0.781	0.3215	-0.787	0.8765	-3.1395	-2.973	-2.7515	-2.2525	-1.78	-1.891	-2.088	-2.825	-3.3035	-2.8235	-2.16	0.25	-4.155	-2.082	-2.303	-2.376	-2.148	-2.632	-2.979	0.2	0.133	0.082	0.421	0.587	-0.096	-0.131	-3.034	-0.203	0.403	-0.293	0.294	0.349	0.142	-3.763	-3.021	-2.696	-3.677	-3.278	-2.971	-3.35	-1.359	1.041	-0.968	-0.778	-1.942
"YPR043W"	0.268	0.456	-0.761	0.388	-0.4	0.194	-2.5775	-2.728	-2.4415	-1.9305	-1.707	-1.435	-1.6525	-2.7405	-3.037	-2.62	-1.9725	-0.042	-2.953	-1.763	-1.831	-1.864	-0.871	-1.08	-2.187	-0.07	-0.046	0.195	0.5555	0.569	0.0995	0.316	-1.976	-0.259	0.589	0.407	0.048	0.399	-0.046	-3.698	-2.612	-2.615	-3.516	-2.939	-2.785	-3.169	-0.941	0.602	-1.376	-0.842	-1.691
"YPR132W"	-0.2125	0.1725	-0.831	0.185	-1.087	0.55	-2.849	-3.586	-3.351	-1.806	-2.6445	-2.672	-1.4195	-2.5895	-3.048	-2.967	-2.8485	0.245	-3.788	-1.948	-2.214	-2.292	-1.968	-2.388	-3.151	0.125	0.289	0.135	0.6485	0.6665	-0.4195	0.869	-2.027	-0.247	0.613	0.02	-0.084	0.21	0.031	-2.884	-2.466	-2.174	-2.903	-2.829	-2.063	-2.893	-1.437	0.513	-1.355	-1.039	-1.542
"YPR163C"	-0.189	-0.003	-0.243	0.418	-1.144	0.88	-3.6815	-2.265	-2.266	-1.717	-1.8375	-0.93	-0.8095	-2.5635	-2.469	-2.6395	-2.0525	0.346	-3.136	-2.003	-2.05	-2.325	-2.642	-2.895	-2.82	-0.06	-0.022	-0.098	0.4825	0.3075	-0.4305	0.428	-3.572	-0.462	0.412	0.742	0.456	0.104	0.195	-3.506	-3.14	-1.955	-3.575	-2.873	-2.034	-2.32	-1.488	0.709	-1.475	-1.728	-1.088
"YPR184W"	-0.485	-0.617	-0.438	-0.477	0.087	-1.695	3.57	1.63	2.0245	1.656	2.193	2.0715	2.9265	2.8455	1.579	2.1675	1.965	-0.009	2.689	2.661	2.888	2.359	2.458	2.911	1.408	0.241	0.396	0.395	-0.675	-0.342	-0.181	-1.425	4.475	-0.002	0.045	-0.709	-0.8	0.072	0.16	3.508	3.292	2.644	5.124	3.664	2.302	2.153	1.603	-1.027	1.972	1.215	2.708
