	"40.alpha factor release sample029"	"42.alpha factor release sample022"	"585.21 deg growth"	"599.37 deg growth"	"824.DY1457 (wild type) 10 uM zinc vs. 3 mM"	"854.YPD_6_h_30C"	"855.YPD_8_h_30C"	"856.YPD_10_h_30C"	"857.YPD_12_h_30C"	"858.YPD_1_d_30C"	"859.YPD_2_d_30C"	"860.YPD_3_d_30C"	"861.YPD_5_d_30C"	"866.starv_in_H2O_0.5_h_30C"	"942.starv_in_H2O_1_h_30C"	"943.starv_in_H2O_2_h_30C"	"944.starv_in_H2O_4_h_30C"	"945.starv_in_H2O_6_h_30C"	"1012.YPD 12 h (25C)"	"1015.YPD 3 d (25C)"	"1016.YPD 5 d (25C)"	"1017.YPD 7 d (25C)"	"1018.YPD 13 d (25C)"	"1097.alpha factor release sample020"	"1107.alpha factor release sample025"	"11466.yO1 test hyb"	"12733.Nitrogen Depletion 8 h"	"12734.Nitrogen Depletion 12 h"	"32622.S1Comp 05 hr 10 min Sulfate Batch vs Chemostat Comparison"	"32624.S1Comp 07 hr 05 min Sulfate Batch vs Chemostat Comparison"	"32626.S1Comp 08 hr 55 min Sulfate Batch vs Chemostat Comparison"	"34872.S4Comp 05 hr 00 min Sulfate Batch vs Chemostat Comparison"	"34877.S4Comp 08 hr 05 min Sulfate Batch vs Chemostat Comparison"	"38146.03II01 batch p2"	"38147.03II01 batch p3"	"38148.03II01 batch p4"	"42372.CC UL 3A Uracil-Leucine Chemostat Comparison"	"42373.CC UL 3B Uracil-Leucine Chemostat Comparison"	"42386.CC UL 1B Uracil-Leucine Chemostat Comparison"
"YAL036C"	-0.179	-0.172	-0.292	0.011	-0.037	-2.24	-1.7	-1.117	-1.024	-1.113	-1.409	-2.145	-3.743	-1.491	-2.682	-2.056	-1.616	-1.117	-2.5035	-1.486	-1.4315	-1.841	-2.0465	-0.438	-0.02	-1.194	-2.0125	-1.217	0.625	0.893	0.873	0.775	0.671	0.979	1.029	0.811	0.293	0.032	0.482
"YBL039C"	0.024	0.336	0.344	-0.505	0.171	-3.74	-3.092	-3.457	-2.373	-2.908	-3.004	-4.323	-7.004	-1.782	-2.736	-2.628	-2.386	-2.176	-4.7305	-3.9535	-3.7495	-4.251	-3.5775	0.223	0.173	-2.958	-3.456	-2.6045	1.592	1.286	1.325	1.132	0.301	0.551	0.329	-0.049	0.168	0.063	-0.169
"YBL068W"	-0.075	-0.116	0.002	-0.061	0.156	-2.464	-1.272	-0.712	-1.354	-1.322	-2.087	-3.069	-2.71	-1.242	-1.955	-1.468	-1.336	-1.506	-1.537	-1.9665	-1.375	-2.429	-2.56	0.202	-0.081	-1.092	-2.071	-1.4885	0.767	1.253	0.717	0.74	-0.323	0.424	0.601	0.322	0.359	-0.147	0.534
"YBL077W"	0.417	0.126	-0.22	-0.465	0.067	-3.41	-2.161	-1.694	-1.571	-2.021	-1.176	-3.136	-5.081	-1.351	-2.763	-2.285	-2.607	-2.667	-2.792	-2.345	-2.816	-3.3595	-3.1945	-0.018	0.062	-1.547	-2.306	-2.488	0.532	1.277	1.349	0.691	0.814	0.416	0.316	0.32	0.561	-0.375	-1.262
"YBL092W"	0.0245	-0.069	0.237	-0.331	0.379	-3.458	-3.598	-2.824	-2.394	-2.138	-2.929	-2.896	-5.158	-1.759	-3.0	-2.812	-2.665	-2.635	-3.5865	-2.4445	-1.726	-2.74	-2.8475	-0.068	0.183	-1.555	-3.0005	-1.6075	0.52	0.171	0.345	0.489	0.946	1.042	1.207	0.942	0.206	0.22	-0.385
"YDR025W"	0.292	0.175	-0.212	-0.294	0.334	-3.904	-3.548	-3.252	-2.573	-2.592	-2.705	-3.393	-6.697	-1.997	-3.357	-3.356	-3.471	-3.326	-4.504	-2.886	-2.503	-2.895	-3.518	0.426	0.181	-1.7675	-3.299	-2.193	1.471	1.97	1.766	1.644	1.063	0.463	0.433	0.319	0.142	-0.01	0.322
"YDR037W"	-0.589	0.263	-0.054	-0.408	0.375	-4.313	-3.427	-3.607	-3.146	-3.858	-3.458	-4.551	-5.224	-1.483	-3.226	-2.505	-2.756	-2.42	-1.971	-2.313	-2.916	-3.368	-3.772	0.091	0.157	-2.523	-1.739	-1.695	0.387	1.057	1.472	1.344	1.122	-0.822	0.026	-0.773	0.163	-0.535	-0.327
"YER102W"	0.701	0.489	0.418	-0.041	0.611	-3.932	-3.965	-3.177	-2.924	-2.3	-2.578	-3.64	-6.434	-1.229	-3.101	-3.625	-3.37	-3.204	-4.286	-2.593	-2.579	-3.326	-3.859	0.492	0.501	-2.388	-3.067	-2.133	1.349	2.048	1.499	1.957	1.521	1.13	1.644	1.566	0.522	0.456	0.424
"YGL016W"	0.034	0.0905	-0.426	-0.55	0.094	-1.929	-0.664	-0.675	-0.604	-1.474	-1.127	-3.034	-4.265	-1.579	-1.563	-1.245	-1.104	-1.391	-1.719	-1.608	-2.599	-3.554	-2.639	-0.0815	0.0545	-1.374	-1.153	-1.867	-0.436	-0.586	-0.836	0.25	-0.364	-1.022	-0.346	-0.657	-0.245	-0.432	0.995
"YGL156W"	-0.384	0.613	0.154	0.79	0.104	4.377	4.521	4.625	4.645	5.069	5.027	5.027	2.804	2.749	3.372	3.335	3.32	3.359	2.737	3.981	4.487	4.716	3.456	0.213	0.119	3.83	3.063	3.122	-0.3545	-1.698	-1.1665	-1.1305	-0.549	-0.799	-0.7085	-0.7005	-1.0395	0.837	1.664
"YGL255W"	-0.237	-0.229	1.093	-0.498	-0.543	-0.655	-0.766	-0.816	0.932	2.712	2.824	3.418	2.62	-1.208	-2.0	-1.918	-1.66	-1.905	-0.008	1.737	2.892	4.021	2.774	-0.169	0.173	2.174	-2.061	-2.422	-1.417	-1.391	1.229	-0.617	-0.169	-0.962	-0.856	-1.098	1.773	-1.678	-2.06
"YGR131W"	-0.474	0.018	-0.327	0.207	0.541	1.96	1.183	1.019	1.393	1.4	1.32	1.954	0.399	0.459	0.534	0.036	0.43	0.602	0.521	0.393	1.143	2.157	1.361	-0.27	-0.123	0.291	-0.59	-0.317	0.28	0.535	0.56	-0.221	0.328	-0.242	-0.671	-0.471	0.719	0.249	0.375
"YGR229C"	-0.247	0.401	0.371	-0.415	0.172	-0.832	-0.57	-0.382	-0.754	-1.164	-0.943	-2.847	-4.256	-1.072	-1.104	-1.1	-1.987	-1.316	-1.823	-1.658	-2.401	-2.58	-3.391	0.146	0.106	-1.347	-0.694	-1.255	0.659	0.659	-0.217	0.828	-0.196	-0.345	0.265	0.354	-0.135	-0.335	-0.132
"YHL033C"	0.239	0.448	0.292	-0.304	0.613	-3.758	-2.864	-2.635	-1.944	-1.277	-2.205	-3.984	-6.65	-1.783	-3.056	-3.153	-3.005	-2.318	-4.25	-2.523	-2.601	-2.923	-4.209	0.38	0.264	-1.956	-3.051	-1.93	0.592	1.465	1.647	1.643	1.252	1.331	1.564	1.382	0.489	0.102	0.414
"YHR019C"	0.238	0.397	-0.055	-0.618	0.199	-2.949	-1.631	-1.096	-1.467	-1.831	-2.048	-4.051	-5.077	-1.424	-3.299	-2.825	-2.664	-2.76	-2.07	-2.06	-3.117	-3.721	-4.387	0.063	0.046	-1.834	-2.529	-2.505	NaN	1.81	1.342	0.821	0.27	0.299	0.657	0.486	0.403	-0.144	-0.131
"YHR203C"	0.392	-0.175	0.014	-0.303	0.32	-3.926	-2.827	-3.148	-2.671	-2.372	-2.895	-3.782	-5.944	-1.998	-3.917	-3.774	-3.412	-3.049	-4.669	-2.591	-2.575	-3.081	-3.941	-0.052	0.219	-2.302	-3.65	-2.621	0.441	0.765	0.908	1.552	0.997	0.851	0.711	0.553	0.291	-0.032	-0.82
"YJL006C"	0.33	-0.339	0.283	0.324	-0.131	-0.342	-1.008	-0.455	-0.108	-0.328	-0.857	-1.361	-3.043	-0.454	-0.46	-0.046	0.185	0.177	-0.553	-0.274	-0.617	-1.262	-0.997	-0.093	-0.133	-0.46	0.486	0.68	0.638	0.339	0.337	0.352	0.055	0.675	0.433	0.465	0.037	0.237	0.039
"YJL189W"	0.2	0.077	0.26	0.099	0.435	-3.545	-2.317	-2.319	-2.282	-1.647	-1.644	-2.901	-4.28	-1.433	-2.446	-2.278	-1.716	-1.833	-3.49	-2.141	-1.577	-2.282	-2.837	0.421	0.052	-1.034	-1.798	-0.667	0.548	0.178	0.32	0.522	0.707	0.443	0.981	0.603	0.239	0.036	-0.082
"YJR123W"	0.549	-0.109	0.262	-0.365	0.321	-3.844	-3.276	-3.279	-3.375	-2.46	-3.124	-4.381	-9.147	-1.536	-3.809	-3.529	-3.442	-3.646	-4.282	-2.635	-2.639	-3.543	-4.006	0.025	0.248	-2.153	-3.404	-2.268	1.251	0.903	0.909	0.659	0.305	1.066	0.799	0.467	0.163	0.091	-0.199
"YJR143C"	0.294	-0.548	-0.017	-0.339	-0.205	-1.748	-1.012	-1.037	-1.648	-1.487	-1.713	-4.675	-5.523	-1.414	-2.151	-2.716	-2.573	-3.031	-1.799	-2.118	-3.335	-3.698	-3.382	0.043	0.242	-1.896	-1.659	-2.672	-0.874	-1.127	-1.146	-0.661	-0.896	-0.389	-0.38	-0.799	0.146	-0.039	0.084
"YKR094C"	0.488	0.07	0.327	0.74	0.286	-3.138	-2.914	-2.619	-2.274	-1.978	-2.41	-2.464	-4.383	-1.021	-2.102	-2.333	-1.972	-2.7	-2.785	-1.839	-1.792	-2.197	-2.387	-0.077	0.144	-2.035	-2.111	-1.385	0.552	0.613	1.177	0.92	0.702	0.932	1.389	1.126	0.184	-0.052	-0.173
"YLL044W"	-0.002	-0.059	0.262	-0.619	0.51	-4.871	-3.525	-3.158	-2.869	-2.211	-2.963	-3.79	-6.48	-1.665	-3.313	-3.031	-3.269	-2.156	-3.872	-2.736	-2.724	-3.494	-3.967	0.148	0.04	-2.227	-3.04	-1.93	0.625	1.199	0.339	0.404	1.166	1.047	1.262	1.202	0.148	-0.086	0.218
"YLL045C"	0.118	0.072	0.465	-0.514	0.354	-3.851	-3.176	-2.506	-2.189	-1.64	-2.221	-3.857	-6.618	-1.489	-3.169	-3.335	-3.185	-2.744	-3.66	-2.495	-2.943	-3.021	-3.731	-0.049	0.209	-2.165	-2.953	-1.749	0.532	1.05	0.965	0.827	0.518	1.202	0.88	0.75	0.187	0.172	0.251
"YLR060W"	0.214	0.016	-0.117	-0.146	0.52	-3.165	-2.617	-2.047	-2.296	-2.499	-2.849	-4.941	-5.967	-1.197	-2.093	-1.988	-2.672	-2.566	-2.773	-2.667	-3.118	-3.713	-4.371	-0.279	-0.01	-2.464	-1.534	-1.72	-0.932	-0.912	-1.096	1.231	-0.547	-0.617	-0.885	-0.903	0.017	-0.001	0.489
"YLR061W"	0.472	-0.063	-0.005	-0.079	0.297	-4.925	-4.297	-4.115	-3.603	-2.908	-3.127	-4.939	-6.591	-1.703	-3.239	-3.818	-3.021	-3.058	-4.326	-2.88	-3.309	-3.833	-3.91	0.091	0.01	-2.482	-2.383	-1.368	1.113	0.846	0.97	0.512	0.434	1.101	1.716	1.37	0.367	-0.033	-1.302
"YLR062C"	0.451	0.04	-0.031	-0.107	0.667	-4.53	-4.418	-3.352	-3.067	-3.127	-4.077	-5.705	-6.896	-1.847	-3.6	-3.985	-3.965	-3.18	-4.96	-3.706	-4.299	-4.293	-5.234	-0.259	0.082	-2.675	-3.446	-2.666	1.558	1.34	1.678	1.753	1.159	1.604	1.712	1.48	0.153	0.056	-0.893
"YLR333C"	0.172	0.16	0.016	0.064	0.651	-3.93	-3.067	-2.402	-2.401	-1.851	-2.342	-3.011	-5.863	-1.82	-3.538	-3.334	-2.939	-2.483	-4.032	-2.057	-1.584	-2.45	-2.848	0.309	0.252	-1.748	-2.565	-1.875	0.86	1.159	1.112	0.909	0.933	1.552	1.781	1.449	0.361	0.287	0.522
"YLR388W"	0.377	0.412	0.066	0.125	0.521	-3.12	-2.544	-2.264	-1.926	-1.98	-1.738	-3.596	-5.506	-1.651	-3.204	-3.058	-2.742	-2.362	-4.025	-2.555	-2.232	-2.581	-3.193	-0.053	0.289	-2.034	-2.994	-2.289	0.769	1.369	0.876	1.328	1.142	1.547	1.771	1.392	0.448	-0.046	0.559
"YLR448W"	-0.067	0.104	0.103	-0.044	0.588	-4.815	-3.882	-3.116	-3.083	-2.052	-2.688	-3.552	-5.971	-1.842	-3.425	-3.454	-3.179	-2.573	-4.891	-2.621	-2.668	-3.192	-4.132	-0.267	-0.047	-2.337	-3.647	-2.386	1.572	1.454	1.398	1.145	1.147	1.364	1.579	1.645	0.251	0.131	0.918
"YML026C"	NaN	NaN	0.362	-0.098	0.234	-3.811	-3.779	-3.236	-2.913	-2.934	-3.29	-4.268	-5.271	-2.084	-3.779	-3.636	-3.131	-3.217	-3.572	-2.821	-2.898	-2.803	-2.821	NaN	NaN	-1.928	-2.879	-1.637	0.298	0.716	0.801	1.099	1.043	0.934	0.697	0.539	0.177	0.135	0.13
"YML073C"	NaN	NaN	0.221	-0.205	0.436	0.912	-3.01	-3.061	-2.182	-1.884	-2.135	-3.862	-6.033	-1.506	-3.5	-3.371	-3.087	-2.501	-4.919	-2.549	-2.401	-2.624	-3.718	NaN	NaN	-1.975	-3.463	-2.293	-0.067	0.783	0.221	0.727	0.51	0.699	0.834	0.782	0.314	0.095	0.119
"YMR130W"	-0.138	-0.124	0.316	-0.039	-0.017	-2.063	-1.784	-1.864	-1.924	-1.614	-1.215	-1.972	-3.845	-1.1	-1.058	-1.571	-0.671	-1.168	-1.858	-1.47	-2.339	-2.247	-2.295	0.018	0.124	-1.328	-0.184	-0.653	-0.525	0.041	-0.323	0.353	0.325	-0.331	-0.738	-0.603	0.004	0.384	-0.141
"YMR242C"	-0.17	0.045	0.446	-0.144	0.401	-4.702	-3.631	-3.819	-3.001	-2.522	-3.032	-3.971	-6.226	-2.004	-3.832	-4.338	-3.636	-3.62	-4.84	-3.004	-2.601	-3.133	-3.475	0.254	0.288	-2.4615	-3.185	-2.447	0.698	0.85	0.918	0.544	0.63	0.486	-0.038	-0.183	0.177	0.012	-0.603
"YNL089C"	0.147	-0.152	-0.091	0.04	-0.106	-1.202	-0.797	-0.46	-0.924	-1.439	-1.631	-2.333	-2.142	-0.825	-1.254	-1.218	-1.259	-1.803	-0.686	-1.565	-1.866	-1.819	-2.26	-0.062	0.137	-0.868	-0.022	-0.552	-0.039	-0.091	0.259	0.604	0.288	0.854	0.693	0.775	0.057	0.25	-0.546
"YNL096C"	0.104	-0.268	0.097	0.548	0.354	-4.113	-3.765	-3.642	-3.235	-2.81	-3.616	-4.038	-6.106	-2.087	-3.331	-3.045	-2.761	-3.165	-4.716	-3.041	-3.644	-4.096	-4.68	-0.345	0.182	-2.8625	-3.171	-2.296	0.792	1.486	1.878	1.374	0.83	0.626	0.422	0.565	0.165	0.048	-0.599
"YNL119W"	0.088	-0.265	0.119	-0.212	0.552	-6.697	-3.692	-2.694	-2.909	-2.2	-3.337	-5.354	-6.231	-1.542	-3.359	-3.366	-2.99	-2.998	-3.55	-2.206	-2.822	-2.843	-3.318	-0.186	-0.011	-1.92	-2.631	-1.803	0.647	0.997	1.174	1.003	0.552	1.179	0.98	1.026	0.113	0.04	-0.95
"YNL162W"	0.537	0.182	0.096	-0.064	0.442	-3.953	-3.395	-3.14	-2.838	-2.175	-2.163	-2.858	-6.425	-1.564	-2.86	-2.872	-2.421	-2.763	-3.999	-2.0	-1.742	-2.487	-3.468	0.24	0.065	-1.852	-2.438	-1.199	0.535	0.514	0.792	1.276	0.76	1.133	1.211	0.867	0.524	-0.279	-0.474
"YNL334C"	-0.27	0.219	-0.339	0.412	-0.154	NaN	NaN	4.02	4.304	0.012	NaN	3.877	2.845	0.12	1.449	0.508	0.588	0.713	0.725	1.69	1.301	1.246	0.945	0.026	0.246	0.942	0.212	0.405	-0.148	-0.595	-0.091	0.044	0.187	0.081	0.046	-0.218	-0.26	0.359	-0.14
"YOL121C"	0.239	0.06	0.277	-0.049	0.058	-1.946	-2.3835	-2.652	-1.5685	1.1705	-0.516	-3.476	-1.754	-2.127	-1.922	-1.2305	-1.7075	-2.994	-4.227	-2.307	-2.469	-2.67	-3.83	-0.194	0.262	-2.133	-2.877	-1.347	0.544	0.896	0.465	0.913	0.803	0.601	0.671	0.396	0.278	0.015	0.086
"YOR361C"	-0.012	-0.197	0.1585	-0.63	0.0225	-1.94833333333333	-1.73166666666667	-1.46466666666667	-1.54333333333333	-1.84133333333333	-2.513	-2.869	-2.21	-0.806	-1.595	-0.816666666666667	-0.941666666666667	-2.198	-2.3735	-1.899	-2.266	-1.977	-2.109	0.005	0.103	-2.009	-1.9175	-1.9175	0.427	-0.193	-0.339	0.379	0.22	0.405	0.397	0.355	-0.019	-0.151	0.407
"YPL079W"	0.478	-0.041	0.202	0.541	0.105	-4.616	-4.1965	-3.787	-3.3525	-2.3565	-2.6495	-3.892	-6.4765	-1.7255	-3.085	-3.172	-3.0255	-3.112	-4.735	-3.087	-3.015	-3.498	-4.547	-0.096	0.085	-1.673	-3.141	-2.001	-0.357	0.392	0.705	1.415	0.839	0.686	0.904	0.79	0.111	-0.085	-0.491
"YPL142C"	-0.008	0.342	0.088	-0.322	0.3605	-3.1395	-2.973	-2.7515	-2.2525	-1.78	-1.891	-3.5865	-5.604	-2.088	-2.825	-3.3035	-2.8235	-2.16	-4.155	-2.376	-2.148	-2.632	-2.979	-0.275	0.143	-2.011	-2.534	-1.836	0.766	0.486	0.412	1.054	0.887	1.154	0.774	0.861	0.294	0.216	0.48
"YPR074C"	0.289	-0.078	-0.234	-0.5075	0.3975	-3.2435	-2.5595	-2.0485	-2.134	-3.2975	-2.2945	-5.337	-5.42	-1.4365	-3.374	-2.2005	-3.7185	-4.2955	-3.649	-3.162	-3.369	-3.61	-3.663	0.061	-0.068	-3.132	-2.906	-3.257	0.459	0.772	0.035	-0.78	-0.256	-0.492	-0.854	-0.871	-0.698	0.483	0.593
"YPR102C"	0.747	0.096	0.3265	0.0725	0.223	-3.521	-3.2315	-3.2945	-3.3515	-2.7315	-2.6455	-4.045	-6.451	-1.4375	-3.5055	-4.118	-3.673	-3.277	-4.644	-3.232	-3.352	-3.749	-4.692	0.323	0.174	-2.384	-3.121	-2.243	0.617	1.173	0.879	0.749	0.665	1.257	0.915	0.878	0.274	-0.026	-0.921
"YPR118W"	0.476	0.084	-0.00149999999999999	-0.063	0.4435	-2.848	-3.0	-2.0775	-2.4945	-2.706	-3.095	-3.9965	-5.524	-2.1155	-2.525	-2.5375	-2.305	-2.577	-1.735	-2.077	-2.882	-3.334	-3.538	0.233	0.092	-1.794	-0.822	-1.462	-1.094	-0.898	-0.745	0.078	0.315	-1.132	-1.15	-1.174	0.114	-0.179	-0.323
"YPR132W"	0.161	0.113	0.413	-0.0125	0.4555	-2.849	-3.586	-3.351	-1.806	-2.6445	-2.672	-3.1925	-5.805	-1.4195	-2.5895	-3.048	-2.967	-2.8485	-3.788	-2.292	-1.968	-2.388	-3.151	-0.136	0.116	-2.217	-2.19	-1.375	0.194	0.853	0.951	0.858	0.59	1.047	0.696	0.701	0.109	-0.04	-0.763
