	"108.heat shock 15 min"	"115.heat shock 20 min repeat"	"408.heat shock 29 to 37, 20 minutes"	"409.heat shock 25 to 37, 20 minutes"	"410.heat shock 21 to 37, 20 minutes"	"800.Heat Shock 015 minutes"	"831.1.5 mM diamide (20 min)"	"834.1.5 mM diamide (30 min)"	"836.1.5 mM diamide (40 min)"	"838.1.5 mM diamide (50 min)"	"854.YPD_6_h_30C"	"861.YPD_5_d_30C"	"942.starv_in_H2O_1_h_30C"	"964.1 mM Menadione (160 min) redo"	"986.constant 0.32 mM H2O2 (30 min) redo"	"1312.diauxic shift timecourse: 13.5 hr"	"4048.0.8M NaCl +FK506 - 30 min"	"7759.Na 30min"	"7760.Na 45min"	"7761.Na 60min"	"7763.Na+FK 30min"	"7764.Na+FK 45min"	"7765.Na+FK 60min"	"8233.dtt 120 min"	"8234.dtt 240 min"	"12741.Nitrogen Depletion 1 h"	"12744.heat shock 17 to 37, 20 minutes"	"32253.DBY8778_heat_shock2_15min"	"32254.DBY8778_heat_shock2_30min"	"32255.DBY8778_heat_shock2_60min"	"33779.delYPL230w_stationary_phase_5hours"
"YCL053C"	-2.892	-2.571	-2.61	-3.477	-3.061	-2.015	-2.08	-1.822	-1.478	-1.163	-4.013	-4.22	-2.694	-0.003	-1.393	-0.638	-1.561	-1.453	-1.829	-1.193	-1.206	-1.584	-1.503	-1.277	-1.367	-1.3105	-3.2	-1.143	-1.625	-1.264	-1.866
"YCL054W"	-3.545	-2.942	-2.871	-3.741	-3.668	-1.441	-2.492	-1.974	-1.659	-1.3	-3.386	-2.063	-2.121	-0.584	-1.398	-0.558	-1.758	-1.599	-1.884	-1.438	-1.11	-1.505	-1.54	-1.39	-1.143	-2.2055	-4.039	-4.037	-2.713	-1.597	-3.761
"YCLX02C"	-4.024	-3.119	-2.69	-3.872	-3.655	-0.105	-2.8	-2.263	-1.804	-1.834	-4.118	-2.85	-2.734	-0.694	-1.312	-0.955	-2.243	-1.95	-2.282	-1.57	-1.301	-1.974	-1.943	-1.127	-1.529	-1.7125	-4.225	-2.679	-2.039	-1.187	-3.541
"YCR055C"	-4.1	-3.895	-3.121	-3.998	-3.454	-3.998	-2.922	-2.786	-1.986	-1.367	-6.518	-6.433	-3.796	-0.866	-1.489	-0.685	-2.259	-1.936	-2.904	-2.096	-1.54	-1.969	-2.123	-1.448	-1.614	-1.924	-4.055	NaN	NaN	NaN	NaN
"YCR057C"	-3.139	-3.435	-2.848	-2.984	-2.951	-3.208	-2.54	-2.527	-2.059	-1.475	-5.726	-5.109	-2.464	-0.49	-1.456	-0.741	-2.039	-1.682	-2.77	-2.311	-1.528	-1.274	-1.82	-1.462	-1.445	-1.1435	-3.831	-2.66966666666667	-1.48266666666667	-1.129	-2.95133333333333
"YCRX04W"	-1.053	-1.012	-0.7	-1.046	-1.147	-0.527	-0.878	-0.73	-0.411	-0.133	-0.819	-2.1	-0.903	-0.049	-0.254	0.065	-0.507	-0.6	-0.421	-0.418	-0.491	-0.605	-0.634	0.082	-0.589	-0.0895	-0.971	-1.072	-0.812	-0.276	-0.537
"YDL031W"	-2.88	-2.3335	-2.1535	-2.805	-2.451	-1.2305	-1.7075	-1.604	-1.4565	-0.9485	-2.5295	-3.3365	-2.234	-0.851	0.015	-0.285	-0.664	-0.7915	-1.3565	-1.355	0.0705	-0.546	-1.206	-0.102	0.1085	-0.799	-2.6385	-2.583	-1.757	-0.802	-2.16
"YDL167C"	-2.982	-3.3	-1.628	-2.786	-2.868	-2.111	-2.256	-2.074	-1.328	-0.853	-4.321	-4.001	-3.298	-0.006	-1.156	-0.435	-1.772	-1.4	-1.538	-1.102	-1.266	-1.336	-1.199	-1.118	-1.222	-1.77	-2.283	-2.303	NaN	-0.647	-3.364
"YDR083W"	-2.781	-3.602	-2.743	-3.018	-3.242	-0.901	-2.561	-2.515	-1.874	-1.206	-3.47	-2.922	-2.697	0.186	-1.681	-0.483	-1.309	-1.033	-1.78	-1.336	-0.812	-2.098	-2.258	-1.074	-1.277	-0.856	-3.386	-3.178	-2.503	-1.717	-2.713
"YDR087C"	-3.126	-4.143	-2.758	-3.643	-3.468	-1.886	-2.287	-2.337	-1.028	-0.921	-4.139	-4.944	-2.528	0.258	-0.878	-0.559	-0.865	-1.075	-1.68	-1.547	-0.851	-1.708	-2.134	-0.446	-0.868	-0.431	-4.13	-3.928	-2.942	-1.399	-3.396
"YDR184C"	-3.745	-3.004	-2.64	-3.408	-2.671	-1.575	-2.056	-1.547	-1.242	-0.812	-3.504	-1.842	-1.444	-0.118	-1.109	-0.756	-1.546	-1.536	-1.882	-1.428	-1.136	-2.075	-2.168	-0.837	-1.159	-0.597	-3.644	-3.588	-2.225	-0.801	-3.208
"YDR324C"	-3.512	-2.824	-2.336	-3.184	-3.012	-3.403	-1.933	-2.199	-1.5	-1.183	-3.361	-4.131	-2.212	-0.728	-1.492	-0.432	-2.608	-2.297	-3.039	-1.914	-1.672	-1.945	-2.099	-1.17	-1.45	-1.371	-3.609	-2.29	-1.944	-1.4445	-3.2975
"YDR465C"	-3.378	-4.511	-3.218	-3.765	-3.563	-1.603	-2.535	-2.812	-2.104	-1.14	-4.438	-2.557	-1.835	0.012	-1.135	-0.64	-1.75	-1.579	-2.458	-2.305	-1.377	-2.316	-2.684	-1.372	-1.623	-0.682	-3.782	-4.693	-2.965	-1.655	-3.552
"YDR496C"	-5.251	-3.9025	-3.671	-4.953	-4.7405	-3.085	-3.2695	-2.809	-2.2355	-1.793	-3.1645	-4.393	-4.5275	-0.314	-2.132	-0.358	-3.063	-2.733	-3.5775	-2.461	-2.197	-3.151	-2.808	-1.5675	-1.6945	-2.2255	-5.1875	-3.216	-2.317	-1.143	-1.917
"YER126C"	-3.132	-2.634	-3.488	-4.626	-4.459	-2.724	-2.571	-2.383	-1.734	-0.766	-4.455	-5.367	-2.355	0.669	-0.278	-0.297	-2.191	-1.979	-3.035	-2.036	-1.422	-2.942	-2.828	-1.087	-1.491	-1.223	-5.253	-5.806	-2.916	-0.975	-3.761
"YGL120C"	-3.316	-3.231	-3.301	-3.954	-3.877	-1.855	-2.25	-1.851	-1.325	-0.824	-4.557	-5.111	-3.171	-0.809	-1.328	0.496	-0.663	-0.384	-1.588	-1.59	-0.047	-1.027	-1.427	-0.665	-1.354	-2.071	-3.8	-3.466	-2.416	-1.313	-3.546
"YGR145W"	-5.791	-5.902	-3.702	-3.7955	-3.4415	-2.86	-3.204	-2.632	-2.307	-1.609	-4.245	-4.024	-2.214	-0.859	-2.002	-0.687	-1.856	-1.727	-2.735	-2.278	-0.988	-2.264	-2.469	-1.49	-1.533	-2.065	-4.7725	-4.182	-3.769	-0.711	-4.009
"YGR160W"	-6.235	-5.9475	-5.567	-6.207	-4.6575	-5.116	-3.134	-2.687	-2.046	-1.56	-4.796	NaN	-2.892	-0.752	-2.706	-1.341	-3.109	-3.117	-3.857	-2.834	-2.737	-3.507	-3.412	-2.317	-2.325	-3.533	-6.3385	-4.64	-4.207	-2.649	-4.708
"YGR245C"	-5.097	-5.1995	-3.9345	-4.2355	-3.9115	-2.202	-3.099	-3.022	-2.579	-1.802	-4.207	-3.799	-3.273	-1.086	-2.905	-0.819	-1.64	-1.451	-2.621	-2.539	-1.117	-2.046	-2.492	-1.821	-2.034	-1.375	-4.6765	-4.281	-2.645	-1.008	-3.415
"YHR052W"	-4.2445	-3.5175	-3.5215	-4.3935	-3.9395	-2.417	-1.975	-1.663	-1.389	-0.911	-4.199	-4.447	-2.565	-0.112	-1.298	-0.675	-2.447	-2.417	-2.621	-1.95	-1.349	-2.318	-2.298	-1.184	-1.408	-1.056	-4.9395	-2.827	-1.875	-1.073	-3.47
"YHR065C"	-3.0405	-2.4595	-1.6845	-3.2925	-3.089	-2.602	-1.917	-1.847	-1.032	-0.555	-4.558	-4.644	-1.784	0.089	-0.6	-0.262	-1.74	-1.377	-1.883	-1.189	-1.16	-2.011	-1.74	-1.107	-1.509	-0.841	-3.37	NaN	-0.921	0.069	-3.429
"YHR066W"	-3.7505	-3.0515	-2.9815	-3.762	-3.552	-2.046	-2.473	-2.073	-1.432	-1.036	-4.885	-5.203	-2.974	0.104	-0.918	-0.452	-2.029	-1.659	-2.447	-1.738	-1.335	-2.494	-2.346	-1.151	-1.507	-0.692	-4.347	-3.068	-1.906	-1.292	-2.382
"YIL064W"	-2.354	-2.7345	-2.1515	-2.514	-2.1275	-1.887	-1.639	-1.635	-1.362	-0.967	-2.326	-2.687	-2.125	-0.175	0.083	-0.094	-0.997	-1.059	-1.511	-1.65	-0.805	-1.392	-1.751	-1.18	-1.396	-0.373	-2.1995	-2.286	-1.123	-0.782	-2.035
"YIR026C"	-3.1325	-3.9735	-2.8615	-3.1245	-3.013	-1.851	-2.178	-2.28	-1.724	-1.223	-4.983	-4.724	-2.112	-0.1885	-0.5095	-0.541	-1.034	-1.125	-2.044	-2.065	-1.152	-2.068	-2.269	-1.2	-1.332	-0.768	-2.938	-2.844	-2.131	-1.637	-2.578
"YJL125C"	-1.985	-2.022	-1.6395	-2.175	-1.945	-0.942	-1.466	-1.267	-0.908	-0.592	-2.303	-4.009	-1.988	0.05	-0.454	-0.751	-0.853	-0.784	-1.002	-0.899	-0.456	-0.897	-1.045	-0.708	-0.766	-0.65	-1.7655	-1.659	-1.219	-0.403	-1.31
"YJR002W"	-3.52066666666667	-2.819	-2.21066666666667	-2.34	-3.20666666666667	-2.205	-1.834	-1.98	-1.6755	-1.28	-2.9885	-4.416	-2.066	-0.77	-1.388	-0.186	-1.4075	-1.3115	-2.0865	-1.753	-0.9595	-1.7065	-1.7065	-1.132	-1.223	-1.0915	-3.31866666666667	-3.252	-2.36	-1.269	-2.426
"YJR072C"	-1.074	-1.67	-1.367	-1.958	-2.223	-1.041	-0.449	-0.447	0.11	0.213	-2.021	-3.523	-1.871	-0.209	0.229	-0.171	0.024	-0.118	-0.743	-0.365	-0.495	-1.185	-1.219	-0.218	-0.332	-0.162	-2.364	-2.081	-1.246	-0.582	-2.376
"YKL024C"	-1.171	-1.839	-1.0715	-1.356	-1.345	-0.684	-0.453	-0.501	-0.167	0.12	-2.211	-5.4	-1.547	0.013	-0.178	-0.609	-0.272	-0.501	-0.525	-0.195	-0.692	-0.792	-0.847	0.404	-0.292	0.019	-1.1135	-1.603	-1.504	-0.325	-1.568
"YKL125W"	-1.171	-1.394	-0.879	-1.222	-1.143	-0.7	-1.361	-1.162	-0.932	-0.747	-1.489	-3.218	-0.969	1.794	-0.636	-0.109	-0.525	-0.71	-0.755	-0.82	-0.562	-0.689	-0.919	-0.381	-0.109	-0.041	-1.188	-1.379	-1.048	-0.543	-1.425
"YKL181W"	-2.313	NaN	-2.149	-2.822	-2.81	-1.73	-1.655	-1.54	-1.193	-0.807	-3.28	-4.28	-2.604	-0.398	-0.802	-0.428	-1.315	-1.164	-1.865	-1.322	-1.328	-2.131	-1.876	-0.64	-1.0	-0.935	-2.802	-2.543	-1.721	-0.975	-2.308
"YKL191W"	-2.458	-2.92	-2.358	-2.347	-1.981	-2.122	-2.463	-2.032	-1.357	-0.956	-2.611	-4.342	-2.195	-0.666	-1.213	-1.059	-1.454	-0.854	-1.484	-1.085	-1.14	-1.892	-1.631	-0.943	-0.916	-0.839	-2.641	-2.759	-2.339	-1.095	-2.326
"YLL008W"	-4.973	-4.981	-3.751	-4.808	-4.019	-3.12	-3.718	-3.309	-2.293	-1.589	-5.659	-6.113	-2.364	-0.775	-2.335	-1.084	-1.385	-1.558	-2.724	-1.847	-1.295	-2.071	-2.458	-1.692	-1.714	-2.027	-4.642	-4.08	-2.614	-1.681	-3.042
"YLL022C"	-1.197	-1.843	-1.017	-0.956	-1.5	-0.309	-0.812	-1.092	-0.734	-0.117	-1.863	-3.451	-1.605	-0.263	-0.021	-0.258	0.375	-0.247	-0.703	-0.809	-0.316	-0.416	-0.817	-0.325	-0.246	-0.297	-1.332	-1.323	-1.314	-0.433	-1.775
"YLR009W"	-4.735	-4.564	-2.897	-4.204	-3.864	-3.541	-2.25	-2.132	-1.593	-0.994	-4.675	-5.388	-2.737	0.097	-1.804	-0.578	-2.459	-2.563	-2.802	-2.013	-2.197	-2.902	-2.825	-1.908	-1.555	-1.589	-4.344	-3.436	-1.875	-1.385	-3.361
"YLR175W"	-4.176	-3.679	-3.07	-4.552	-4.902	-4.195	-2.338	-2.257	-1.632	-1.183	-5.607	-5.468	-3.996	-0.031	-1.455	-0.12	-1.253	-1.022	-2.188	-1.419	-0.552	-1.892	-1.798	-1.352	-1.58	-1.769	-4.431	-4.177	-1.884	-1.078	-4.338
"YLR196W"	-5.425	-5.04	-3.221	-4.896	-4.532	-3.946	-2.562	-2.364	-1.459	-1.106	-5.083	-5.836	-2.858	-0.76	-2.225	-0.699	-2.107	-1.656	-2.793	-1.956	-1.326	-2.637	-2.454	-1.306	-1.12	-2.593	-5.097	-3.697	-2.702	-1.684	-3.658
"YLR197W"	-4.98	-4.044	-3.638	-4.76	-5.179	-3.466	-2.263	-2.63	-1.881	-1.453	-5.817	-5.242	-3.899	0.03	-1.692	0.127	-0.987	-0.92	-2.28	-1.776	-0.4	-1.768	-2.254	-0.988	-1.869	-2.075	-5.072	-4.496	-2.603	-0.567	-4.545
"YLR198C"	-4.57	-4.694	-3.371	-4.643	-4.805	-3.07	-1.942	-2.411	-1.55	-1.242	-5.143	-3.401	-3.471	0.009	-1.546	0.057	-0.627	-0.678	-2.026	-0.791	0.019	-1.502	-2.042	-1.035	-1.66	-2.332	-4.143	-3.4	-2.256	-1.008	-3.761
"YMR131C"	-4.819	-4.183	-3.849	-4.525	-4.347	-3.041	-2.255	-2.188	-1.713	-1.034	-5.631	-6.665	-3.547	-0.478	-1.814	-0.218	-2.232	-2.0	-3.012	-2.205	-1.855	-2.522	-2.8	-1.36	-1.718	-2.023	-4.674	-3.866	-3.136	-1.519	-4.181
"YMR290C"	-3.64	-3.689	-2.957	-3.89	-3.624	-2.19	-2.545	-2.5	-1.911	-1.252	-5.132	-5.217	-3.243	0.459	-1.734	-1.002	-2.059	-1.983	-2.885	-2.633	-1.836	-2.648	-2.383	-1.688	-1.853	-2.481	-4.129	-4.343	-3.775	-1.826	-4.544
"YNL002C"	-4.666	-4.07	-3.305	-4.559	-4.222	-3.653	-2.627	-2.564	-1.766	-1.16	-5.196	-3.468	-3.072	0.047	-1.731	-0.989	-1.603	-1.398	-2.774	-1.803	-1.355	-2.843	-2.776	-1.345	-1.453	-1.348	-4.603	-3.481	-2.594	-1.228	-4.466
"YNL061W"	-4.928	-3.927	-4.143	-4.404	-3.948	-2.724	-2.673	-2.373	-1.799	-1.163	-4.329	-4.27	-2.519	-0.656	-2.061	-1.082	-2.327	-1.7	-2.599	-1.44	-1.586	-2.111	-2.07	-1.52	-1.224	-1.619	-5.38	-3.925	-2.946	-1.676	-2.571
"YNL110C"	-4.43	-3.64	-3.768	-4.56	-4.991	-3.311	-2.66	-2.463	-1.926	-1.517	-5.108	-3.296	-2.565	-0.208	-1.894	-0.717	-2.56	-2.395	-3.662	-2.623	-2.07	-3.62	-3.346	-1.219	-2.027	-1.183	-5.064	-4.907	-3.471	-1.921	-4.747
"YNL132W"	-4.679	-5.146	-3.658	-3.329	-4.954	-4.644	-2.754	-3.143	-2.262	-1.825	-5.826	-6.392	-3.285	-0.504	-1.242	-0.739	-2.275	-1.546	-2.468	-2.114	-1.26	-1.53	-2.164	-1.479	-1.974	-2.775	-3.45	-4.311	-2.617	-1.778	-3.989
"YNL182C"	-6.33	-4.05	-2.807	-4.805	-3.807	-2.573	-2.522	-2.311	-1.849	-1.146	-4.184	-2.532	-2.667	-0.3	-1.727	-0.876	-2.435	-1.884	-2.324	-1.727	-1.795	-2.106	-1.685	-1.204	-1.55	-2.261	-4.61	-3.082	-2.517	-1.517	-3.607
"YNL186W"	-1.898	-2.0	-1.115	-1.893	-1.963	-1.736	-1.782	-1.546	-0.857	-0.687	-2.195	-2.658	-1.882	-0.552	-0.959	-0.523	-1.702	-1.893	-2.049	-1.385	-1.794	-1.562	-1.447	-0.966	-0.713	-1.153	-1.972	-1.645	-1.068	-0.767	-1.954
"YNL313C"	-3.472	-3.026	-2.399	-2.935	-3.02	-1.887	-2.31	-1.97	-1.468	-1.03	-4.999	-5.714	-3.129	-0.376	-0.949	-0.757	-1.862	-1.282	-1.939	-1.572	-0.925	-1.225	-1.032	-0.971	-0.962	-1.385	-3.009	-2.824	-2.352	-1.047	-3.85
"YOR206W"	-5.087	-3.702	-3.585	-5.083	-4.513	-3.849	-2.894	-2.77	-1.859	-1.39	-5.827	-6.4785	-3.1625	-0.466	-2.182	-0.399	-2.465	-2.438	-3.65	-2.191	-1.944	-2.398	-2.168	-1.676	-1.716	-1.987	-5.066	-3.839	-2.816	-1.474	-4.817
"YOR233W"	-1.348	-1.432	-1.154	-1.264	-1.177	-0.5235	-1.027	-1.17	-0.827	-0.616	-2.481	-3.781	-2.3125	-0.327	-1.447	-0.679	-0.832	-0.91	-0.884	-0.888	-0.725	-0.651	-0.431	0.0825	-0.5785	-0.365	-0.904	-1.758	-1.053	-0.471	-2.621
"YOR283W"	-1.037	-0.935	-0.69	-1.13	-1.177	-0.6305	-0.837	-0.564	-0.248	0.025	-1.2145	-2.0285	-0.8615	0.746	0.092	0.147	-0.199	-0.67	-0.877	-1.037	-0.249	-0.713	-1.109	0.106	-0.0375	0.6	-0.968	-1.087	-0.873	-0.32	-1.17
"YOR294W"	-4.574	-3.828	-3.73	-4.407	-3.632	-3.3475	-2.434	-2.234	-1.598	-1.099	-5.6475	-5.2465	-3.318	-1.214	-1.564	-0.714	-3.115	-3.09	-3.461	-1.971	-2.747	-3.216	-3.031	-1.377	-1.381	-1.234	-4.852	-4.841	-3.679	-1.729	-5.145
"YPL043W"	-4.246	-4.0	-3.773	-4.198	-4.087	-3.299	-2.529	-2.671	-2.001	-1.51	-4.668	-3.79	-3.157	1.295	-1.417	-0.995	-2.31	-2.339	-2.772	-2.128	-1.506	-2.207	-2.26	-1.5055	-1.6305	-1.668	-4.555	-3.988	-2.531	-1.874	-4.308
