	"686.YP ethanol vs reference pool"	"854.YPD_6_h_30C"	"855.YPD_8_h_30C"	"856.YPD_10_h_30C"	"857.YPD_12_h_30C"	"858.YPD_1_d_30C"	"859.YPD_2_d_30C"	"860.YPD_3_d_30C"	"1012.YPD 12 h (25C)"	"1013.YPD 1 d (25C)"	"1014.YPD 2 d (25C)"	"1015.YPD 3 d (25C)"	"1016.YPD 5 d (25C)"	"1017.YPD 7 d (25C)"	"1018.YPD 13 d (25C)"	"1253.mec1_plus_gamma_45_min"	"1254.mec1_plus_gamma_60_min"	"1255.mec1_plus_gamma_90_min"	"4872.1M sorbitol - 60 min"	"6344.DES460 + 0.02% MMS - 5 min"	"7759.Na 30min"	"7760.Na 45min"	"7761.Na 60min"	"7763.Na+FK 30min"	"7764.Na+FK 45min"	"7765.Na+FK 60min"	"7985.cdc47-1 ts grown at 34C versus 37C"	"11466.yO1 test hyb"	"13059.wt/crz1 Na 45min (1)"	"13060.wt/crz1 Na 45min (2)"	"13096.Missouri Western State College 10 uM DAPI Cy5 4 hrs (exp 2)"	"30773.Pomona/Brown Sir3x red"	"33779.delYPL230w_stationary_phase_5hours"	"33780.delYPL230w_stationary_phase_7hours"	"37282.CC SP 1B  Sulfate-Phosphate Chemostat Comparison"	"37284.CC SP 2B  Sulfate-Phosphate Chemostat Comparison"	"37285.CC SP 3B  Sulfate-Phosphate Chemostat Comparison"
"YAL035W"	-0.808	-2.9955	-1.8465	-1.056	-1.6975	-2.7435	-2.1065	-2.5615	-3.02066666666667	-2.203	-2.06233333333333	-2.29966666666667	-2.08033333333333	-1.92533333333333	-2.48066666666667	0.0126666666666667	0.222333333333333	-0.129	-0.260333333333333	0.098	-0.095	-0.673	-0.3045	0.029	-0.345	-0.365	-0.2715	-1.714	-0.31	-0.305	-0.141	0.155	-1.251	-1.485	0.134	0.289	0.285
"YBL028C"	-0.5095	-4.609	-3.234	-2.754	-2.652	-2.015	-2.162	-2.828	-2.6315	-2.1695	-1.5655	-2.036	-1.7715	-2.0555	-1.6605	0.112	0.1555	-0.2115	0.0295	-0.067	-1.779	-2.667	-2.101	-1.339	-2.532	-2.658	0.633	-0.937	0.27	0.338	0.589	-0.344	-2.529	-1.888	0.171	0.183	0.141
"YBL092W"	-1.263	-3.458	-3.598	-2.824	-2.394	-2.138	-2.929	-2.896	-3.5865	-2.2215	-2.153	-2.4445	-1.726	-2.74	-2.8475	-0.1795	0.189	0.1625	0.097	0.16	0.656	1.17	-0.043	-1.442	-1.975	-1.804	0.239	-1.555	0.048	0.001	0.006	0.092	-2.599	-2.171	0.846	0.816	0.717
"YBR001C"	0.0475	2.619	2.187	1.881	1.769	1.586	1.2	1.431	1.608	1.192	1.7015	1.9575	1.422	1.087	0.433	-0.3415	0.002	-0.009	0.0165	0.319	0.564	0.979	0.687	0.504	0.653	0.873	0.244	1.118	-0.274	-0.246	-0.193	0.024	3.111	2.161	-0.512	-0.671	-0.532
"YBR006W"	1.496	3.576	3.209	3.416	3.213	3.81	3.979	1.958	0.9455	1.8695	2.8955	2.4315	1.7985	2.8395	2.074	0.1215	-0.0055	-0.076	0.2595	-0.123	1.838	2.148	2.419	1.434	2.017	1.896	0.11	1.941	-0.499	-0.335	0.339	0.128	2.608	3.032	-0.588	-0.397	-0.27
"YBR048W"	-1.201	-3.385	-2.4795	-2.968	-2.171	-2.248	-2.2475	-3.0195	-4.66033333333333	-2.35966666666667	-2.77266666666667	-2.738	-2.849	-3.15166666666667	-3.929	-0.092	0.154666666666667	-0.0656666666666667	0.190666666666667	0.278	-0.9665	-1.4705	-0.904	-1.1085	-1.6875	-1.53	-0.5295	-2.013	0.012	0.0853333333333333	0.325	-0.118	-4.089	-3.69	0.467	0.42	0.362
"YBR076W"	0.339	2.187	2.018	2.385	2.231	2.268	2.994	3.472	1.483	0.618	1.4395	1.6245	2.2365	2.6415	1.4465	-0.217	-0.1645	-0.1255	-0.1285	-0.389	0.992	0.993	0.993	0.578	0.52	0.256	-0.008	1.29	-0.114	0.367	-0.401	-0.335	1.039	1.811	0.507	0.408	0.358
"YBR147W"	0.7155	2.527	3.946	3.882	3.475	3.896	4.309	4.268	3.7075	2.881	3.7465	4.052	4.7615	4.3825	3.614	-0.409	-0.3995	-0.4525	-0.033	-0.127	1.234	1.598	1.816	1.049	1.462	1.549	-0.737	3.883	-0.134	0.024	-0.809	-0.581	4.312	4.452	-0.574	-0.613	-0.564
"YBR181C"	-0.8695	-3.762	-3.149	-2.554	-2.265	-1.94	-2.747	-3.798	-5.0305	-2.0635	-2.493	-2.7035	-2.654	-2.96	-3.945	0.31	0.612	0.549	0.2295	0.142	-1.739	-2.255	-1.478	-0.688	-1.846	-1.46	0.592	-2.337	0.1235	0.207	0.196	-0.0605	-2.98	-3.274	0.673	0.578	0.621
"YBR189W"	-1.0835	-3.784	-3.224	-3.356	-2.463	-2.154	-2.355	-2.065	-3.678	-2.112	-2.629	-2.467	-1.9305	-1.8835	-2.9475	0.143	0.269	0.144	0.262	0.339	-1.624	-2.021	-1.332	-0.838	-1.625	-1.55	0.034	-2.4025	0.25	0.172	-0.375	-0.2375	-4.739	-3.572	1.065	0.714	0.716
"YBR238C"	-1.0275	-2.763	-3.023	-2.859	-2.594	-2.491	-1.945	-2.138	-3.081	-2.5245	-2.81	-3.0925	-2.993	-3.32	-3.008	-0.627	-0.302	-0.459	-0.0555	0.062	-1.274	-1.66	-1.316	-0.686	-0.623	-0.856	-0.118	-0.915	0.066	-0.088	-0.374	0.232	-2.562	-2.19	0.272	-0.11	0.036
"YBR255W"	0.864	1.895	1.55	1.761	1.754	1.98	1.88	1.564	0.385	1.0695	1.1855	0.868	1.353	1.383	0.83	0.228	0.293	-0.009	0.2385	0.246	1.185	1.271	1.03	1.079	0.863	0.722	-0.025	0.807	-0.021	0.081	0.192	0.182	0.506	0.35	0.371	-0.139	-0.147
"YBR287W"	0.052	2.34	1.484	1.322	1.689	1.843	1.95	2.536	1.6345	1.3125	1.4665	1.799	2.697	2.362	2.003	-0.239	-0.174	-0.407	-0.3175	-0.198	0.61	0.837	0.707	0.233	0.467	0.364	-0.383	1.487	-1.262	-1.354	0.197	0.096	2.17	1.507	-0.569	-0.587	-0.592
"YCL052C"	0.504	2.189	1.087	1.316	1.271	1.206	1.568	1.99	1.28	0.7215	0.744	1.275	1.6575	1.3005	0.7605	0.15	0.047	-0.023	-0.1245	-0.139	0.099	0.771	0.812	0.071	0.406	0.512	0.605	0.607	-0.479	-0.553	0.042	0.113	1.371	1.295	-0.071	-0.097	0.012
"YDL194W"	1.332	2.756	3.079	2.902	2.773	2.758	3.229	2.675	1.971	1.674	2.005	1.921	1.923	2.037	1.752	0.203	0.225	-0.089	0.437	-0.282	0.41	0.519	0.496	0.171	0.464	0.81	-0.07	1.647	-0.088	0.057	-1.186	-0.085	0.057	0.41	0.987	-0.254	-0.132
"YDL199C"	0.737	3.613	3.263	2.856	2.72	3.28	4.082	3.316	3.993	2.022	2.729	3.114	3.13	3.12	2.061	-0.649	-0.506	-0.412	-0.037	-0.193	1.004	1.62	1.333	0.433	0.952	1.332	0.082	1.971	0.017	0.006	-0.164	0.208	3.576	2.669	-0.217	-0.141	-0.087
"YDL201W"	-0.434	-3.282	-2.32	-1.899	-1.819	-1.285	-1.952	-1.537	-2.178	-1.317	-1.176	-1.363	-1.295	-1.218	-1.732	0.075	0.088	-0.119	-0.17	-0.137	-1.022	-1.275	-1.213	-0.965	-1.373	-1.767	0.612	-0.902	0.223	0.121	0.303	0.097	-2.492	-1.838	0.211	0.244	0.167
"YDL204W"	2.402	5.851	4.733	4.685	5.32	5.69	5.571	5.749	4.66	4.854	5.274	5.34	5.75	7.317	5.93	0.325	0.063	-0.121	0.394	-0.141	3.455	4.067	4.561	3.189	3.761	4.115	0.924	4.52	-0.587	-0.81	-0.752	-0.317	5.864	4.642	-1.031	-1.265	-1.019
"YDR025W"	-1.0	-3.904	-3.548	-3.252	-2.573	-2.592	-2.705	-3.393	-4.504	-2.828	-1.915	-2.886	-2.503	-2.895	-3.518	-0.397	-0.17	-0.306	-0.035	0.236	-1.061	-1.767	-0.948	-1.467	-1.45	-1.463	-0.059	-1.7675	0.2095	0.205	0.444	-0.1195	-3.906	-3.552	0.676	0.688	0.682
"YDR037W"	-1.231	-4.313	-3.427	-3.607	-3.146	-3.858	-3.458	-4.551	-1.971	-2.384	-2.681	-2.313	-2.916	-3.368	-3.772	-0.096	-0.091	-0.392	-0.13	0.385	-0.894	-1.545	-1.443	-0.877	-1.572	-1.904	0.771	-2.523	0.064	0.055	-0.245	0.185	-4.204	-3.541	-1.008	-0.336	-0.305
"YDR124W"	0.75	2.513	2.148	2.019	1.841	1.474	0.889	0.154	2.312	1.36	1.283	1.229	1.244	1.224	0.712	-0.168	-0.098	-0.251	0.16	-0.144	0.829	0.89	0.935	0.652	0.739	0.728	0.095	0.918	-0.029	0.093	-0.871	0.151	2.15	1.078	0.021	-0.029	0.303
"YDR125C"	0.553	2.059	2.431	1.735	1.503	1.455	0.397	0.152	2.405	1.12	1.276	1.424	0.719	0.754	0.735	-0.523	-0.632	-0.41	-0.21	-0.045	0.727	0.949	0.609	0.748	0.918	1.027	0.175	0.562	-0.025	-0.036	-0.896	0.042	2.175	1.36	-0.012	-0.135	-0.051
"YDR165W"	-0.581	-4.096	-2.538	-2.179	-2.247	-1.905	-2.27	-3.111	-3.057	-1.816	-1.396	-1.582	-1.767	-2.409	-2.23	0.323	0.281	0.19	-0.044	-0.084	-1.455	-2.129	-1.683	-0.891	-1.967	-1.516	0.66	-1.0245	0.1675	0.225	-0.527	-0.157	-3.205	-2.632	0.099	0.152	0.245
"YDR169C"	0.624	1.221	1.876	1.904	1.078	1.85	1.419	1.661	1.538	1.438	1.35	1.608	0.592	1.183	0.43	-0.095	0.122	-0.188	0.024	0.09	1.793	1.913	1.547	0.943	1.23	1.409	0.517	1.273	-0.2065	-0.1675	-0.519	0.035	0.76	0.802	0.044	-0.169	-0.009
"YDR202C"	0.634	2.562	1.326	1.454	1.15	1.28	1.681	0.844	1.604	0.927	1.184	1.357	1.528	1.08	0.405	-0.019	0.035	-0.104	-0.303	-0.106	1.521	1.529	1.465	1.225	1.399	0.931	-0.373	0.578	0.347	0.253	-0.135	0.077	1.143	0.7405	-0.085	-0.09	0.0435
"YDR245W"	-0.965	0.179	-1.6455	-1.349	-1.899	-1.947	-1.19	-1.932	-1.5075	-1.4375	-1.4085	-1.39	-1.7115	-2.2845	-2.201	0.088	0.221	-0.03	0.0415	0.047	-0.799	-0.7865	-0.801	-0.611	-0.7905	-1.01	0.079	-1.29866666666667	0.198	0.169333333333333	-0.284666666666667	0.155	-1.8525	-1.6895	0.248	0.2085	0.206
"YDR258C"	0.9975	3.2635	2.98	3.136	2.991	3.0805	3.8995	2.5345	2.5525	2.6345	2.719	3.0955	1.246	1.2125	0.9625	0.499	-0.0065	0.051	-0.497	0.7125	2.065	1.9925	2.052	2.245	2.175	2.0325	0.7415	2.4265	0.386	0.4685	-0.05	0.1405	4.282	3.529	-0.775	-0.911	-0.639
"YDR262W"	0.9675	1.7335	1.8585	1.8825	2.06	2.6665	3.1335	3.3725	2.2555	2.2405	3.0895	3.2615	4.491	4.8085	4.03	-0.0675	-0.182	0.0285	0.1505	-0.0015	1.0275	1.353	1.3465	0.543	1.12	1.167	0.0515	2.2315	0.139	0.121	0.1035	-0.2305	1.7955	2.334	0.0865	0.116	0.049
"YDR275W"	0.6245	1.553	2.2955	2.594	2.161	3.009	3.1575	3.166	1.749	2.036	2.324	3.0055	1.5585	2.794	2.3525	-0.5415	-0.587	-0.5815	-0.0385	-0.1265	-0.0595	-0.008	-0.2335	0.186	0.004	-0.0665	-0.735	1.9415	0.0365	0.182	-0.073	-0.1705	1.091	1.3175	0.078	0.0685	-0.0305
"YDR284C"	-0.726	2.017	1.49	0.929	0.991	0.996	0.608	-1.533	1.47	0.85	0.387	0.425	-0.716	-0.73	-1.084	-0.073	-0.007	-0.005	0.083	0.185	-0.028	0.544	0.527	0.351	0.538	0.556	-0.983	0.426	-0.105	0.023	-0.293	-0.111	1.175	0.435	0.642	0.611	0.512
"YDR330W"	0.782	2.295	1.69	1.847	2.105	1.968	2.016	2.462	0.645	1.156	1.505	1.56	1.389	1.401	0.954	0.361	-0.193	0.15	-0.042	0.06	1.511	1.652	1.576	1.211	1.616	1.801	-0.067	1.113	-0.189	-0.172	0.257	0.04	1.569	1.451	-0.395	-0.425	-0.119
"YDR358W"	0.879	4.268	3.057	2.909	3.162	3.18	3.398	2.209	1.563	1.366	2.181	1.908	0.632	1.315	1.563	0.11	-0.014	0.064	0.473	-0.183	2.009	2.686	2.506	1.758	2.545	2.596	0.404	1.765	-0.441	-0.358	-0.095	0.044	3.478	2.433	-0.635	-0.721	0.507
"YDR447C"	-0.646	-4.882	-3.934	-3.531	-3.26	-2.507	-2.465	-3.659	-4.249	-2.279	-2.432	-2.817	-2.53	-2.625	-3.552	0.056	0.207	0.545	0.176	0.458	-1.723	-2.33	-1.793	-1.376	-2.456	-2.291	0.168	-2.1165	0.5775	0.304	-0.0945	-0.285	-4.358	-3.418	0.646	0.703	0.658
"YDR449C"	-0.233	-6.037	-3.454	-2.969	-2.991	-2.208	-2.675	-3.482	-3.29	-1.835	-2.032	-2.698	-2.119	-2.85	-2.152	0.046	0.058	0.328	0.026	0.016	-1.819	-2.425	-1.492	-1.423	-1.902	-1.927	-0.256	-1.891	0.872	-0.014	-0.236	-0.379	-3.477	-1.731	0.056	0.009	0.047
"YDR450W"	-0.344	-3.254	-2.797	-2.204	-1.895	-2.039	-1.925	-2.6	-4.313	-2.118	-2.576	-2.784	-2.988	-2.959	-3.465	0.173	0.48	0.518	0.282	0.082	-1.487	-2.182	-1.523	-1.045	-1.786	-1.692	-0.16	-1.056	0.552	0.3125	-0.3845	0.131	-3.594	-3.453	0.625	0.677	0.742
"YDR471W"	-0.975	-3.952	-3.834	-3.394	-2.619	-2.514	-2.857	-3.599	-4.253	-2.034	-2.122	-2.633	-0.472	-2.405	-2.908	0.15	0.322	0.174	0.415	0.09	-1.902	-2.14	-1.212	-1.379	-2.072	-1.654	0.285	-1.7695	0.185	0.14	0.31	-0.12	-3.608	-3.311	0.627	0.666	0.635
"YEL011W"	1.083	4.662	3.869	4.663	4.646	4.72	4.761	5.15	4.997	3.795	3.906	3.266	3.642	5.213	4.068	0.041	-0.028	0.186	-0.352	0.261	2.28	2.248	1.944	1.646	1.416	1.67	-0.423	2.6905	0.203	0.381	-0.3375	0.1565	3.83	2.462	0.163	0.129	0.016
"YEL012W"	0.951	3.329	3.222	3.376	2.713	2.665	3.0	3.657	3.408	2.354	2.721	2.891	2.976	2.45	2.286	0.096	0.116	0.044	0.04	0.116	1.195	2.012	2.003	0.733	0.984	1.434	0.044	1.722	-0.153	-0.1185	-0.9535	-0.0495	3.596	3.65	0.104	0.14	0.097
"YEL040W"	-2.322	-3.201	-3.812	-3.508	-3.911	-4.238	-3.616	-3.786	-3.017	-4.284	-4.461	-3.561	-3.111	-3.855	-3.066	-0.029	0.121	-0.107	-0.591	-0.115	-1.299	-1.21	-0.969	-1.415	-1.528	-1.389	-0.812	-3.1215	-0.113	-0.1205	0.371	0.1445	-2.439	-2.048	0.416	0.467	0.483
"YER053C"	1.366	5.109	4.471	4.23	3.485	2.531	3.671	1.901	5.592	3.349	3.191	3.802	2.864	2.744	2.153	-0.918	-1.444	-1.677	-0.595	0.076	2.236	2.883	3.088	1.823	2.537	2.125	1.135	2.028	-0.273	-0.494	0.364	0.147	4.803	3.805	0.146	0.086	0.118
"YER074W"	-0.673	-3.675	-3.209	-3.607	-2.262	-2.096	-2.671	-3.067	-5.146	-2.436	-2.823	-2.735	-2.339	-2.829	-3.947	0.266	0.509	0.428	0.089	-0.062	-1.263	-2.053	-1.285	-0.909	-2.034	-2.096	-0.016	-2.253	0.126	0.139	0.18	-0.336	-1.229	-1.032	0.513	0.376	0.271
"YER079W"	1.059	4.036	3.925	3.354	3.195	3.349	2.322	2.836	3.75	2.737	2.759	2.969	3.182	2.788	2.172	-0.925	-1.282	-1.014	-0.126	0.181	2.807	3.163	2.888	2.669	2.758	2.968	0.072	0.563	-0.023	-0.346	-0.354	-0.064	4.583	3.964	0.291	0.426	0.405
"YER127W"	-0.434	-3.292	-2.064	-1.821	-1.672	-1.949	-2.155	-2.611	-1.589	1.466	-1.363	-1.279	-1.098	-2.485	-1.946	0.346	0.3	0.18	0.2	-0.317	-1.62	-1.641	-0.933	-1.291	-2.207	-1.783	-0.163	-1.479	-0.118	-0.0035	-0.291	-0.057	-3.601	-3.002	0.327	0.202	0.091
"YER179W"	0.476	NaN	2.7	-2.0	NaN	NaN	3.624	1.807	1.424	0.732	0.823	0.147	1.15	1.151	0.568	-0.146	-0.639	-0.191	0.008	-0.26	1.667	1.806	1.505	1.255	1.585	1.864	-0.434	0.4225	0.093	0.259	-1.275	0.036	1.013	0.25	-1.345	-1.23	-1.599
"YGL097W"	-0.872	-1.806	-1.291	-1.065	-1.469	-1.88	-2.214	-3.311	-0.928	-0.763	-0.786	-1.446	-1.203	-1.641	-1.241	-0.301	-0.525	-0.402	0.065	0.173	-1.22	-1.249	-1.174	-0.876	-1.26	-1.177	0.635	-1.755	0.21	-0.005	-1.314	0.389	-0.748	-1.611	0.526	0.359	0.337
"YGL103W"	-0.924	-3.452	-3.096	-2.876	-2.468	-2.373	-2.344	-1.452	-3.07	-1.762	-1.73	-2.048	-1.308	-1.735	-2.438	-0.324	-0.169	-0.099	0.039	0.34	-1.238	-1.333	-0.977	-0.995	-1.636	-1.202	0.229	-1.88166666666667	0.497666666666667	0.417666666666667	0.101333333333333	-0.07	-3.189	-2.934	0.442	0.561	0.686
"YGL156W"	2.447	4.377	4.521	4.625	4.645	5.069	5.027	5.027	2.737	4.166	4.322	3.981	4.487	4.716	3.456	-0.107	-0.545	-0.27	0.22	-0.324	0.438	1.196	1.081	0.5	0.685	1.189	-0.014	3.83	-0.968	-1.808	-0.776	0.131	2.233	1.841	-0.4735	-0.6185	-0.5845
"YGL219C"	0.537	1.602	1.874	1.397	0.591	0.944	0.612	1.542	1.834	0.954	0.829	1.118	0.935	0.55	0.43	-0.459	-0.393	-0.572	-0.061	0.168	0.734	0.749	0.543	0.758	0.653	0.594	0.167	0.578	0.259	0.476	-0.319	0.157	1.995	1.038	-0.288	-0.008	-0.017
"YGR034W"	-0.845	-3.922	-3.172	-3.096	-2.637	-2.107	-2.998	-3.052	-3.635	-2.067	-2.022	-2.01	-1.301	-1.401	-2.48	-0.223	0.206	0.234	0.049	0.21	-1.586	-2.077	-1.514	-0.867	-1.605	-1.776	-0.017	-1.469	0.27	0.116	0.543	-0.694	-4.347	-3.643	0.916	0.724	0.754
"YGR110W"	1.155	3.059	3.408	3.575	2.845	3.106	3.427	4.541	3.976	2.805	2.625	2.566	2.578	4.305	3.146	-0.089	-0.178	0.04	-0.112	-0.054	1.158	1.658	1.88	0.701	0.743	1.094	-0.253	2.049	-0.3975	-0.537	-1.1695	0.295	3.213	3.774	-0.353	-0.222	-0.241
"YGR201C"	1.412	5.046	4.249	4.063	4.377	5.158	4.49	4.974	2.855	2.842	3.597	2.109	2.914	5.103	3.769	0.299	0.326	0.088	0.31	0.21	1.331	2.126	2.283	1.132	1.407	1.546	-0.318	3.357	-0.859	-0.622	-0.934	0.098	2.238	1.833	0.663	-0.131	0.031
"YGR214W"	-1.254	-4.3	-2.826	-2.795	-2.24	-1.862	-2.776	-3.03	-4.842	-1.984	-2.119	-1.46	-0.955	-1.925	-3.246	-0.399	0.056	-0.047	0.128	0.356	-1.306	-2.222	-1.645	-1.191	-2.061	-1.791	-0.859	-1.905	0.396	0.496	0.193	-0.096	-3.805	-2.3	0.585	0.523	0.51
"YGR234W"	-0.526	-2.039	2.015	1.269	0.337	-2.175	-2.037	-3.567	-1.598	-0.405	-2.118	-3.518	-3.826	-4.345	-4.526	0.168	0.217	0.0	-0.767	0.328	-0.872	-1.766	-2.362	-0.638	-1.639	-2.371	0.432	-1.864	0.922	0.96	-0.062	0.153	-1.486	0.914	0.084	0.071	0.108
"YGR237C"	0.698	1.585	1.356	1.713	1.608	2.064	1.971	0.718	1.123	1.272	1.863	2.24	0.798	0.208	-0.298	-0.361	-0.243	-0.523	-0.08	0.019	1.678	2.043	1.968	1.117	1.786	1.935	0.265	1.075	-0.456	-0.397	-0.592	0.542	1.508	0.653	-0.842	-0.454	-0.5
"YGR243W"	1.771	4.614	4.911	5.283	4.612	5.095	5.612	5.628	3.651	4.059	3.864	3.442	5.617	5.108	4.88	-1.046	-0.98	-0.07	0.164	-0.049	4.944	4.579	4.645	4.334	3.985	4.276	0.011	4.328	0.621	0.655	-1.927	0.091	5.734	6.73	0.242	0.123	0.198
"YHL021C"	1.052	5.13	4.387	4.461	4.022	3.563	3.435	2.651	3.904	3.646	3.694	2.488	3.741	4.27	4.189	-0.529	-0.31	-0.683	-0.56	0.4235	3.59	3.443	3.832	2.99	3.239	3.337	0.431	2.717	-0.357	-0.364	-0.053	0.238	6.624	4.847	-1.301	-1.242	-1.013
"YHR080C"	0.193	1.941	1.991	1.729	1.78	1.729	2.163	1.526	1.659	1.173	2.129	2.365	2.045	1.23	1.157	-0.529	-0.137	-0.098	-0.036	0.11	-0.507	0.104	0.08	0.114	0.051	0.286	0.44	0.671	-0.139	-0.468	-0.157	0.001	2.273	1.43	0.053	0.034	0.887
"YHR163W"	-0.841	-1.664	-2.277	-2.022	-1.925	-1.514	-1.646	-2.869	-0.834	-1.125	-1.314	-1.439	-0.397	-2.471	-2.366	-0.278	0.291	-0.052	-0.216	0.2245	-0.171	-0.013	0.218	-0.688	-0.561	-0.468	-0.886	-1.939	0.025	-0.135	-1.292	0.093	-1.001	-1.617	0.417	0.31	0.282
"YHR183W"	-1.529	-0.9555	-1.161	-1.3185	-0.9165	-1.2015	-0.4545	-0.7	-1.1675	-1.2305	-0.834	-1.302	-0.768	-0.6495	-1.6165	-0.218	-0.5405	-0.6285	-0.124	0.211	-0.488	-0.411	-0.511	-0.677	-0.551	-0.6505	-0.1495	-1.3965	-0.1515	-0.0215	-0.433	-0.1045	-1.5505	-1.5255	0.595	0.5595	0.5045
"YHR196W"	-0.508	-3.061	-2.692	-2.23	-1.968	-1.4	-1.573	-2.447	-3.843	-2.204	-2.19	-1.992	-2.264	-2.831	-2.681	0.239	0.193	0.053	0.126	0.0015	-1.65	-2.024	-1.232	-0.885	-1.575	-1.655	-0.431	-2.135	0.11	0.141	0.064	0.161	-2.306	-2.006	0.194	0.167	0.245
"YHR203C"	-2.628	-3.926	-2.827	-3.148	-2.671	-2.372	-2.895	-3.782	-4.669	-2.276	-2.437	-2.591	-2.575	-3.081	-3.941	-0.329	-0.014	-0.266	0.264	0.204	-1.777	-2.455	-1.726	-1.356	-2.243	-1.865	-0.02	-2.302	0.073	0.156	0.475	0.138	-3.717	-3.449	0.56	0.497	0.591
"YIL018W"	-1.109	-4.365	-3.03	-2.782	-2.724	-2.488	-2.78	-3.492	-3.907	-1.842	-2.218	-2.606	-2.661	-3.27	-3.914	-0.331	-0.161	0.029	-0.233	0.074	-1.261	-1.963	-1.389	-1.349	-2.403	-4.283	-1.203	-2.495	0.22	0.186	0.438	0.152	-4.06	-3.676	0.802	0.674	0.561
"YIL045W"	1.113	4.837	3.725	3.789	4.285	5.025	4.058	4.605	4.236	3.986	4.311	4.378	4.139	3.804	2.963	-0.365	-0.293	-0.216	-0.009	-0.215	2.141	2.037	1.75	1.892	1.915	1.491	-0.671	2.832	0.154	0.261	-0.123	0.097	3.875	2.985	0.044	-0.007	-0.226
"YIL146C"	0.798	2.334	2.196	2.111	2.234	2.539	2.94	3.637	2.306	1.867	2.177	2.693	3.595	3.491	2.947	-0.298	-0.079	0.022	0.285	-0.3585	0.41	0.761	0.807	0.245	0.383	0.471	-0.065	1.477	-0.583	-0.309	-0.187	0.374	1.024	1.778	0.413	0.431	0.445
"YIR012W"	-0.85	-4.7	-3.151	-2.338	-2.719	-2.544	-2.595	-3.791	-1.585	-1.366	-1.684	-1.486	-1.547	-2.217	-2.528	-0.36	-0.423	-0.189	0.194	0.0135	-1.772	-2.396	-1.897	-1.406	-2.158	-2.125	0.076	-1.751	-0.138	0.062	-0.523	0.015	-3.439	-2.222	0.368	0.257	0.338
"YJL014W"	-1.0	-1.884	-1.661	-1.298	-1.283	-1.494	-1.383	-2.624	-1.546	-1.338	-1.558	-1.58	-2.252	-3.068	-2.866	-0.304	-0.037	-0.261	0.045	0.1285	-1.296	-0.971	-0.795	-1.01	-1.033	-0.78	0.392	-1.31	-0.03	-0.093	0.101	0.223	-1.344	-1.416	0.28	0.072	0.292
"YJL066C"	1.51	3.176	3.323	3.479	2.755	2.79	3.462	4.019	2.344	1.306	2.029	2.063	3.576	3.436	2.791	-0.173	-0.575	-0.443	-0.228	0.0695	1.574	1.874	1.89	1.186	1.424	1.574	-0.066	2.401	-0.372	-0.249	-0.35	-0.063	4.144	3.6	-0.098	-0.278	-0.079
"YJL080C"	-1.147	-2.655	-2.64	-1.679	-1.79	-1.719	-1.923	-3.029	-2.248	-1.823	-2.293	-2.334	-2.401	-2.866	-3.001	-0.385	-0.107	-0.033	0.026	0.2	-0.807	-1.073	-1.032	-0.445	-0.46	-0.596	-0.324	-1.086	-0.519	-0.485	-0.005	0.064	-1.905	-1.8825	0.0155	0.0275	0.103
"YJL103C"	0.688	3.518	3.541	3.739	3.366	3.386	3.31	4.161	3.108	2.803	2.436	3.198	3.063	3.151	2.006	-0.309	0.011	-0.124	-0.094	0.129	0.448	1.066	0.805	0.197	0.758	0.867	0.224	0.352	-0.318	-0.064	-0.983	NaN	2.897	3.1435	-0.074	-0.305	-0.216
"YJL142C"	0.451	3.291	2.454	2.277	2.799	2.882	2.902	3.007	1.589	1.747	2.03	2.375	2.807	2.87	2.161	-0.317	-0.024	-0.134	-0.167	1.162	1.611	1.455	1.357	1.266	1.338	1.257	-0.133	1.042	0.148	0.061	-0.374	0.152	3.113	1.55	0.163	0.06	0.061
"YJL190C"	-1.053	-3.794	-3.553	-3.267	-2.958	-2.413	-3.287	-3.585	-4.469	-2.547	-3.105	-3.227	-2.941	-3.365	-3.524	0.113	0.534	0.549	0.048	0.2805	-1.753	-2.412	-1.772	-1.163	-2.255	-2.211	-1.067	-2.43	0.457	0.454	0.147	0.084	-4.874	-4.273	0.641	0.593	0.559
"YJR003C"	-0.549	-2.372	-2.025	-1.727	-1.346	-0.767	-1.43	-2.48	-2.02	-1.37	-0.824	-0.91	-2.176	-2.349	-2.42	-0.175	-0.092	-0.675	-0.218	-0.0655	-0.847	-0.903	-1.167	-0.46	-0.821	-1.233	0.216	-0.882	0.461	0.387	-0.579	0.136	-2.567	-1.637	0.267	0.19	0.134
"YJR071W"	-0.93	-4.366	-2.638	-2.22	-2.338	-2.185	-2.81	-2.688	-1.625	-1.36	-1.351	-1.453	-1.382	-1.931	-0.391	-0.239	-0.031	-0.366	-0.435	-0.0865	-0.528	-1.678	-1.739	-0.915	-2.082	-2.478	0.342	-1.453	0.325	0.203	-0.24	-0.273	-1.797	-2.307	-0.238	-0.009	0.079
"YJR145C"	-1.487	-4.507	-3.488	-3.177	-2.731	-2.328	-2.413	-3.54	-4.857	-1.988	-2.396	-2.336	-2.519	-3.105	-3.178	-0.179	0.062	-0.252	0.381	0.362	-1.623	-2.162	-1.723	-1.407	-2.369	-1.818	0.052	-2.312	0.394	0.212	0.153	0.106	-4.108	-3.771	0.61	0.573	0.516
"YJR155W"	0.926	2.018	1.913	1.985	1.927	2.816	2.757	4.25	1.807	1.913	3.029	3.8	3.105	4.435	2.971	-0.157	-0.035	0.111	0.142	0.229	-0.156	0.446	0.511	-0.258	0.201	0.359	0.149	2.418	-0.386	-0.266	0.025	-0.105	3.253	2.215	0.249	0.044	0.031
"YKL006W"	-1.288	-4.299	-3.901	-3.389	-2.854	-2.383	-3.16	-2.835	-4.545	-2.315	-2.442	-2.791	-1.939	-2.29	-2.843	-0.091	0.279	-0.083	0.2	0.142	-1.562	-2.111	-1.56	-1.268	-2.103	-1.94	-0.618	-2.458	0.242	0.523	0.643	-0.795	-4.756	-4.221	0.647	0.603	0.594
"YKL009W"	-1.098	-5.997	-3.719	-3.38	-2.839	-2.973	-2.449	-3.082	-4.341	-2.546	-2.432	-2.856	-2.349	-3.318	-2.938	0.319	0.357	0.215	0.251	-0.1195	-2.265	-2.841	-2.079	-1.492	-2.592	-2.565	0.668	-2.269	0.151	-0.004	-0.074	-0.274	-4.823	-3.636	0.654	0.51	0.463
"YKL072W"	-0.951	-4.227	-2.337	-1.737	-2.396	-1.378	-0.748	-3.695	-1.052	-0.907	-0.337	-0.796	-1.028	-1.93	-1.302	-0.397	0.07	-0.293	0.028	-0.0585	0.481	0.116	-0.179	0.17	0.33	-0.041	0.367	-0.11	0.299	0.126	-1.121	0.008	-0.923	-0.975	-0.946	-0.529	-0.384
"YKL078W"	-0.926	-5.829	-4.282	-3.547	-3.31	-2.968	-3.615	-4.795	-2.695	-2.207	-2.394	-2.322	-2.866	-3.401	-1.845	0.113	0.473	-0.02	0.317	-0.332	-1.827	-2.708	-2.548	-1.799	-2.321	-2.256	0.029	NaN	0.259	0.048	-0.617	-0.012	-3.291	-2.654	-1.233	-0.652	-0.416
"YKL093W"	1.139	5.448	4.655	4.714	4.393	4.525	4.208	4.369	4.872	3.902	2.916	2.536	2.725	3.515	2.14	0.021	-0.015	-0.092	0.06	0.125	1.45	1.642	1.688	1.52	1.819	1.784	0.346	2.745	0.103	0.11	-0.723	-0.011	4.992	4.664	0.474	0.492	0.298
"YKL100C"	0.971	1.834	1.529	1.788	1.664	1.048	1.117	0.288	2.672	1.781	1.449	1.464	1.583	1.06	0.42	-0.308	-0.036	-0.038	-0.394	-0.012	0.657	1.106	0.979	0.185	0.735	0.871	-0.608	0.542	-0.489	-0.411	-0.386	0.271	1.33	-0.757	0.11	0.217	0.369
"YKL144C"	-0.162	-2.495	-2.005	-1.476	-1.636	-1.006	-1.711	-1.592	-1.858	-1.279	-1.225	-1.312	-1.757	-1.899	-1.515	NaN	0.58	0.271	-0.339	-0.063	-1.38	-1.682	-0.977	-0.982	-1.284	-1.314	0.322	-0.858	0.075	0.042	0.516	-0.309	-2.097	-1.472	0.364	0.548	0.415
"YKL150W"	1.299	3.989	3.734	3.947	3.273	3.283	2.136	0.983	4.228	3.833	3.772	3.627	2.038	1.961	0.517	-0.181	-0.235	-0.138	0.074	0.117	1.799	2.546	2.647	1.522	2.175	2.342	0.334	2.209	-0.067	-0.096	0.096	0.221	4.12	3.616	-0.057	-0.076	-0.205
"YKR056W"	-0.619	-4.495	-2.575	-2.343	-2.336	-1.492	-2.639	-3.298	-1.986	-1.639	-1.597	-1.637	-2.627	-3.787	-3.544	-0.105	0.053	-0.154	-0.129	-0.155	-1.933	-2.896	-1.713	-1.662	-3.105	-2.539	0.591	-1.751	-0.468	-0.453	0.006	-0.185	-3.056	-2.089	0.21	0.169	0.196
"YKR057W"	-0.67	-3.036	-2.945	-2.525	-2.033	-1.835	-1.678	-2.2	-4.013	-2.126	-2.625	-2.576	-1.161	-1.048	-2.496	0.263	0.466	0.345	0.085	-0.097	-0.961	-1.639	-1.414	-0.434	-1.524	-1.962	-0.62	-2.079	0.527	0.489	0.33	-0.22	-3.29	-2.638	0.677	0.634	0.509
"YKR060W"	-0.479	-3.243	-2.165	-2.05	-2.019	-1.793	-2.106	-3.218	-2.182	-1.468	-1.536	-1.719	-1.64	-3.104	-1.59	0.103	0.105	0.092	-0.05	-0.023	-0.454	-1.044	-1.02	-0.094	-1.186	-1.483	-0.091	-1.493	0.545	0.51	0.018	-0.569	-2.055	-1.281	0.449	0.401	0.562
"YLL008W"	-1.155	-5.659	-3.509	-3.627	-2.64	-2.165	-3.282	-2.899	-3.473	-2.41	-2.154	-2.612	-2.386	-2.487	-2.92	-0.016	0.104	-0.192	-0.01	-0.108	-1.558	-2.724	-1.847	-1.295	-2.071	-2.458	-0.027	-1.906	-0.051	0.215	-0.113	-0.11	-3.042	-2.072	0.377	0.245	0.264
"YLL020C"	1.152	2.548	2.425	2.819	2.393	2.931	3.266	3.846	1.886	1.633	2.494	2.677	3.623	3.679	3.754	-0.504	-0.409	-0.369	0.281	0.022	2.105	2.161	1.839	0.828	1.562	1.456	0.126	2.314	-0.438	-0.744	-0.699	-0.075	2.452	2.687	0.283	0.13	0.243
"YLL044W"	-1.193	-4.871	-3.525	-3.158	-2.869	-2.211	-2.963	-3.79	-3.872	-1.944	-2.654	-2.736	-2.724	-3.494	-3.967	-0.531	-0.231	-0.165	-0.086	0.136	-1.386	-2.344	-1.619	-1.183	-2.075	-2.07	0.289	-2.227	0.284	0.343	0.642	0.202	-3.806	-2.77	0.595	0.521	0.575
"YLR001C"	0.152	2.126	1.469	1.462	1.024	1.326	1.694	1.446	2.136	1.27	1.864	1.843	1.844	0.939	1.073	-0.448	-0.196	-0.188	0.09	0.256	0.451	0.738	0.826	0.566	0.811	0.984	0.314	0.424	0.121	-0.002	-0.691	-0.368	1.599	1.257	0.164	0.213	0.49
"YLR017W"	-0.767	-2.358	-1.587	-1.636	-1.458	-1.606	-1.619	-2.415	-1.511	-1.357	-1.54	-1.891	-1.834	-2.326	-2.268	0.025	0.479	-0.405	0.085	-0.22	-1.85	-2.057	-1.784	-1.312	-1.771	-2.041	-0.369	-1.077	0.213	0.024	0.461	-0.009	-2.332	-1.711	0.153	0.162	0.217
"YLR060W"	-1.157	-3.165	-2.617	-2.047	-2.296	-2.499	-2.849	-4.941	-2.773	-1.546	-2.397	-2.667	-3.118	-3.713	-4.371	0.159	0.235	0.13	-0.212	0.076	-0.832	-1.345	-0.976	-0.7	-1.106	-0.9	0.795	-2.464	-0.058	-0.301	-0.242	0.239	-2.64	-2.996	0.147	-0.063	0.065
"YLR061W"	-1.105	-4.925	-4.297	-4.115	-3.603	-2.908	-3.127	-4.939	-4.326	-2.164	-2.433	-2.88	-3.309	-3.833	-3.91	-0.219	0.245	-0.057	0.078	0.465	-1.005	-1.456	-0.703	-1.264	-1.889	-1.422	-0.007	-2.482	-0.116	-0.133	0.155	0.031	-4.004	-2.793	0.808	0.731	0.735
"YLR063W"	-0.16	-4.309	-2.751	-2.588	-1.912	-1.708	-2.298	-3.764	-1.711	-1.186	-1.498	-1.192	-1.891	-1.771	-1.06	-0.299	-0.069	-0.574	-0.05	0.057	-1.297	-2.065	-1.901	-1.043	-1.794	-1.888	0.197	-0.911	0.342	0.251	-0.313	-0.346	-1.893	-1.598	-0.682	-0.117	-0.077
"YLR093C"	0.359	1.872	0.477	1.176	0.829	1.414	0.686	1.307	1.297	0.983	1.083	1.096	1.754	1.25	1.168	0.367	0.199	0.135	-0.082	0.053	0.047	0.627	0.607	0.189	0.546	0.412	1.624	0.881	0.004	-0.033	-1.018	-0.163	1.234	0.878	0.091	0.118	-0.012
"YLR142W"	1.781	3.095	4.015	5.049	5.05	5.354	5.307	6.188	4.418	4.268	4.522	5.09	3.893	5.129	4.349	0.613	0.721	0.923	0.363	0.02	0.931	0.152	0.499	-0.22	-0.342	0.095	0.136	3.391	-0.321	-0.319	-0.841	0.09	1.179	3.978	-0.332	-0.587	-0.493
"YLR165C"	0.585	1.124	1.081	1.18	1.033	1.414	1.285	1.871	1.378	0.649	0.959	1.65	1.118	1.132	0.774	-0.247	-0.361	-0.293	-0.213	-0.307	0.534	0.857	0.82	0.656	0.517	-1.652	0.306	0.953	0.122	0.087	-0.498	-0.389	1.455	1.197	0.099	0.189	0.009
"YLR185W"	-0.889	-4.508	-3.498	-3.001	-2.551	-2.201	-2.749	-2.578	-4.019	-2.046	-2.136	-2.209	-2.015	-2.479	-3.065	-0.18	0.054	-0.297	-0.006	0.187	-0.748	-1.553	-1.116	-0.814	-2.083	-1.909	-0.532	-2.023	0.318	0.507	0.126	-0.133	-3.488	-3.242	0.544	0.663	0.539
"YLR201C"	-0.045	2.032	1.779	1.207	1.18	0.762	0.369	0.763	2.28	1.087	1.181	1.415	1.25	0.839	0.41	-0.571	-0.333	-0.387	-0.095	-0.198	0.666	0.818	0.643	0.812	0.622	0.467	-0.333	0.844	0.543	0.462	0.072	-0.002	1.699	0.948	0.221	0.369	0.312
"YLR246W"	0.78	1.539	1.682	1.763	1.901	2.089	2.836	2.503	1.861	1.556	1.704	2.228	2.212	2.565	2.24	0.003	-0.175	-0.161	0.396	0.082	0.706	0.943	0.637	0.699	0.957	1.013	0.149	1.008	0.17	0.032	0.226	-0.217	1.127	0.715	0.308	0.294	0.175
"YLR249W"	-1.649	-6.529	-4.864	-4.043	-3.482	-3.403	-3.637	-4.146	-4.679	-2.712	-3.131	-3.778	-3.883	-4.549	-4.992	-0.531	-0.111	-0.31	0.257	-1.1	-2.165	-3.464	-2.334	-1.838	-2.703	-2.461	-0.414	-3.421	0.139	-0.052	0.109	0.414	-5.085	-4.9	-0.61	-0.387	-0.389
"YLR252W"	0.617	2.929	1.921	2.248	2.344	2.463	2.795	0.3	1.93	1.877	2.159	2.546	0.993	1.045	0.061	-0.088	-0.441	-0.496	-0.016	0.092	2.817	3.319	2.943	2.725	3.12	2.917	0.531	1.493	0.209	0.185	-0.083	0.122	3.058	2.007	0.015	0.057	-0.115
"YLR258W"	0.64	4.602	3.602	4.226	3.358	2.68	3.089	1.955	5.214	4.198	3.429	3.18	2.454	2.872	1.945	-0.516	-0.515	-0.367	0.375	0.224	2.515	2.646	2.207	1.935	2.64	2.578	0.149	1.921	-0.52	-0.417	-0.258	0.129	5.121	3.888	-0.948	-0.95	-0.921
"YLR293C"	-1.282	-3.594	-2.185	-2.087	-2.565	-2.207	-2.675	-3.488	-2.473	-1.576	-1.45	-2.158	-2.379	-3.03	-3.186	-0.31	-0.239	-0.14	0.078	0.168	-0.444	-0.606	-0.384	-0.473	-0.62	-0.593	0.148	-2.235	0.406	0.387	0.433	0.092	-2.822	-2.422	0.372	0.457	0.406
"YLR325C"	-1.043	-4.528	-3.555	-3.974	-3.918	-2.681	-3.034	-2.337	-4.948	-2.81	-2.802	-3.314	-1.609	-1.204	-2.637	0.25	0.517	0.448	0.292	-0.234	-1.156	-2.0	-1.818	-1.01	-2.227	-2.329	0.297	-2.253	0.574	0.455	-0.031	0.039	-2.866	-2.701	0.604	0.787	0.864
"YLR326W"	0.816	0.801	1.285	0.94	1.045	1.417	1.478	-0.302	0.887	0.618	1.203	1.722	1.69	3.016	2.515	-0.382	-0.243	0.37	0.218	0.257	0.217	0.477	0.929	0.22	0.342	0.29	0.14	1.166	0.179	0.284	0.041	-0.237	-0.282	0.337	-0.196	0.132	0.056
"YLR333C"	-0.757	-3.93	-3.067	-2.402	-2.401	-1.851	-2.342	-3.011	-4.032	-1.898	-2.092	-2.057	-1.584	-2.45	-2.848	0.001	0.182	0.296	0.246	0.315	-1.233	-1.8	-1.502	-0.711	-1.76	-1.922	0.032	-1.748	0.51	0.544	0.652	-0.722	-3.582	-2.843	0.833	0.84	0.705
"YLR339C"	-1.371	-3.243	-2.951	-2.69	-2.664	-3.285	-3.76	-4.988	-3.117	-1.977	-2.647	-2.474	-2.461	-3.161	-3.973	-0.89	-0.492	0.062	-0.052	0.014	-0.094	-1.098	-0.91	-0.972	-1.766	-1.922	-0.714	-2.977	0.372	0.4	0.012	0.106	-3.409	-3.723	0.263	0.318	0.291
"YLR372W"	-0.988	-4.565	-3.104	-2.096	-2.432	-2.818	-3.001	-2.731	-4.078	-2.106	-2.838	-3.773	-2.844	-3.456	-3.544	-0.267	0.071	-0.092	-0.081	-0.066	-1.771	-2.3	-1.909	-1.539	-2.509	-2.442	-1.062	-2.188	0.238	0.236	-0.426	0.133	-3.936	-3.603	0.576	0.622	0.499
"YLR435W"	-0.507	-4.216	-2.534	-2.556	-2.839	-2.421	-2.684	-2.8	-2.605	-2.004	-1.983	-2.216	-2.038	-2.387	-2.149	0.075	0.205	0.093	0.176	-0.285	-2.323	-2.747	-2.318	-1.772	-2.528	-2.588	0.434	-1.234	-0.202	-0.008	-0.534	-0.221	-4.563	-2.595	0.27	0.008	0.048
"YLR448W"	-1.597	-4.815	-3.882	-3.116	-3.083	-2.052	-2.688	-3.552	-4.891	-2.352	-2.521	-2.621	-2.668	-3.192	-4.132	0.096	0.305	0.072	0.011	0.184	-1.376	-1.987	-0.899	-1.508	-1.972	-1.41	0.508	-2.337	-0.043	-0.066	0.096	-0.053	-4.791	-4.505	0.422	0.339	0.365
"YLR449W"	-1.626	-6.206	-3.515	-3.262	-2.978	-2.79	-3.758	-5.497	-3.782	-2.95	-3.268	-3.547	-3.6	-4.626	-3.56	-0.308	0.299	-0.27	0.26	-0.009	-1.213	-2.384	-2.197	-0.97	-2.329	-2.619	0.035	-2.199	0.319	0.174	-0.209	0.038	-4.694	-2.945	0.451	0.484	0.479
"YML026C"	-0.867	-3.811	-3.779	-3.236	-2.913	-2.934	-3.29	-4.268	-3.572	-2.525	-2.873	-2.821	-2.898	-2.803	-2.821	0.014	0.154	0.161	-0.067	0.137	-1.715	-2.403	-1.985	-1.303	-1.891	-2.065	0.132	-1.928	0.418	0.264	-0.923	-0.823	-4.595	-3.765	0.523	0.504	0.531
"YML054C"	1.872	5.268	4.128	4.968	3.708	3.294	3.21	5.243	5.255	3.649	3.305	3.486	5.295	3.394	2.05	-0.13	0.866	0.433	-0.106	-0.044	1.646	1.728	1.473	0.753	1.0	1.117	0.067	1.562	-0.002	-0.052	-0.364	0.205	5.314	4.811	-0.451	-0.328	-0.207
"YML056C"	-1.807	-3.967	-3.497	-3.275	-3.12	-2.921	-3.786	-2.698	-2.774	-1.718	-2.437	-2.674	-1.337	-2.566	-2.751	0.165	0.461	0.098	-0.123	0.221	-1.736	-2.415	-1.827	-0.963	-1.462	-1.486	-0.32	-1.666	0.168	0.198	-0.037	0.38	-4.322	-4.508	-0.012	0.219	0.096
"YML106W"	-0.407	-1.425	-0.881	-0.346	-0.774	-0.903	-0.968	-2.297	-1.366	-0.814	-1.501	-1.583	-1.423	-1.467	-1.771	0.307	0.361	0.211	0.268	-0.024	-1.074	-1.794	-1.616	-0.831	-1.599	-1.732	-1.08	-0.025	-0.489	-0.707	0.383	0.074	-1.776	-1.609	0.696	0.625	0.649
"YMR040W"	1.263	2.537	2.09	2.466	1.83	2.801	2.746	2.675	2.034	1.656	2.174	2.714	2.027	2.608	2.208	-0.428	-0.374	-0.241	0.12	0.105	2.003	1.94	1.216	1.457	1.304	0.997	0.094	1.405	-0.295	-0.429	-0.295	0.338	1.037	1.555	-0.6	-0.721	-0.726
"YMR081C"	0.727	5.134	4.866	4.127	4.854	4.825	5.524	6.678	5.537	4.601	3.765	5.056	4.13	4.987	4.226	-1.042	-1.471	-1.644	0.305	0.193	0.599	0.557	0.25	0.322	0.255	0.177	-0.049	4.371	0.018	-0.076	0.231	0.108	5.379	4.766	-0.503	-0.115	-0.286
"YMR110C"	0.837	3.925	3.346	3.746	3.565	3.434	2.517	3.724	4.042	3.217	2.995	3.422	3.777	2.927	1.682	-0.017	-0.115	0.052	-0.312	0.097	1.252	1.966	1.767	1.239	1.879	2.022	0.641	2.645	-0.016	-0.016	-0.218	0.434	3.64	3.462	0.051	0.036	0.059
"YMR121C"	-1.019	-3.215	-2.875	-2.279	-2.002	-1.905	-2.539	NaN	-2.864	-1.698	-2.019	-2.144	-2.277	-2.155	-2.582	0.273	-0.071	0.446	0.08	0.386	-0.071	-1.118	-1.209	0.436	-0.66	-1.534	0.853	-1.702	0.579	0.52	0.163	0.051	-3.436	-2.969	0.695	0.553	0.535
"YMR133W"	0.907	3.151	2.546	2.165	1.931	1.601	1.65	0.573	3.252	0.953	0.713	0.717	0.718	1.117	1.0	-0.117	-0.287	0.009	0.004	-0.363	0.753	1.31	1.15	0.778	0.894	1.135	-0.18	0.276	0.012	0.025	-0.26	NaN	1.796	1.148	-0.525	-0.142	-0.096
"YMR142C"	-1.248	-3.579	-3.719	-3.19	-2.326	-2.653	-2.822	-0.651	-4.4	-2.393	-2.974	-2.468	-2.774	-3.415	-4.248	-0.137	0.214	0.082	0.009	0.076	-1.401	-2.156	-1.564	-1.0	-2.0	-2.02	0.449	-1.565	0.141	0.224	0.161	-0.201	-4.039	-3.538	0.743	0.623	0.502
"YMR143W"	-1.07	-3.748	-3.175	-3.477	-3.087	-2.794	-2.234	-2.287	-4.401	-2.562	-2.703	-2.873	-2.88	-3.111	-3.545	-0.381	0.249	-0.032	0.16	0.185	-1.396	-2.014	-1.259	-1.318	-1.828	-1.89	-0.458	-2.009	0.546	0.335	0.346	-0.792	-4.75	-3.456	0.585	0.582	0.477
"YMR148W"	0.781	1.635	1.608	1.776	1.059	0.989	1.133	1.272	1.763	1.237	1.027	1.134	1.543	0.734	-0.148	-0.442	-0.112	-0.042	0.135	0.04	0.538	0.773	0.637	0.509	0.525	0.67	0.024	1.436	0.014	0.032	-0.025	-0.069	0.783	0.749	0.445	0.512	0.261
"YMR181C"	0.967	3.744	3.384	3.752	3.55	3.817	4.43	4.005	3.306	2.566	2.301	3.282	2.567	2.312	0.831	-0.689	-0.616	-0.679	0.033	NaN	1.933	2.61	2.301	1.126	1.782	2.014	-0.035	2.3685	-0.387	-0.317	0.773	0.121	2.304	2.183	-0.306	-0.289	-0.36
"YMR214W"	-1.167	-1.431	-3.24	-2.045	-2.69	-1.616	-2.874	-4.239	-1.601	-1.557	-1.17	-1.827	-1.377	-1.21	-0.98	-0.421	-0.561	-0.544	0.061	-0.371	-0.653	-0.56	-0.507	-0.556	-0.667	-0.635	-0.044	-1.2915	0.062	0.04	0.107	0.2115	-2.473	-2.699	0.086	0.193	0.197
"YMR230W"	-0.415	-3.465	-3.053	-2.702	-2.699	-2.427	-1.989	-3.24	-3.21	-2.361	-2.361	-1.71	-1.57	-1.442	-2.394	-0.249	0.327	0.356	-0.474	0.224	-1.519	-2.107	-1.795	-0.816	-1.571	-1.981	0.164	-2.387	0.602	0.582	-0.008	-0.869	-3.802	-3.223	0.53	0.619	0.395
"YMR239C"	-0.434	-4.414	-2.819	-2.693	-2.296	-1.587	-2.209	-2.176	-3.095	-1.885	-1.474	-1.516	-2.236	-2.42	-2.415	0.25	0.362	0.072	-0.205	-0.298	-1.474	-1.82	-1.728	-0.935	-1.384	-1.706	-0.07	-0.932	0.125	0.169	-0.4235	-0.0125	-4.048	-2.804	-0.012	0.005	0.149
"YMR242C"	-1.39	-4.702	-3.631	-3.819	-3.001	-2.522	-3.032	-3.971	-4.84	-2.479	-2.59	-3.004	-2.601	-3.133	-3.475	-0.32	0.265	0.006	0.442	0.19	-2.03	-2.598	-2.072	-1.85	-2.755	-2.478	-0.052	-2.4615	0.125	0.261	0.42	0.1305	-4.607	-3.588	0.573	0.505	0.501
"YMR318C"	-1.354	-2.436	-2.298	-2.292	-2.382	-3.244	-3.511	-3.467	-1.737	-1.799	-3.398	-2.822	-2.227	-2.227	-2.879	0.31	0.282	-0.21	0.164	-0.092	-0.234	0.312	0.277	-0.467	-0.29	-0.287	-0.249	-1.814	-0.2	-0.22	0.2315	0.254	-1.919	-3.653	0.645	0.701	0.7
"YNL002C"	-0.61	-5.196	-2.914	-2.785	-2.336	-1.951	-2.475	-2.73	-3.426	-2.209	-1.856	-2.186	-2.277	-2.592	-2.588	0.12	0.293	-0.268	-0.059	-0.226	-1.398	-2.774	-1.803	-1.355	-2.843	-2.776	0.258	-1.942	-0.019	-0.071	-0.3935	0.0375	-4.466	-2.41	0.251	0.327	0.191
"YNL062C"	-0.383	-4.157	-2.785	-2.295	-2.256	-1.556	-2.835	-3.07	-2.028	-1.559	-1.91	-1.803	-1.717	-2.639	-2.206	0.21	0.622	-0.004	-0.003	-0.016	-0.856	-1.772	-1.297	-0.904	-1.751	-1.657	0.294	-1.7035	0.533	0.44	-0.4695	0.091	-2.838	-2.509	0.363	0.273	0.301
"YNL064C"	-0.962	-2.517	-2.371	-2.079	-1.448	-1.718	-1.899	-1.228	-1.94	-1.148	-0.516	-0.561	-1.535	-2.661	-2.805	-0.021	-0.056	0.016	-0.609	0.43	-0.679	-0.819	-0.14	-0.661	-0.699	-0.669	0.872	-2.0605	0.406	0.318	0.0465	0.235	-1.827	-1.298	0.33	0.302	0.367
"YNL087W"	-0.561	-1.855	-1.557	-0.896	-1.321	-1.548	-1.447	-1.605	-1.992	-1.611	-2.327	-1.937	-1.983	-2.611	-2.819	0.368	0.601	0.669	0.132	-0.401	-0.797	-1.36	-1.398	-0.022	-0.379	-0.472	-0.157	-1.579	-0.317	-0.124	-0.779	0.083	-0.93	-0.968	0.529	0.354	0.488
"YNL114C"	-0.655	-5.245	-2.663	-2.941	-2.849	-1.734	-2.571	-3.791	-3.032	-1.739	-1.645	-2.221	-1.96	-2.004	-2.111	0.133	0.422	0.104	0.383	0.029	-2.958	-2.901	-2.07	-2.397	-2.953	-2.748	0.486	-1.2975	-0.237	0.071	-0.2475	-0.226	-4.14	-2.842	0.171	0.216	0.108
"YNL132W"	-0.762	-5.826	-3.389	-2.815	-3.25	-2.572	-3.653	-4.956	-4.353	-2.313	-2.799	-2.936	-3.396	-4.377	-4.049	0.121	0.212	0.115	-0.079	-0.156	-1.546	-2.468	-2.114	-1.26	-1.53	-2.164	0.446	-1.281	-0.001	0.148	-0.3905	0.3195	-3.989	-2.673	0.114	0.032	0.102
"YNL141W"	-1.194	-5.105	-3.596	-3.239	-3.348	-3.426	-3.35	-3.37	-3.709	-2.857	-2.886	-3.361	-3.883	-3.946	-3.935	0.276	-0.065	-0.374	-0.281	-0.258	-0.966	-3.084	-3.813	-1.196	-2.958	-3.472	0.899	-2.6235	0.326	-0.001	0.539	0.243	-4.363	-3.307	0.673	0.623	0.673
"YNL178W"	-0.979	-4.244	-3.755	-3.785	-3.505	-1.857	-3.159	-4.338	-4.97	-2.608	-2.899	-2.981	-2.958	-3.483	-3.871	-0.115	0.066	0.125	0.438	0.117	-0.953	-1.991	-1.931	-0.422	-1.803	-1.852	0.394	-2.479	0.88	0.949	-0.0155	0.2625	-2.548	-2.616	0.672	0.735	0.668
"YNL183C"	0.271	1.252	1.503	1.406	1.226	1.257	2.171	1.403	1.487	0.88	0.977	1.718	1.194	0.858	0.745	-0.234	-0.024	-0.153	-0.13	-0.13	0.737	1.075	0.866	0.534	0.979	0.897	-0.051	0.9425	-0.381	-0.29	-0.371	0.308	1.184	0.704	0.289	0.261	0.492
"YNL237W"	1.921	2.908	2.738	3.066	2.427	2.484	2.386	2.376	3.489	2.884	2.871	2.949	2.902	2.38	1.751	NaN	-1.098	-0.253	-0.074	0.13	0.74	1.013	1.313	0.145	0.987	1.113	0.057	1.759	-0.098	-0.313	-0.4575	0.1475	2.07	1.64	0.169	0.075	0.052
"YNL248C"	-1.052	-5.716	-3.559	-4.488	-3.442	-2.794	-3.857	-4.575	-5.072	-2.419	-2.444	-2.924	-2.98	-3.902	-3.609	0.104	0.188	0.043	0.124	0.027	-2.371	-2.958	-1.972	-1.687	-2.005	-1.857	0.527	-2.53	0.097	0.268	-0.193	0.195	-6.193	-3.878	0.342	0.31	0.171
"YNL308C"	-0.848	-4.351	-2.623	-2.15	-2.256	-1.607	-1.693	-1.227	-3.207	-1.872	-1.62	-2.065	-2.036	-2.775	-2.852	-0.017	0.002	-0.444	0.145	-0.256	-0.485	-1.605	-1.238	-0.539	-1.613	-1.902	-0.467	-1.38	0.104	0.051	0.265	0.05	-3.307	-2.409	0.077	0.158	-0.012
"YNR002C"	1.929	3.522	3.679	4.1155	3.544	3.295	4.0245	4.399	2.865	4.327	3.175	1.676	5.416	5.477	4.078	0.004	-0.013	0.155	0.126	0.315	1.978	2.116	1.423	1.392	1.687	1.314	-0.433	2.55	0.18	0.066	0.329	0.022	2.62	3.924	-0.612	-0.744	-0.822
"YOL060C"	0.217	1.314	3.0615	1.4245	1.329	1.461	0.744	1.706	0.843	0.717	0.962	1.259	1.212	2.259	1.423	-0.088	0.25	0.221	-0.074	0.101	1.253	1.246	0.95	0.943	1.106	0.938	-0.624	0.775	0.075	0.079	-1.458	0.38	0.932	0.922	-0.5	-0.757	-0.623
"YOR036W"	0.607	1.918	1.2545	1.664	-1.7435	1.481	2.5945	1.882	1.562	1.563	1.932	2.156	3.066	2.609	2.107	0.038	-0.43	-0.43	-0.341	0.119	2.219	2.449	2.16	1.511	1.716	1.561	-0.178	1.374	-0.432	-0.519	-0.065	0.039	1.484	1.021	-0.267	-0.23	-0.214
"YOR152C"	1.159	3.13	2.73	2.6355	2.7555	2.9555	3.1825	3.475	3.121	2.083	1.874	1.565	2.547	2.341	1.885	0.122	0.183	-0.048	0.01	NaN	1.211	1.358	2.068	0.831	1.57	1.679	-0.093	1.61	-0.144	0.009	-0.059	0.019	1.012	1.643	-0.036	-0.017	-0.141
"YOR178C"	1.411	4.6505	3.5155	4.543	3.9715	4.7535	4.727	4.682	3.591	4.802	5.508	5.525	6.246	5.242	4.229	-0.409	-0.906	-0.56	0.291	-0.171	-0.337	-0.359	-0.606	0.139	0.213	0.082	0.333	3.538	0.165	0.169	-0.9	0.213	2.364	0.468	-0.337	0.177	0.097
"YOR234C"	-0.803	-4.006	-3.3605	-2.805	-2.6575	-2.058	-1.908	-2.8745	-3.657	-1.912	-1.717	-1.324	-0.593	-0.648	-2.139	0.383	0.203	0.108	0.151	0.093	-1.232	-1.878	-1.23	-1.111	-1.811	-1.663	-0.29	-1.288	0.315	0.188	0.287	-0.552	-4.032	-3.302	0.665	0.704	0.548
"YOR293W"	-1.549	-4.155	-3.7615	-3.19	-2.996	-2.4345	-2.697	-2.7875	-4.233	-2.537	-2.533	-2.507	-1.856	-2.041	-3.118	-0.181	0.102	0.327	-0.036	0.191	-2.072	-2.613	-1.918	-1.397	-2.238	-2.131	0.379	-1.85	0.336	0.344	0.662	0.035	-3.853	-3.23	0.484	0.488	0.385
"YOR369C"	-1.178	-3.6225	-4.255	-3.641	-2.7865	-2.805	-3.7395	-3.724	-3.998	-2.456	-2.858	-2.986	-2.456	-2.662	-3.502	-0.133	-0.02	0.072	0.217	0.27	-1.519	-2.104	-1.873	-1.053	-1.97	-2.181	-0.358	-2.309	0.95	0.753	0.285	-0.123	-3.032	-3.003	0.385	0.475	0.5
"YPL004C"	0.803	2.962	1.8025	2.449	2.109	1.6325	1.689	2.7195	3.013	2.417	1.835	2.007	2.822	1.866	-0.447	-0.162	-0.26	-0.457	-0.26	0.363	1.641	2.317	2.41	1.502	2.437	2.236	0.006	1.961	-0.171	-0.054	0.116	0.157	3.09	2.61	0.116	0.042	0.122
"YPL050C"	-0.237	-1.673	-1.242	-0.8915	-1.0575	-1.3725	-1.293	-2.2165	-1.498	-1.232	-1.195	-1.188	-1.143	-1.8	-1.614	0.314	0.022	0.19	-0.158	0.089	-1.205	-0.897	-0.695	-0.688	-0.751	-0.783	-0.192	-0.945	0.01	0.128	-0.604	0.0	-2.003	-1.757	0.232	0.207	0.233
"YPL079W"	-1.022	-4.616	-4.1965	-3.787	-3.3525	-2.3565	-2.6495	-3.892	-4.735	-2.781	-2.741	-3.087	-3.015	-3.498	-4.547	-0.327	0.26	-0.185	0.031	0.143	-2.117	-2.574	-1.965	-1.758	-2.209	-2.429	-0.126	-1.673	0.284	0.34	0.187	-0.574	-3.573	-3.431	0.573	0.499	0.511
"YPL080C"	0.093	-2.0705	-1.999	-2.0625	-1.773	-1.009	-1.306	-1.157	-1.846	-1.546	-1.287	-1.442	-1.596	-1.024	-1.469	0.194	0.395	0.15	-0.426	-0.304	-1.324	-1.181	-0.452	-0.925	-0.773	-0.714	0.101	0.209	-0.489	-0.555	-0.145	-0.284	-1.147	-0.807	0.164	0.498	0.076
"YPL081W"	-0.796	-4.5065	-3.3595	-3.199	-3.083	-2.508	-3.086	-3.4025	-4.022	-2.461	-2.849	-2.929	-2.789	-2.909	-3.725	-0.034	0.404	-0.163	0.099	0.171	-2.363	-2.576	-1.786	-2.106	-2.383	-2.29	-0.046	-1.844	0.145	0.101	0.31	-0.095	-3.939	-2.717	0.384	0.386	0.423
"YPL142C"	-0.787	-3.1395	-2.973	-2.7515	-2.2525	-1.78	-1.891	-3.5865	-4.155	-2.082	-2.303	-2.376	-2.148	-2.632	-2.979	0.296	0.518	0.477	0.2	0.304	-1.263	-1.852	-1.366	-0.847	-1.839	-2.009	-0.832	-2.011	0.301	0.513	0.97	0.142	-3.677	-3.278	1.041	0.954	0.869
"YPL143W"	-0.667	-4.4445	-3.3605	-3.232	-3.2955	-2.5465	-2.7845	-3.35	-4.372	-2.232	-2.155	-2.195	-1.391	-1.972	-2.941	0.066	0.193	0.011	0.005	NaN	-1.377	-1.826	-1.186	-1.473	-1.99	-2.186	-0.279	-2.07	0.312	0.339	0.629	-0.161	-3.13	-2.792	0.88	0.816	0.813
"YPL186C"	1.948	4.53	4.047	3.681	4.3765	4.288	4.8665	3.9855	1.511	1.76	2.76	2.023	2.83	3.48	3.115	0.576	0.355	0.355	0.206	0.315	0.251	1.293	1.83	0.418	1.595	1.175	-0.258	3.577	-0.586	-0.425	-0.204	0.07	3.997	3.587	0.16	-0.738	-0.664
"YPL198W"	-0.931	-4.269	-3.194	-2.836	-2.46	-2.218	-2.395	-4.3605	-3.875	-2.024	-2.227	-2.449	-2.487	NaN	-3.133	-0.089	0.131	-0.012	-0.237	0.079	-1.095	-2.043	-1.497	-1.242	-1.951	-2.099	-0.03	-1.633	0.352	0.283	0.296	0.206	-3.4955	-4.5575	0.1385	0.203	0.1645
"YPL206C"	0.539	1.5695	1.6745	1.552	1.7415	1.75	1.596	-0.097	1.43	1.252	1.355	1.325	0.959	0.626	0.395	0.298	0.16	0.225	0.015	0.363	0.994	1.132	1.065	1.572	1.448	1.213	-0.065	0.932	0.184	0.059	-0.605	-0.179	1.2735	0.9745	0.282	0.273	0.1655
"YPL211W"	-0.152	-5.5605	-3.5535	-3.356	-3.4755	-2.914	-3.869	-4.4555	-4.129	-2.485	-2.918	NaN	-3.267	-2.652	-2.337	0.488	0.579	0.111	-0.02	0.025	-2.269	-3.124	-2.614	-1.792	-1.914	-2.688	0.247	-2.25	0.407	0.451	-0.126	-0.625	-3.981	-2.743	0.238	0.234	0.224
"YPL222W"	1.0055	1.26533333333333	1.64233333333333	0.679666666666667	1.61533333333333	1.49866666666667	1.67633333333333	-0.197666666666667	0.977	0.3565	0.671	0.8965	1.011	2.026	1.649	0.2	0.9735	0.143	-0.098	-0.0275	0.573	1.148	1.004	0.2355	0.5645	0.288	-0.123	2.6865	-0.4585	-0.5165	-0.247	0.1155	1.057	0.207	-0.271	-0.25	-0.274
"YPL230W"	1.218	5.7835	4.1855	4.254	4.299	4.5545	5.401	6.6385	4.417	4.265	4.16	3.897	5.844	6.611	5.087	-0.172	-0.316	-0.133	-0.203	0.035	3.397	3.667	3.445	2.464	3.243	3.113	0.303	2.633	-0.408	-0.552	0.348	0.099	-1.432	1.055	-0.742	-0.723	-0.879
"YPL235W"	-0.756	-0.842666666666667	-1.108	-1.02966666666667	-1.09866666666667	-0.984666666666667	-1.85166666666667	-0.762333333333333	-1.209	-1.1285	-1.0275	-1.3	-1.5825	-1.8145	-2.0025	-0.288	-0.063	-0.1385	-0.3475	0.0025	-0.525	-0.49	-0.4935	-0.3695	-0.408	-0.581	0.4225	-0.9125	0.0295	0.0585	-0.3585	-0.05	0.005	-0.9255	0.5485	0.423	0.496
"YPL237W"	-0.439	-2.6285	-1.9335	-2.0395	-2.3465	-2.029	-2.27	-2.875	-2.288	-1.665	-1.817	-1.927	-2.006	-2.44	-3.024	0.088	0.268	0.063	0.071	0.179	-0.748	-1.377	-1.193	-0.342	-1.421	-1.607	1.016	-1.537	0.093	0.116	-0.201	-0.081	-1.535	-1.455	0.73	0.655	0.659
"YPL238C"	-0.296	-1.898	-1.7665	-1.5655	-1.85	-1.744	-1.544	-2.431	-2.451	-1.817	-2.037	-1.989	-1.843	-2.517	-2.586	0.641	0.64	0.175	-0.219	0.041	-0.478	-1.2	-1.017	0.087	-0.865	-1.297	0.669	-2.063	0.036	0.031	0.128	0.08	-1.846	-1.135	0.656	0.566	0.621
"YPL245W"	-1.231	-2.523	-2.6785	-2.5975	-2.684	-2.759	-3.115	-3.98	-0.908	-1.046	-1.32	-1.548	-0.959	-2.016	-1.767	-0.513	-0.261	-0.457	-0.197	-0.012	-0.847	-1.198	-1.308	-0.636	-1.179	-1.372	0.328	-1.34	0.141	0.271	-1.251	0.135	-1.2565	-1.6765	0.485	0.412	0.4185
"YPL260W"	-0.082	1.615	1.452	1.1195	1.284	1.3765	1.2505	0.6035	0.735	0.933	0.749	0.952	0.595	0.347	-0.181	-0.118	0.017	-0.204	-0.062	-0.298	1.277	1.641	1.438	1.025	1.392	1.222	0.918	0.805	-0.057	-0.174	0.693	0.161	1.206	1.401	0.294	0.256	0.17
"YPR001W"	0.843	1.917	3.0525	4.424	4.3615	4.5105	2.722	5.855	2.313	4.226	1.274	2.072	5.929	4.205	2.415	0.165	0.112	0.097	0.202	-0.534	0.256	0.352	0.278	0.668	0.396	0.267	-0.037	1.947	-0.177	-0.036	-2.229	0.249	-0.005	2.225	-0.788	-0.807	-0.797
"YPR005C"	0.504	2.0705	1.923	2.2645	2.3045	2.5365	3.0925	2.423	2.606	2.059	2.605	3.183	2.105	1.466	0.943	-0.165	0.026	0.0	-0.186	0.179	0.886	0.883	0.49	0.895	0.757	0.937	0.499	1.696	-0.65	-0.043	-1.091	-0.197	0.707	1.18	-0.377	-0.121	-0.099
"YPR041W"	-1.193	-1.871	-1.85166666666667	-1.45933333333333	-1.579	-1.647	-1.48733333333333	-2.36366666666667	-1.646	-1.315	-1.658	-1.0965	-1.805	-1.8775	-2.441	0.322	0.112	-0.005	-0.1465	-0.031	-0.9765	-1.173	-0.8595	-0.915	-0.997	-1.0265	-0.1255	-1.977	-0.039	0.092	0.3805	0.114	-3.187	-2.708	0.39	0.139	0.224
"YPR044C"	-0.976	-3.163	-2.92933333333333	-2.74733333333333	-2.52066666666667	-2.15066666666667	-2.388	-2.87	-3.0915	-1.926	-2.14	-2.1115	-1.2955	-1.702	-1.9615	-0.023	0.1375	0.1415	-0.088	0.1355	-1.0815	-1.535	-1.1145	-0.976	-1.5965	-1.486	-0.365	-2.074	0.346	0.497	0.361	0.179	-2.862	-2.352	0.697	0.724	0.621
"YPR102C"	-1.197	-3.521	-3.2315	-3.2945	-3.3515	-2.7315	-2.6455	-4.045	-4.644	-2.495	-2.723	-3.232	-3.352	-3.749	-4.692	0.018	0.309	0.074	0.219	0.435	-1.647	-2.388	-1.826	-1.25	-2.23	-2.126	0.809	-2.384	0.446	0.519	0.478	0.117	-4.015	-3.517	0.509	0.411	0.422
"YPR110C"	-1.308	-5.7185	-3.423	-3.2115	-2.9215	-2.8345	-3.133	-3.662	-3.88	-2.186	-2.175	-2.703	-2.993	-3.212	-3.358	0.098	0.316	-0.186	-0.091	0.102	-1.719	-2.308	-1.703	-1.435	-2.158	-2.174	0.295	-2.108	0.048	0.305	0.31	-0.194	-3.882	-3.113	0.148	0.039	0.134
"YPR132W"	-1.087	-2.849	-3.586	-3.351	-1.806	-2.6445	-2.672	-3.1925	-3.788	-1.948	-2.214	-2.292	-1.968	-2.388	-3.151	0.197	0.471	0.042	0.125	0.215	-1.628	-2.207	-1.919	-1.285	-2.23	-2.231	0.412	-2.217	0.678	0.452	0.544	0.031	-2.903	-2.829	0.513	0.539	0.497
"YPR151C"	2.014	3.785	3.607	4.572	4.0445	4.539	4.7805	6.135	2.014	2.42	1.754	2.526	4.373	4.037	3.357	0.31	-0.091	0.211	0.103	0.021	0.666	1.137	1.096	0.812	0.956	1.251	-0.459	2.038	-0.098	-0.123	-0.414	-0.795	1.69	1.869	0.25	0.451	0.294
