	"861.YPD_5_d_30C"	"1017.YPD 7 d (25C)"	"1018.YPD 13 d (25C)"	"1139.DY1457 (wild type) 3 mM vs. 76 nM zinc"
"YBL051C"	-3.077	-1.6195	-2.2805	0.6205
"YBR082C"	-3.456	-2.379	-2.5995	-0.1725
"YBR253W"	-2.693	-0.91	-0.9645	-0.066
"YCL031C"	-4.4835	-1.04766666666667	-1.38066666666667	0.599
"YCR002C"	-5.182	-2.9535	-2.7005	0.178
"YCR043C"	-4.19	-1.8875	-1.6275	1.2795
"YCR067C"	-2.0615	-0.785333333333333	-0.852333333333333	0.239666666666667
"YDL015C"	-4.309	-1.9455	-2.2355	0.296
"YDL084W"	-4.827	-2.01	-2.373	0.974
"YDL095W"	-3.518	-0.827	-2.037	0.634
"YDL148C"	-4.257	-2.527	-2.281	0.35
"YDL157C"	-2.811	-0.332	-0.793	0.953
"YDL166C"	-2.628	-0.946	-1.072	0.041
"YDL191W"	-5.192	-1.942	-2.86	1.822
"YDR023W"	-5.745	-3.357	-3.85	1.69
"YDR037W"	-5.224	-3.368	-3.772	1.204
"YDR101C"	-4.667	-3.177	-3.516	0.961
"YDR151C"	-1.909	-1.058	-1.069	0.288
"YDR158W"	-5.115	-3.802	-4.509	2.092
"YDR189W"	-2.842	-1.904	-2.063	0.057
"YDR210W"	-4.92	-2.09	0.354	0.46
"YDR233C"	-3.48	-2.27	-2.451	0.614
"YDR365C"	-4.269	-3.039	-3.298	0.893
"YDR417C"	-5.062	-3.022	-3.606	2.333
"YDR447C"	-5.332	-2.625	-3.552	1.98
"YER105C"	-3.477	-2.363	-2.555	0.392
"YFL002C"	-4.836	-1.723	-2.131	0.765
"YFR002W"	-7.825	-2.295	-2.746	0.948
"YGL065C"	-2.778	-1.862	-2.045	0.016
"YGL067W"	-2.893	-1.617	-2.053	0.829
"YGL095C"	-3.482	-1.3	-1.69	-0.487
"YGL099W"	-5.764	-3.273	-3.42	0.647
"YGL102C"	-5.65	-1.938	-2.13	1.606
"YGL115W"	-3.416	-1.389	-1.566	0.399
"YGL234W"	-5.74	-0.919	-1.198	-0.1
"YGL238W"	-4.337	-1.937	-2.674	1.231
"YGL245W"	-6.655	-4.345	-4.779	1.309
"YGR027C"	-5.39	-1.867	-2.368	1.487
"YGR083C"	-4.599	-2.794	-3.226	1.142
"YGR085C"	-6.059	-3.54	-4.179	2.15
"YGR103W"	-5.518	-3.578	-3.882	1.312
"YGR124W"	-4.207	-3.169	-3.758	2.282
"YGR155W"	-4.396	-1.786	-2.407	1.052
"YGR175C"	-4.5	-2.628	-3.285	0.156
"YHR019C"	-5.077	-3.721	-4.387	2.274
"YHR023W"	-2.4215	-1.5635	-1.046	0.084
"YHR128W"	-6.006	-3.494	-3.516	1.902
"YHR201C"	-4.155	-1.632	-2.134	0.119
"YHR203C"	-5.944	-3.081	-3.941	2.739
"YIL096C"	-3.119	-1.637	-1.667	0.084
"YIR004W"	-1.697	-1.046	-1.035	0.168
"YJL111W"	-6.57	-1.994	-2.239	1.213
"YJL167W"	-7.538	-2.855	-2.924	0.732
"YJL177W"	-5.49	-2.278	-2.905	2.74
"YJL180C"	-3.244	-1.187	-1.462	0.231
"YJL183W"	-4.986	-2.208	-2.121	0.72
"YJR001W"	-3.551	-1.449	-1.784	0.162
"YJR032W"	-3.054	-1.609	-1.727	0.294
"YJR070C"	-7.226	-2.254	-2.322	1.038
"YJR132W"	-3.493	-1.512	-2.109	0.987
"YKL135C"	-3.285	-1.318	-1.663	0.251
"YKL153W"	-5.051	-2.039	-2.818	0.073
"YKL212W"	-4.806	-2.929	-3.374	1.013
"YKR094C"	-4.383	-2.197	-2.387	1.23
"YLL045C"	-6.618	-3.021	-3.731	2.059
"YLR029C"	-6.877	-2.378	-2.987	2.331
"YLR060W"	-5.967	-3.713	-4.371	1.836
"YLR101C"	-3.161	-2.069	-2.518	0.267
"YLR167W"	-4.496	-1.976	-2.263	1.495
"YLR187W"	-2.0	-1.232	-1.667	0.45
"YLR249W"	-6.742	-4.549	-4.992	1.6
"YLR264W"	-5.152	-2.334	-2.391	1.55
"YLR268W"	-3.316	-1.415	-1.039	0.106
"YLR276C"	-5.399	-3.17	-3.081	0.462
"YLR314C"	-5.585	-3.447	-3.937	0.975
"YLR320W"	-2.337	-0.078	-0.517	0.022
"YLR351C"	-3.461	-0.847	-0.964	0.344
"YLR355C"	-6.009	-1.989	-3.088	1.148
"YLR359W"	-5.36	-1.681	-1.828	-0.299
"YLR409C"	-4.211	-3.315	-3.47	1.862
"YLR418C"	-2.673	-1.238	-1.829	0.452
"YLR455W"	-2.868	-1.565	-1.563	0.321
"YML094W"	-3.049	-2.071	-2.286	-0.243
"YMR021C"	-1.784	-0.727	-1.151	-0.153
"YMR047C"	-3.61	-1.0335	-1.4915	0.5005
"YMR091C"	-4.005	-2.09	-2.24	0.51
"YMR143W"	-4.466	-3.111	-3.545	1.601
"YMR185W"	-3.092	-0.521	-1.581	-0.41
"YMR202W"	-5.431	-2.876	-2.931	1.041
"YMR215W"	-4.406	-2.956	-3.467	1.098
"YMR235C"	-5.187	-3.21	-3.756	0.854
"YMR242C"	-6.226	-3.133	-3.475	2.029
"YMR246W"	-3.101	-1.278	-1.408	1.654
"YMR300C"	-4.702	-2.016	-1.571	0.11
"YNL010W"	-4.52	-2.738	-3.396	0.035
"YNL022C"	-3.745	-2.3	-2.325	0.4
"YNL060C"	-3.243	-1.617	-1.851	1.055
"YNL096C"	-6.106	-4.096	-4.68	2.416
"YNL119W"	-6.231	-2.843	-3.318	2.478
"YNL121C"	-4.5485	-1.3065	-2.038	0.826
"YNL168C"	-3.351	-1.174	-1.844	-0.359
"YNL178W"	-6.62	-3.483	-3.871	2.094
"YNL291C"	-4.479	-1.572	-1.833	0.139
"YNL301C"	-6.272	-2.985	-3.448	2.767
"YNL316C"	-3.472	-1.298	-1.41	0.301
"YOL022C"	-4.073	-2.027	-1.748	0.401
"YOL039W"	-7.971	-3.262	-3.256	2.614
"YOL061W"	-3.804	-1.965	-2.156	-0.121
"YOL093W"	-4.67	-1.299	-1.847	0.837
"YOL097C"	-6.314	-4.044	-4.151	1.343
"YOL139C"	-5.5	-1.966	-2.188	0.902
"YOR067C"	-5.101	-1.749	-2.027	-0.084
"YOR165W"	-3.5345	-1.996	-2.281	-0.293
"YOR168W"	-4.808	-2.353	-2.604	1.642
"YOR206W"	-6.4785	-3.692	-3.694	1.152
"YOR260W"	-4.639	-2.577	-3.081	1.106
"YOR271C"	-2.9995	-0.914	-1.184	1.463
"YOR312C"	-4.8175	-1.569	-3.224	1.892
"YOR323C"	-6.434	-3.497	-3.428	1.739
"YOR331C"	-4.099	-1.671	-2.079	0.859
"YPL028W"	-5.5385	-2.17	-2.948	0.748
"YPL037C"	-5.417	-3.222	-3.654	1.099
"YPL142C"	-5.604	-2.632	-2.979	1.267
"YPL183C"	-3.957	-2.745	-3.056	1.286
"YPL217C"	-1.625	-1.058	-1.144	0.939
"YPL220W"	-6.1465	-2.571	-3.926	2.259
"YPL226W"	-5.67966666666667	-2.9025	-3.983	0.8915
"YPL273W"	-5.69966666666667	-3.21	-3.3575	1.535
"YPR019W"	-3.1305	-2.229	-1.945	0.418
"YPR033C"	-7.94	-4.382	-4.54	1.295
"YPR044C"	-4.76433333333333	-1.702	-1.9615	1.8575
"YPR089W"	-3.974	-1.266	-1.84	0.175
"YPR102C"	-6.451	-3.749	-4.692	2.333
"YPR103W"	-3.618	-1.286	NaN	0.796
"YPR118W"	-5.524	-3.334	-3.538	1.03
"YPR141C"	-3.8215	-1.202	-1.21	0.154
"YPR144C"	-4.2065	-2.51	-2.411	0.74
"YPR148C"	-3.536	-1.426	-2.035	-1.031
