	"59.alpha factor release sample013"	"598.29 deg growth"	"651.alpha factor release sample019"	"797.Heat Shock 000 minutes (series 3)"	"854.YPD_6_h_30C"	"855.YPD_8_h_30C"	"856.YPD_10_h_30C"	"857.YPD_12_h_30C"	"858.YPD_1_d_30C"	"859.YPD_2_d_30C"	"860.YPD_3_d_30C"	"861.YPD_5_d_30C"	"943.starv_in_H2O_2_h_30C"	"944.starv_in_H2O_4_h_30C"	"945.starv_in_H2O_6_h_30C"	"1012.YPD 12 h (25C)"	"1014.YPD 2 d (25C)"	"1015.YPD 3 d (25C)"	"1016.YPD 5 d (25C)"	"1017.YPD 7 d (25C)"	"1018.YPD 13 d (25C)"	"1097.alpha factor release sample020"	"1673.alpha factor release sample021"	"2966.WT vs Lpz8 null cells in high Cu-repeat"	"4872.1M sorbitol - 60 min"	"6344.DES460 + 0.02% MMS - 5 min"	"30773.Pomona/Brown Sir3x red"	"40950.H2O2_II_42_min"	"40951.H2O2_II_49_min"	"40956.H2O2_II_100_min"	"40958.H2O2_II_140_min"	"40960.H2O2_II_180_min"	"40965.MD_II_28_min"	"40971.MD_II_77_min"	"40973.MD_II_100_min"	"40975.MD_II_130_min"	"40976.MD_II_140_min"
"YBL027W"	0.0885	0.242	-0.091	1.424	-2.851	-2.474	-2.081	-1.613	-2.0	-1.606	-2.671	-5.577	-2.654	-2.507	-2.33	-3.9845	-2.4005	-2.0465	-1.9795	-2.114	-3.148	-0.497	0.159	0.22	-0.007	0.074	-0.0365	-0.454	-0.6835	-0.404	0.518	0.426	-0.062	-0.975	-1.4445	-0.672	-1.176
"YBL072C"	0.287	0.238	-0.1235	1.296	-3.835	-3.367	-3.036	-2.694	-2.486	-3.041	-3.192	-6.241	-3.401	-3.188	-3.091	-4.1825	-2.5425	-2.5865	-2.5245	-3.2065	-4.2	0.814	0.51	0.101	0.611	0.31	0.135	-1.736	-1.46	-1.006	-0.577	-0.47	0.722	-2.429	-2.113	-1.25	-1.814
"YBL077W"	0.5	0.034	0.1545	0.396	-3.41	-2.161	-1.694	-1.571	-2.021	-1.176	-3.136	-5.081	-2.285	-2.607	-2.667	-2.792	-2.0335	-2.345	-2.816	-3.3595	-3.1945	-0.018	0.1535	-0.052	0.0635	-0.095	0.115	-0.363	-1.252	-0.623	-0.558	-0.229	-0.103	-1.99	-1.725	-1.14	-2.135
"YBR096W"	0.933	-0.034	-0.00999999999999998	-0.537	0.096	-0.147	-0.23	-0.335	-1.618	-0.773	-2.825	-3.347	-1.193	-1.3	-1.672	-0.6475	-1.7275	-1.5245	-1.829	-1.7925	-2.066	1.09	0.2185	0.037	-0.07	-0.019	0.073	0.197	0.225	-0.451	0.095	0.134	-0.136	0.456	-1.097	-0.567	-1.594
"YBR106W"	-0.031	0.207	0.5335	1.138	-2.949	-2.026	-1.695	-1.83	-2.108	-1.986	-3.354	-5.052	-2.173	-2.595	-2.731	-2.3915	-2.0935	-2.137	-2.3225	-3.147	-3.2985	0.141	0.408	-0.152	0.066	0.166	0.118	-0.702	-0.686	-0.557	-0.719	-0.42	-0.783	-1.517	-0.655	-1.147	-2.027
"YBR143C"	-0.032	0.158	-0.347	0.849	-2.729	-2.378	-2.339	-2.197	-1.932	-2.537	-3.195	-4.642	-2.231	-2.012	-2.112	-3.1475	-2.126	-2.659	-2.698	-2.699	-3.572	-0.028	0.3445	0.245	0.029	0.012	0.105	-1.078	-1.155	-0.959	-0.062	-0.22	0.868	-1.869	-1.779	-1.638	-1.243
"YBR189W"	-0.1075	0.48	-0.3475	1.201	-3.784	-3.224	-3.356	-2.463	-2.154	-2.355	-2.065	-4.702	-3.483	-2.334	-2.025	-3.678	-2.629	-2.467	-1.9305	-1.8835	-2.9475	0.044	0.0415	0.136	0.262	0.339	-0.2375	-1.149	-1.2915	-0.9075	-0.0885	0.1725	-0.767	-1.714	-1.891	-1.13	-1.5195
"YBR205W"	-0.054	0.017	0.081	0.571	-0.193	0.27	0.216	-0.253	-0.574	-0.55	-2.047	-3.842	-0.817	-1.164	-1.251	0.2785	-1.74	-0.5585	-0.8785	-1.5345	-2.119	-0.267	-0.0155	0.148	-0.256	-0.089	0.204	0.404	-0.223	0.144	0.46	0.627	-0.015	-1.108	-1.662	-1.441	-0.515
"YBR249C"	0.5575	0.47	0.3425	0.864	-1.844	-0.483	-0.404	-0.479	-0.216	0.351	-3.39	-6.025	-1.506	-1.86	-1.223	-1.6655	-1.147	-1.6935	-2.9975	-3.288	-3.9875	0.067	0.4515	0.188	0.14	0.146	0.225	1.025	-0.215	0.822	0.335	0.965	0.483	-1.88	-1.249	-1.964	-1.166
"YCL053C"	0.072	0.016	-0.493	0.821	-4.013	-2.459	-1.834	-1.096	-0.828	-1.563	-2.481	-4.22	-1.782	-1.345	-1.024	-2.553	-1.597	-1.8505	-1.7235	-2.7635	-2.2165	0.598	0.383	-0.65	-0.1325	-0.114	0.012	NaN	-0.862	-0.07	0.875	1.284	0.405	1.618	1.225	1.443	0.681
"YDL061C"	0.171	0.38	-0.055	1.013	-3.45	-2.443	-2.323	-2.345	-2.173	-2.665	-3.265	-4.279	-2.81	-1.687	-3.127	-3.44	-2.031	-2.139	-1.095	-0.613	-1.256	0.218	0.739	0.1705	-0.01	0.415	0.02	-0.623	-1.288	-0.755	-0.011	-0.033	0.632	-2.377	-1.085	-1.806	-1.491
"YDL150W"	-0.1395	0.03	-0.355	0.596	-1.991	-1.142	-1.17	-0.601	-0.448	-1.089	-1.728	-3.715	-1.542	-0.97	-0.525	-2.606	-1.402	-1.259	-1.456	-1.824	-1.598	0.206	0.0785	-0.208	-0.157	-0.157	-0.104	0.089	-0.506	-0.334	-0.146	0.445	-0.537	-0.625	-1.353	-0.318	0.284
"YDL185W"	0.278	-0.285	0.017	0.138	-0.209	-0.232	-0.557	-0.571	-0.915	-1.477	-2.522	-4.417	-0.619	-1.308	-2.012	-1.075	-0.395	-0.701	-1.557	-2.084	-3.0	0.113	0.142	0.0325	0.074	0.27	0.201	0.003	-0.109	-0.035	0.095	0.751	-0.22	-0.635	0.052	-1.244	-0.556
"YDR002W"	-0.021	0.183	-0.375	0.587	-1.205	-1.318	-0.892	-1.054	-1.992	-1.109	-2.756	-4.542	-1.43	-1.99	-1.796	-2.073	-1.309	-0.91	-1.672	-2.746	-2.987	0.33	0.396	0.227	0.03	-0.207	0.228	-0.119	-0.319	-0.945	-0.401	0.329	-0.635	-1.395	-0.886	-1.263	-1.881
"YDR023W"	0.001	-0.076	-0.457	0.525	-1.814	-2.122	-1.859	-1.347	-2.164	-2.077	-2.907	-5.745	-1.116	-1.813	-1.696	-3.05	-1.553	-2.313	-3.056	-3.357	-3.85	0.148	0.649	0.1395	-0.019	0.024	0.282	-1.06	-1.233	-0.254	0.057	-0.291	0.184	-0.941	-1.27	-1.436	-1.932
"YDR025W"	0.038	0.028	-0.38	0.806	-3.904	-3.548	-3.252	-2.573	-2.592	-2.705	-3.393	-6.697	-3.356	-3.471	-3.326	-4.504	-1.915	-2.886	-2.503	-2.895	-3.518	0.426	0.648	-0.116	-0.035	0.236	-0.1195	-0.6605	-1.351	-0.3415	0.0745	0.2395	0.015	-1.305	-2.008	-1.104	-2.068
"YDR037W"	0.433	0.04	0.437	0.502	-4.313	-3.427	-3.607	-3.146	-3.858	-3.458	-4.551	-5.224	-2.505	-2.756	-2.42	-1.971	-2.681	-2.313	-2.916	-3.368	-3.772	0.091	0.349	-0.058	-0.13	0.385	0.185	0.295	-0.367	-0.943	-0.295	-0.032	0.394	-1.624	-1.801	-1.717	-1.744
"YDR047W"	-0.034	0.024	-0.4	0.081	0.583	1.001	0.225	-0.39	-0.69	-0.866	-1.482	-2.674	-1.869	-0.739	-1.361	0.244	-0.642	-1.08	-0.385	-0.283	-0.484	-0.089	0.276	-0.2055	0.128	0.086	0.177	0.212	-0.042	-0.641	0.024	-0.22	-0.509	-0.269	-1.039	-1.2	-0.376
"YDR050C"	-0.004	0.141	-0.205	-0.628	-0.897	-0.528	-0.132	0.204	-0.663	0.402	-1.84	-5.94	-1.169	-2.158	-2.14	-1.551	-0.162	-0.284	-2.206	-2.643	-3.307	-0.038	0.389	0.388	0.122	0.095	0.232	0.939	0.398	0.416	0.508	0.443	-0.131	-1.18	-1.113	-1.29	-1.449
"YDR064W"	0.17	0.244	0.086	1.04	-3.874	-3.241	-2.585	-2.577	-2.639	-2.597	-3.761	-5.03	-3.138	-2.511	-2.495	-3.65	-2.718	-2.943	-2.527	-2.531	-3.199	-0.147	0.045	-0.106	-0.36	0.137	-0.4825	-0.9055	-1.5475	-0.706	0.041	0.033	0.3425	-1.471	-1.701	-1.751	-1.635
"YDR189W"	-0.281	-0.19	-0.409	0.297	-0.905	-0.795	-0.307	-0.822	-0.735	-0.956	-1.871	-2.842	-0.61	-0.824	-1.156	-0.968	-0.693	-0.704	-1.597	-1.904	-2.063	-0.101	0.056	0.126	-0.041	0.053	0.1835	-1.001	-0.8915	-0.1585	-0.096	-0.116	-0.2675	-1.8095	-1.6005	-2.192	-1.5875
"YDR341C"	-0.079	0.103	-0.267	0.462	-3.559	-2.27	-1.485	-1.763	-1.574	-1.681	-3.212	-5.262	-2.171	-2.134	-2.218	-2.942	-1.942	-2.263	-3.262	-3.294	-3.559	0.17	0.404	0.215	0.1	0.023	0.213	-0.843	-1.313	-0.947	-0.202	-0.716	0.272	-3.202	-3.139	-2.088	-2.352
"YDR382W"	0.133	0.56	-0.108	1.067	-2.138	-2.015	-2.237	-1.342	-1.738	-1.546	-2.459	-5.686	-2.886	-2.776	-2.394	-4.02	-2.897	-2.877	-2.565	-3.137	-3.471	0.27	0.345	0.129	0.555	0.007	0.068	-0.538	-1.09	-0.385	0.251	0.292	-0.764	-2.352	-2.566	-2.43	-2.838
"YDR385W"	0.159	-0.01	-0.251	0.864	-2.252	-1.858	-1.887	-1.775	-1.783	-1.985	-3.158	-5.463	-2.3	-1.065	-2.811	-2.538	-1.431	-1.529	-1.848	-2.214	-3.65	0.107	0.424	0.035	-0.147	0.076	0.366	-1.851	-1.998	-1.198	-0.402	-0.816	-0.95	-3.868	-3.422	-2.877	-2.375
"YDR418W"	0.362	0.291	0.296	1.134	-3.707	-3.13	-2.7	-2.237	-2.192	-2.976	-3.074	-5.866	-3.181	-2.797	-2.605	-4.449	-2.792	-2.82	-2.866	-3.091	-4.066	0.232	0.34	0.21	0.253	0.211	-0.151	-0.432	-1.737	-0.432	0.586	-0.082	0.712	-0.929	-0.306	-1.636	-2.038
"YDR447C"	0.115	0.389	0.034	0.931	-4.882	-3.934	-3.531	-3.26	-2.507	-2.465	-3.659	-5.332	-3.565	-2.813	-3.129	-4.249	-2.432	-2.817	-2.53	-2.625	-3.552	0.129	-0.076	-0.139	0.176	0.458	-0.285	-1.784	-1.4305	-1.384	-0.6095	-1.196	-1.217	-2.603	-2.5185	-2.1805	-2.4665
"YEL026W"	0.207	0.385	-0.01	0.932	-3.603	-2.647	-2.87	-2.043	-2.285	-2.905	-3.458	-4.755	-3.357	-1.904	-2.271	-3.331	-2.812	-1.923	-2.288	-3.073	-0.452	0.364	0.413	-0.443	0.059	0.303	0.0495	-1.4165	-2.396	-0.2895	0.724	0.244	0.9245	-2.0995	-2.246	-2.4325	-2.435
"YEL042W"	-0.34	-0.184	0.546	0.856	-1.578	-0.84	-0.254	-0.736	-1.264	-1.261	-3.201	-4.334	-1.439	-1.329	-1.924	-1.851	-1.705	-1.658	-1.896	-2.665	-3.071	0.183	0.072	-0.22	-0.007	-0.001	0.386	0.7305	-0.1255	0.7655	0.773	0.8305	0.72	-1.178	-1.2935	-1.0805	-0.93
"YEL054C"	0.02	0.547	-0.226	1.075	-3.654	-2.711	-2.761	-1.871	-1.511	-2.981	-2.98	-7.056	-3.52	-3.003	-2.232	-3.347	-2.777	-2.579	-2.504	-3.005	-3.554	0.343	0.353	0.166	0.091	0.346	0.1225	-1.1445	-1.233	-0.255	0.232	0.201	-0.034	-1.149	-1.204	-1.1925	-1.677
"YER009W"	0.477	-0.108	0.351	0.524	-1.519	-0.518	-0.602	-0.827	-1.398	-0.688	-2.671	-4.765	-1.222	-2.143	-1.906	-1.108	-1.407	-1.465	-2.034	-2.393	-2.025	0.352	0.279	0.074	-0.029	0.325	-0.173	0.094	-0.1445	-0.1945	0.186	0.074	-0.09	-0.657	-0.3295	-0.589	-0.565
"YER031C"	0.117	0.113	0.269	0.623	-0.898	-1.016	-0.637	-1.025	-1.399	-1.638	-1.835	-4.144	-0.627	-1.251	-1.502	-0.742	-0.58	-0.58	-0.886	-1.885	-1.955	0.424	0.598	-0.096	-0.006	0.285	-0.367	-0.496	-0.987	-0.074	-0.376	-0.226	-0.149	-0.998	-1.07	-1.746	-1.709
"YER086W"	0.262	0.102	0.498	0.82	-3.714	-1.791	-1.128	-1.076	-1.236	-1.424	-3.61	-5.173	-2.152	-2.311	-2.028	-2.719	-1.847	-1.837	-2.624	-2.882	-3.77	-0.04	0.228	-0.12	0.09	0.098	-0.133	NaN	-0.832	1.104	0.761	-0.102	0.869	1.308	1.305	1.88	0.996
"YER102W"	0.682	0.447	0.351	1.107	-3.932	-3.965	-3.177	-2.924	-2.3	-2.578	-3.64	-6.434	-3.625	-3.37	-3.204	-4.286	-2.613	-2.593	-2.579	-3.326	-3.859	0.492	0.606	-0.113	0.299	0.334	0.011	-0.333	-0.956	-0.432	0.075	0.153	0.803	-1.578	-0.828	-1.748	-1.074
"YER131W"	0.428	0.505	0.237	1.25	-2.813	-3.262	-2.7	-2.3	-1.895	-2.47	-3.664	-6.55	-2.795	-2.905	0.589	-4.139	-2.2	-2.498	-2.105	-2.654	-3.304	0.133	0.389	0.158	0.487	0.281	0.0585	-0.875	-0.727	-0.149	0.031	0.61	-0.2355	-0.529	-1.138	-1.3455	-0.9915
"YFR028C"	-0.558	0.041	-0.191	0.282	-1.14	-1.025	-0.58	-0.627	-1.456	-0.875	-2.027	-4.271	-1.222	-1.037	-1.293	-1.141	-1.142	-1.447	-1.092	-1.864	-1.575	-0.152	0.002	-0.144	0.191	0.047	0.1	-0.552	-0.221	-0.7755	-0.544	0.1205	0.536	-0.5045	-1.319	-1.38	-0.713
"YGL022W"	-0.21	-0.014	0.541	0.309	-0.918	-0.544	-0.135	-0.631	-1.034	-0.622	-3.396	-4.268	-0.993	-1.595	-1.742	-1.268	-0.687	-0.699	-1.211	-1.242	-2.176	-0.03	0.113	0.129	0.414	-0.219	0.27	0.266	0.026	-0.679	0.812	0.093	0.004	-0.986	-0.855	-1.086	-1.654
"YGL030W"	0.112	0.358	-0.047	1.037	-3.613	-2.888	-2.582	-1.861	-2.363	-2.008	-3.668	-5.484	-2.751	-2.6	-2.361	-3.284	-2.592	-2.534	-1.668	-2.044	-3.011	0.019	-0.093	-0.268	-0.101	-0.008	-0.534	-0.7535	-0.303	-1.2545	-0.66	0.073	0.189	-1.7925	-2.2635	-2.1535	-1.241
"YGL031C"	0.578	0.339	0.204	1.003	-3.366	-4.285	-3.732	-2.9	-1.846	-3.104	-3.683	-5.763	-2.881	-3.063	-2.704	-5.191	-2.475	-2.899	-2.92	-3.061	-3.473	0.373	0.589	0.23	0.114	0.194	0.142	-1.032	-1.701	-1.288	-1.186	0.277	-0.245	-1.623	-2.49	-1.421	-1.852
"YGL123W"	0.776	0.321	0.481	1.189	-3.781	-3.757	-3.726	-3.265	-2.802	-3.62	-4.004	-5.982	-3.654	-3.701	-3.959	-3.511	-2.414	-2.278	-2.388	-2.65	-3.558	0.508	0.658	0.225	0.027	0.274	0.216	-1.237	-1.047	-1.516	-0.393	-0.402	-0.378	-1.262	-1.944	-2.333	-2.058
"YGL202W"	0.258	0.178	0.073	0.211	-0.928	-0.343	-0.79	-0.668	-1.935	-1.435	-3.334	-4.405	-1.938	-2.233	-1.883	-1.756	-1.963	-2.379	-2.119	-2.237	-2.614	0.286	0.338	0.218	0.433	-0.072	0.223	0.534	0.64	-0.269	0.365	0.493	-0.352	-0.517	-0.726	-1.362	0.066
"YGL221C"	0.319	-0.153	0.246	0.019	-0.697	-0.693	-0.879	-1.086	-0.86	-1.381	-2.49	-4.397	-0.752	-0.726	-1.48	0.139	-0.315	-0.299	-0.541	-0.978	-1.051	0.252	0.238	0.377	0.052	0.241	0.149	-0.018	-0.072	-0.593	0.42	-0.491	-0.97	-0.478	-0.965	-1.426	-1.359
"YGL253W"	0.56	0.202	0.376	0.266	-1.633	-2.041	-1.811	-2.185	-1.924	-0.458	-2.17	-4.666	-0.279	-0.793	-0.699	-0.799	-0.348	-0.677	-1.66	-1.811	-2.803	0.808	0.5	-0.003	0.038	0.264	0.172	0.065	-0.708	-0.702	-0.001	-0.208	0.299	-0.5	-1.217	-1.627	-0.661
"YGR103W"	0.217	0.347	0.254	1.223	-4.825	-3.051	-3.013	-2.66	-2.148	-2.349	-1.948	-5.518	-2.402	-2.149	-1.634	-4.861	-2.918	-2.95	-2.768	-3.578	-3.882	-0.079	0.228	-0.172	0.129	-0.084	0.129	-1.469	-2.261	-1.121	-0.132	0.044	-0.65	-2.206	-3.181	-3.975	-2.5
"YGR118W"	0.373	0.419	0.184	0.996	-2.621	-2.692	-2.681	-2.455	-2.097	-1.993	-2.204	-5.471	-2.209	-2.183	-2.326	-3.851	-1.997	-2.117	-1.76	-2.214	-3.141	0.227	0.378	-0.005	0.229	0.3825	-0.026	-1.2615	-1.5	-1.282	-0.711	-0.318	-0.5525	-1.282	-1.9475	-2.0795	-1.421
"YGR148C"	0.284	0.259	0.132	0.933	-3.45	-3.596	-3.464	-3.033	-2.31	-2.615	-3.884	-5.757	-3.011	-2.956	-2.722	-5.063	-2.508	-2.896	-3.022	-3.649	-4.092	-0.096	0.636	0.411	0.022	0.25	0.117	-1.0135	-1.5625	-0.8635	-0.312	-0.2035	-0.018	-1.5835	-1.8265	-1.6245	-1.9535
"YGR185C"	0.036	0.261	-0.077	0.336	-3.192	-1.697	-1.695	-1.31	-2.13	-2.168	-5.306	-6.361	-1.736	-2.6	-2.266	-2.754	-2.531	-2.944	-4.576	-4.871	-5.006	0.116	0.147	0.193	0.181	0.0675	0.247	0.225	-0.298	0.253	0.355	0.298	0.325	-0.527	0.237	-0.735	-1.672
"YGR234W"	-0.177	0.62	-1.476	1.17	-2.039	2.015	1.269	0.337	-2.175	-2.037	-3.567	-3.847	-0.67	-1.031	-1.788	-1.598	-2.118	-3.518	-3.826	-4.345	-4.526	-1.373	-0.995	0.188	-0.767	0.328	0.153	-0.864	-0.927	0.413	0.221	-0.744	-0.878	-1.861	-2.596	-1.859	-2.417
"YGR254W"	0.391	0.12	0.2625	-0.498	-1.0495	-1.421	-0.347	0.159	0.003	-0.2375	-3.348	-5.012	-0.4965	-1.4645	-0.919	-0.438	1.749	1.81	-1.0355	-1.285	-3.4445	-0.0505	0.4105	-0.0925	-0.006	0.24	0.1695	-0.2415	0.0015	-0.0955	0.1965	0.4085	0.076	-0.383	-1.5105	-1.577	-1.0615
"YGR285C"	0.366	0.061	0.243	0.578	-3.959	-2.444	-2.267	-1.794	-1.645	-1.67	-4.078	-6.1	-1.332	-1.877	-1.393	-3.556	-2.557	-2.811	-3.452	-4.07	-4.065	-0.129	0.323	0.045	0.15	-0.0025	0.188	-0.168	-0.605	-0.935	0.938	0.184	-1.152	-1.194	-0.848	-1.568	-1.913
"YHL033C"	0.208	0.416	0.086	1.093	-3.758	-2.864	-2.635	-1.944	-1.277	-2.205	-3.984	-6.65	-3.153	-3.005	-2.318	-4.25	-2.808	-2.523	-2.601	-2.923	-4.209	0.38	0.429	0.082	0.08	-0.0885	0.265	-1.062	-1.605	-0.45	0.578	0.561	0.272	-1.576	-1.998	-1.936	-2.273
"YHR019C"	0.221	0.039	0.253	0.762	-2.949	-1.631	-1.096	-1.467	-1.831	-2.048	-4.051	-5.077	-2.825	-2.664	-2.76	-2.07	-2.109	-2.06	-3.117	-3.721	-4.387	0.063	0.217	0.227	0.071	0.0315	0.257	-0.536	-0.817	-0.477	-0.915	-0.29	0.257	-0.934	0.45	-1.862	-2.063
"YHR128W"	0.472	-0.008	-0.111	0.683	-4.359	-3.335	-2.68	-3.111	-3.159	-3.742	-4.967	-6.006	-3.988	-3.361	-3.012	-2.2	-3.051	-3.482	-3.191	-3.494	-3.516	0.616	0.627	-0.856	0.062	0.0725	0.141	-1.861	-2.441	-0.851	-0.157	-0.65	-0.986	-2.944	-3.448	-3.711	-4.039
"YHR203C"	0.232	0.133	0.191	0.884	-3.926	-2.827	-3.148	-2.671	-2.372	-2.895	-3.782	-5.944	-3.774	-3.412	-3.049	-4.669	-2.437	-2.591	-2.575	-3.081	-3.941	-0.052	0.112	0.137	0.264	0.204	0.138	-2.054	-2.535	-1.071	-1.174	-0.664	-0.071	-2.602	-2.385	-1.792	-2.356
"YHR216W"	-0.34	0.405	-0.6	0.816	-2.62	-2.056	-2.143	-1.201	-1.128	-2.045	-3.15	-4.943	-2.914	-3.038	-2.589	-2.554	-2.088	-2.767	-2.237	-2.621	-2.913	-0.372	-0.023	0.334	0.163	0.1095	0.132	-0.953	-1.362	-0.368	-0.423	0.084	-1.88	-2.531	-3.136	-3.571	-3.232
"YIL018W"	0.182	0.234	-0.197	1.056	-4.365	-3.03	-2.782	-2.724	-2.488	-2.78	-3.492	-5.749	-3.505	-3.056	-3.151	-3.907	-2.218	-2.606	-2.661	-3.27	-3.914	0.226	0.094	-0.056	-0.233	0.074	0.152	-2.249	-2.277	-1.233	-0.51	-1.022	-0.855	-1.447	-2.534	-1.992	-2.409
"YIL075C"	-0.003	NaN	-0.062	NaN	-0.621	-1.138	NaN	1.0	1.222	NaN	4.0	NaN	NaN	NaN	2.263	NaN	NaN	0.554	-1.379	NaN	NaN	-0.049	0.225	0.149	NaN	0.382	0.169	0.213	0.174	0.081	-0.836	-0.485	0.001	0.394	-0.245	-1.812	0.405
"YIL078W"	0.382	0.067	0.174	0.648	-2.907	-2.075	-2.018	-2.219	-2.498	-1.911	-5.192	-6.059	-2.288	-2.5	-2.462	-3.786	-2.436	-3.226	-4.41	-4.902	-4.944	-0.011	0.168	0.262	0.141	0.1345	0.351	-1.824	-1.608	0.047	-0.609	-0.992	0.201	-2.063	-2.818	-3.662	-2.433
"YIL103W"	-0.159	0.13	0.431	0.553	-1.36	-0.912	-0.362	-0.878	-0.817	-0.795	-1.284	-2.625	-1.992	-0.902	-1.036	-0.074	-0.715	-0.829	-0.642	-1.033	-0.663	0.138	0.162	-0.083	0.125	-0.094	0.328	NaN	0.438	-0.004	-1.336	-0.034	0.049	1.056	-0.109	-1.15	0.607
"YIL146C"	-0.978	-0.013	-0.557	-0.123	2.334	2.196	2.111	2.234	2.539	2.94	3.637	2.194	0.997	1.658	1.857	2.306	2.177	2.693	3.595	3.491	2.947	-0.792	-0.354	-0.023	0.285	-0.3585	0.374	NaN	0.161	-1.22	-0.69	-0.289	0.998	-1.017	-3.066	-3.25	-0.625
"YJL034W"	0.403	-0.352	0.81	-1.104	-0.72	-0.584	-1.007	-0.954	-0.912	-0.388	-1.542	-3.805	-0.937	-1.051	-1.16	-1.584	-0.463	-0.554	-2.417	-3.286	-3.187	0.317	0.228	0.505	-0.285	0.516	0.509	0.526	-0.017	-0.487	-0.317	-0.286	-0.083	-0.545	-1.368	-1.585	-0.436
"YJL111W"	0.324	-0.035	0.229	0.821	-1.744	-1.717	-1.355	-1.285	-1.375	-1.323	-3.38	-6.57	-1.669	-1.796	-1.988	-1.812	-1.213	-1.305	-1.573	-1.994	-2.239	0.58	0.4	0.041	-0.16	0.1385	-0.05	-1.002	-0.563	-0.479	-0.345	-0.682	-0.055	-0.556	-1.191	-3.106	-2.358
"YJL177W"	0.339	0.311	0.236	0.893	-4.132	-3.846	-3.2	-2.981	-0.605	-2.747	-3.255	-5.49	-3.772	-3.428	-3.164	-5.074	-2.525	-2.421	-1.768	-2.278	-2.905	0.253	0.165	0.324	0.25	0.352	-0.127	-1.201	-1.068	-0.052	0.421	-0.054	-1.183	-3.497	-1.949	-1.541	-1.624
"YJL188C"	0.109	0.586	-0.106	0.709	-2.525	-2.39	-2.043	-1.864	-1.323	-1.808	-2.786	-4.633	-2.745	-2.519	-1.879	-3.453	-1.885	-1.929	-2.169	-2.54	-2.776	0.333	0.261	0.274	0.017	0.2065	0.024	-0.734	-1.724	0.008	-0.51	-0.606	-0.715	-1.485	-1.412	-1.571	-1.667
"YJL190C"	0.061	0.504	-0.144	1.126	-3.794	-3.553	-3.267	-2.958	-2.413	-3.287	-3.585	-6.079	-3.744	-3.536	-3.062	-4.469	-3.105	-3.227	-2.941	-3.365	-3.524	0.17	0.182	0.16	0.048	0.2805	0.084	-1.298	-2.517	-0.456	-1.705	-0.944	-1.193	-2.383	-2.905	-1.849	-2.584
"YJR007W"	0.354	0.083	0.069	-0.487	-2.169	-1.704	-1.629	-2.107	-1.68	-2.662	-3.21	-8.057	-1.339	-1.824	-1.91	-1.755	-1.848	-2.051	-2.909	-3.009	-3.616	0.227	0.474	-0.507	-0.054	0.099	-0.02	-1.666	-0.587	-0.661	-0.855	-0.414	0.64	-1.264	-1.182	-1.692	-1.528
"YJR047C"	0.138	0.145	0.348	0.494	-1.68	-1.561	-0.57	-0.362	-0.423	-0.619	-1.06	-3.054	-0.663	-1.522	-1.153	-0.984	-0.923	-1.015	-0.66	-1.285	-2.504	-0.035	0.208	0.158	0.091	0.263	0.079	-0.927	-1.263	-0.757	0.293	0.158	-0.303	-1.483	-1.131	-2.5	-1.709
"YJR123W"	0.296	0.235	0.23	1.081	-3.844	-3.276	-3.279	-3.375	-2.46	-3.124	-4.381	-9.147	-3.529	-3.442	-3.646	-4.282	-2.391	-2.635	-2.639	-3.543	-4.006	0.025	0.192	0.237	0.56	0.301	-0.629	-1.541	-1.531	-0.915	-1.396	-0.681	-0.807	-3.049	-3.256	-3.103	-2.851
"YJR145C"	0.373	0.282	0.239	0.963	-4.507	-3.488	-3.177	-2.731	-2.328	-2.413	-3.54	-6.528	-3.547	-3.597	-3.707	-4.857	-2.396	-2.336	-2.519	-3.105	-3.178	0.133	0.181	0.066	0.381	0.362	0.106	-1.426	-1.389	-0.738	0.043	-0.28	-1.104	-2.068	-3.796	-2.134	-1.563
"YKL056C"	0.32	0.293	0.37	1.069	-3.205	-2.603	-3.118	-2.355	-1.541	-1.771	-3.426	-5.119	-2.359	-2.371	-2.389	-2.468	-1.741	-2.281	-2.754	-3.265	-3.483	0.148	0.21	0.082	0.072	0.2585	0.125	-1.196	NaN	-0.558	-0.439	0.404	0.098	-1.025	-1.512	-1.958	-2.444
"YKL081W"	0.491	0.223	0.446	0.724	-3.858	-3.184	-2.035	-2.096	-2.542	-3.137	-4.49	-5.155	-3.157	-3.837	-3.37	-3.635	-3.222	-3.654	-2.997	-2.811	-3.497	0.332	0.33	-0.035	-0.042	0.1445	0.208	0.985	0.674	0.347	0.535	1.086	1.007	-1.257	-1.45	-1.918	-0.449
"YKR084C"	0.138	-0.055	-0.15	0.191	-0.7	-0.719	-0.518	-0.631	-0.785	-1.131	-2.455	-3.0	-0.595	-0.683	-1.442	-0.679	-0.362	-0.256	-1.177	-2.183	-1.971	0.101	0.261	0.121	0.129	0.148	0.169	-0.62	-0.413	-0.329	0.14	-0.294	0.306	-0.727	-2.022	-1.202	-0.948
"YKR094C"	0.27	0.356	0.049	0.785	-3.138	-2.914	-2.619	-2.274	-1.978	-2.41	-2.464	-4.383	-2.333	-1.972	-2.7	-2.785	-1.746	-1.839	-1.792	-2.197	-2.387	-0.077	-0.226	0.255	0.016	0.221	-0.022	-1.036	-0.123	-0.592	-0.835	-0.15	-1.478	-1.729	-1.585	-1.499	-1.398
"YLL024C"	0.219	-0.092	0.215	-0.757	-1.952	-1.737	-2.005	-2.373	-1.683	-1.16	-2.574	-5.009	-1.923	-1.621	-1.443	-1.333	-0.684	-0.85	-2.804	-3.024	-3.122	0.395	0.455	0.677	-0.119	0.369	0.372	-0.228	0.203	-0.669	-0.246	-0.601	-0.526	-1.002	-2.029	-2.266	-1.68
"YLL044W"	0.195	0.218	-0.22	1.006	-4.871	-3.525	-3.158	-2.869	-2.211	-2.963	-3.79	-6.48	-3.031	-3.269	-2.156	-3.872	-2.654	-2.736	-2.724	-3.494	-3.967	0.148	0.287	0.289	-0.086	0.136	0.202	-1.636	-2.146	-0.987	-0.207	0.1	-0.054	-1.393	-0.803	-2.295	-1.53
"YLR060W"	0.071	-0.153	0.189	0.566	-3.165	-2.617	-2.047	-2.296	-2.499	-2.849	-4.941	-5.967	-1.988	-2.672	-2.566	-2.773	-2.397	-2.667	-3.118	-3.713	-4.371	-0.279	0.18	0.185	-0.212	0.076	0.239	-0.587	-0.017	-0.706	0.076	0.458	-0.211	-1.509	-1.777	-2.894	-1.071
"YLR061W"	-0.03	0.31	-0.041	0.696	-4.925	-4.297	-4.115	-3.603	-2.908	-3.127	-4.939	-6.591	-3.818	-3.021	-3.058	-4.326	-2.433	-2.88	-3.309	-3.833	-3.91	0.091	-0.108	0.189	0.078	0.465	0.031	-1.112	-1.222	-1.135	-0.26	-0.623	-0.26	-2.029	-1.564	-1.508	-2.199
"YLR153C"	0.1	-0.183	0.075	0.01	-1.873	0.159	0.55	-0.454	-0.867	-1.497	-4.481	-5.598	-1.394	-0.269	-0.671	-0.79	-1.29	-2.312	-3.578	-3.672	-3.394	-0.237	-0.316	0.092	-0.102	-0.215	0.258	-1.699	-0.996	0.074	-0.09	-0.076	-0.877	-1.629	-1.677	-2.655	-1.529
"YLR293C"	0.628	0.148	0.215	1.013	-3.594	-2.185	-2.087	-2.565	-2.207	-2.675	-3.488	-6.281	-1.751	-2.233	-2.661	-2.473	-1.45	-2.158	-2.379	-3.03	-3.186	0.639	0.515	-0.569	0.078	0.168	0.092	-0.834	-0.532	-0.253	0.288	-0.548	-0.096	-0.906	-1.028	-2.758	-1.731
"YLR339C"	0.396	0.259	-0.036	0.586	-3.243	-2.951	-2.69	-2.664	-3.285	-3.76	-4.988	-6.865	-3.194	-3.201	-2.938	-3.117	-2.647	-2.474	-2.461	-3.161	-3.973	0.476	0.498	0.342	-0.052	0.014	0.106	-0.994	-1.313	-0.004	0.885	0.382	-0.563	-2.892	-3.282	-1.044	-1.546
"YLR372W"	-0.556	0.25	0.346	0.965	-4.565	-3.104	-2.096	-2.432	-2.818	-3.001	-2.731	-4.512	-2.683	-2.643	2.656	-4.078	-2.838	-3.773	-2.844	-3.456	-3.544	-0.576	-0.341	0.024	-0.081	-0.066	0.133	-1.553	-1.72	-0.17	-0.948	-1.215	-0.412	-1.704	-2.496	-2.15	-3.309
"YLR378C"	-0.378	0.203	0.34	0.371	-1.053	-0.553	-0.434	-0.693	-0.989	-0.854	-1.61	-4.082	1.454	-1.361	-0.607	-0.505	-1.096	-1.191	-1.013	-1.826	-1.68	-0.515	-0.068	0.04	0.146	0.059	0.122	0.033	-0.315	0.789	0.163	-0.665	-0.642	0.331	-0.749	-1.531	0.526
"YLR388W"	0.231	0.456	0.077	0.956	-3.12	-2.544	-2.264	-1.926	-1.98	-1.738	-3.596	-5.506	-3.058	-2.742	-2.362	-4.025	-2.671	-2.555	-2.232	-2.581	-3.193	-0.053	0.353	0.512	0.202	0.371	0.076	-0.62	-1.207	-0.63	-0.189	0.154	-0.571	-1.367	-1.571	-0.76	-2.105
"YLR432W"	-0.079	0.166	-0.304	0.793	-2.58	-2.16	-2.424	-1.536	-1.818	-2.129	-3.532	-5.65	-2.49	-3.15	-3.001	-2.585	-1.997	-2.641	-1.934	-2.482	-3.034	-0.356	-0.068	0.278	0.228	0.104	0.244	-0.673	-1.106	0.181	0.635	-0.744	-1.039	-1.213	1.592	-2.184	-1.779
"YML056C"	NaN	0.378	NaN	1.131	-3.967	-3.497	-3.275	-3.12	-2.921	-3.786	-2.698	-5.251	-3.63	-2.67	-3.28	-2.774	-2.437	-2.674	-1.337	-2.566	-2.751	NaN	NaN	0.079	-0.123	0.221	0.38	-1.982	-2.557	-0.866	-0.398	-0.401	-0.834	-3.685	-2.885	-5.009	-3.48
"YML085C"	NaN	-0.118	NaN	0.386	-0.129	-1.29	-0.837	-0.889	-2.478	-1.372	-3.379	-4.526	-1.049	-2.04	-2.802	-0.121	-1.408	-1.564	-1.907	-2.298	-2.55	NaN	NaN	-0.143	0.135	0.027	0.26	-0.083	0.342	0.238	0.439	-0.185	-0.161	-0.834	-1.069	-1.348	-0.834
"YML106W"	0.041	0.425	0.148	0.733	-1.425	-0.881	-0.346	-0.774	-0.903	-0.968	-2.297	-3.649	-1.809	-2.071	-1.349	-1.366	-1.501	-1.583	-1.423	-1.467	-1.771	0.207	0.379	0.365	0.268	-0.024	0.074	0.261	0.583	0.39	-0.871	-0.391	-0.128	0.836	-0.249	-0.826	-1.122
"YMR033W"	NaN	0.058	NaN	0.628	-0.915	-1.816	-1.259	-1.084	-1.434	-1.22	-3.063	-4.454	-1.054	-1.514	-1.984	-1.647	-1.244	-1.469	-1.745	-1.826	-1.988	NaN	NaN	-0.036	-0.266	0.071	0.141	-0.946	-0.539	-1.027	-0.734	-0.014	-0.192	-1.206	-2.133	-1.291	-0.603
"YMR116C"	NaN	0.264	NaN	1.056	-3.012	-3.687	-4.292	-3.142	-3.089	-3.798	-4.551	-6.865	-3.905	-3.535	-3.312	-3.586	-2.851	-2.888	-2.906	-3.561	-4.003	NaN	NaN	0.314	-0.542	0.293	0.168	-1.988	-2.236	-0.788	-0.445	-0.966	-0.964	-2.439	-2.61	-3.117	-3.646
"YMR217W"	0.26	0.074	0.042	1.301	-5.293	-3.056	-3.049	-2.634	-2.518	-3.785	-4.735	-5.29	-2.869	-2.622	-2.591	-4.287	-3.341	-4.118	-3.713	-4.205	-4.469	0.017	0.07	-0.26	0.291	-0.132	0.2045	-1.192	-1.984	-0.475	-0.756	0.157	-0.65	-2.69	-3.536	-4.109	-2.568
"YMR243C"	-0.252	0.119	0.284	0.706	-0.874	-0.766	-0.628	-0.741	-1.071	-0.98	-1.258	-3.059	-1.149	-1.055	-1.29	NaN	NaN	-0.879	NaN	1.807	3.7	0.071	0.175	-0.1	0.334	-0.019	0.1755	-1.825	-1.488	-0.45	-0.612	-0.694	-0.509	-1.715	-2.508	-3.173	-1.88
"YMR260C"	0.322	0.272	-0.176	0.604	-3.404	-2.168	-2.559	-2.501	-2.112	-2.098	-2.549	-5.138	-2.22	-2.366	-2.167	-3.636	-1.968	-2.005	-1.338	-1.729	-2.229	0.025	0.284	0.223	0.124	0.323	0.1505	-0.256	-0.788	-0.629	0.459	-0.321	0.787	-1.095	-1.583	-1.368	-2.287
"YMR321C"	0.321	-0.008	0.106	0.793	-2.201	-2.459	-2.58	-2.138	-2.55	-2.298	-3.288	-3.811	-2.309	-2.22	-2.53	-2.252	-1.913	-2.8	-2.409	-2.567	-2.424	-0.094	0.282	0.108	-0.034	0.126	0.0335	-0.768	-0.863	-0.714	-0.825	-0.817	-1.245	-1.573	-1.614	-1.827	-1.736
"YNL009W"	-0.526	0.084	-0.524	-0.864	2.337	2.658	3.346	3.36	3.931	2.976	3.672	5.794	1.965	2.771	2.567	2.794	2.625	2.456	4.699	4.803	3.897	-0.523	-0.296	0.506	-0.046	-0.017	0.1525	NaN	0.434	-0.031	-0.163	0.527	0.193	1.164	0.856	-0.491	-2.089
"YNL044W"	-0.225	-0.0305	0.664	-0.349	-1.13	-0.394	0.5615	-0.894	0.356	-0.764	-3.124	-3.0545	-0.711	-1.731	-2.073	-0.9725	-1.661	-1.854	-1.698	-1.6715	-1.887	0.183	0.038	0.112	-0.1165	0.1	0.0155	-0.911	-1.042	-0.241	-0.5	-0.736	0.005	-1.255	-1.857	-0.94	-1.665
"YNL096C"	0.113	0.286	0.106	0.741	-4.113	-3.765	-3.642	-3.235	-2.81	-3.616	-4.038	-6.106	-3.045	-2.761	-3.165	-4.716	-2.776	-3.041	-3.644	-4.096	-4.68	-0.345	0.09	-0.248	-0.057	0.169	0.112	-2.047	-2.268	-1.387	-0.311	-0.38	-0.205	-1.519	-1.923	-2.607	-2.629
"YNL119W"	0.09	0.18	0.012	0.844	-6.697	-3.692	-2.694	-2.909	-2.2	-3.337	-5.354	-6.231	-3.366	-2.99	-2.998	-3.55	-1.955	-2.206	-2.822	-2.843	-3.318	-0.186	-0.123	-0.107	-0.324	0.044	0.129	-1.323	-1.879	-1.282	-0.452	-0.251	-0.474	-2.251	-2.147	-1.014	-2.961
"YNL123W"	0.285	-0.028	0.171	0.377	NaN	-3.908	-2.249	-3.75	-2.231	-2.448	-4.576	-4.562	-2.304	-3.944	-3.836	-2.133	-1.355	-1.381	-2.896	-2.858	1.907	0.009	0.049	-0.056	0.205	0.25	0.0785	-1.191	-0.856	-0.384	-0.478	0.301	0.115	-0.127	-0.843	-1.598	-0.989
"YNR043W"	0.362	-0.048	0.245	0.7105	-3.5005	-1.8155	-1.672	-1.574	-1.86	-2.628	-2.934	-5.1565	-1.9175	-1.949	-1.8335	-1.36	-2.078	-2.382	-2.655	-3.803	-3.856	0.156	0.186	-0.385	-0.264	0.057	0.113	-1.115	-1.046	-0.437	-0.122	-0.074	-1.019	-1.298	-1.206	-2.355	-1.211
"YOR312C"	-0.064	0.363	-0.189	0.9475	-3.8645	-3.381	-2.919	-2.263	-2.227	-2.2895	-3.3005	-4.8175	-3.177	-3.0	-2.5975	-4.638	-2.511	-2.402	-2.039	-1.569	-3.224	-0.28	-0.041	0.442	0.298	0.097	-0.008	-1.378	-1.235	-0.939	-0.233	-0.211	0.493	-0.856	-1.325	-1.405	-1.228
"YOR361C"	0.047	-0.069	-0.044	0.819333333333333	-1.94833333333333	-1.73166666666667	-1.46466666666667	-1.54333333333333	-1.84133333333333	-2.513	-2.869	-2.21	-0.816666666666667	-0.941666666666667	-2.198	-2.3735	-2.3155	-1.899	-2.266	-1.977	-2.109	0.005	0.138	-0.9775	0.099	0.012	0.242	-2.093	-1.827	-0.384	-0.708	-0.104	-0.851	-2.3	-3.5	-3.08	-2.631
"YOR369C"	0.42	0.43	-0.015	0.9225	-3.6225	-4.255	-3.641	-2.7865	-2.805	-3.7395	-3.724	-6.5475	-3.6415	-3.752	-3.809	-3.998	-2.858	-2.986	-2.456	-2.662	-3.502	0.228	0.301	-0.26	0.217	0.27	-0.123	-1.606	-1.677	-1.911	-0.614	-0.159	-0.92	-2.94	-2.802	-2.046	-2.533
"YPL104W"	-0.122	-0.142	0.026	-0.2865	0.457	-0.331	1.168	-1.6165	-3.819	0.937	-1.9905	-4.469	0.197	-0.362	-0.8125	1.178	-0.013	0.412	-1.199	-1.024	-1.499	NaN	-0.051	0.037	0.1	0.084	-0.008	-0.454	-0.503	0.691	0.516	0.07	0.379	1.192	-1.218	-1.015	-0.369
"YPL106C"	0.083	-0.081	0.496	-0.631	-1.99	-2.22	-1.448	-2.534	-2.197	-1.434	-2.219	-4.546	-0.874	-1.2915	-1.5195	-1.001	-0.731	-0.572	-3.281	-3.825	-4.33	-0.052	0.231	0.248	-0.432	0.208	0.162	-0.15	-0.814	0.354	-0.143	-0.268	-0.397	-0.17	-1.053	-1.598	-0.95
"YPL117C"	NaN	0.015	0.021	0.3145	-1.766	-0.954	-1.2025	-0.6955	-0.409	-0.9875	-1.2295	-3.918	-1.808	-1.164	-1.3845	-1.112	-0.468	-0.382	-0.054	-1.244	-1.431	-0.562	0.089	0.277	-0.429	0.355	0.187	-0.5	-0.504	-0.623	0.138	-0.355	0.311	-0.974	-1.176	-1.212	-1.315
"YPL142C"	0.129	0.5615	0.101	1.009	-3.1395	-2.973	-2.7515	-2.2525	-1.78	-1.891	-3.5865	-5.604	-3.3035	-2.8235	-2.16	-4.155	-2.303	-2.376	-2.148	-2.632	-2.979	-0.275	0.263	0.447	0.2	0.304	0.142	-1.636	-1.81	-1.505	-0.79	-0.055	-0.643	-0.994	-1.113	-1.618	-1.262
"YPL220W"	0.5	0.514	0.344	1.2	-3.389	-2.4215	-2.18	-2.214	-2.1715	-2.2495	-3.187	-6.1465	-3.442	-3.3935	-2.852	-3.51	-2.548	-2.639	-2.247	-2.571	-3.926	0.224	0.401	-0.03	0.081	0.236	0.216	-1.52	-2.098	-1.447	-0.152	-0.89	-0.974	-3.296	-3.677	-3.418	-3.8
"YPL273W"	0.317	0.116666666666667	0.076	0.938	-3.42133333333333	-2.60833333333333	-2.705	-2.59566666666667	-2.792	-2.96466666666667	-3.722	-5.69966666666667	-2.86466666666667	-2.69266666666667	-2.72566666666667	-2.8035	-2.4545	-3.2755	-2.794	-3.21	-3.3575	-0.3	0.074	0.2515	0.0235	0.168	0.282	-1.203	-0.72	-1.827	-1.458	-1.132	-1.251	-2.243	-2.057	-2.266	-3.347
"YPR033C"	0.239	-0.0965	0.059	0.5805	-2.7945	-1.8465	-1.291	-1.908	-2.534	-2.142	-4.8805	-7.94	-2.0735	-2.759	-2.6225	-2.203	-2.096	-2.55	-3.951	-4.382	-4.54	-0.259	0.056	0.312	0.015	0.242	0.327	-0.439	-0.824	0.068	-0.055	-0.012	-0.178	-0.963	-1.969	-1.134	-0.907
"YPR080W"	0.276	0.188	0.319	0.92	-2.0535	-1.906	-1.6575	-1.6075	-1.771	-2.584	-2.848	-5.6305	-2.144	-2.5835	-2.8585	-2.241	-1.197	-1.321	-1.689	-2.389	-3.139	0.213	0.181	-0.599	-0.11	0.408	0.212	-0.939	-0.649	0.306	0.288	0.009	-0.027	-1.021	-1.354	-1.489	-1.371
"YPR102C"	0.271	0.317	0.105	1.1555	-3.521	-3.2315	-3.2945	-3.3515	-2.7315	-2.6455	-4.045	-6.451	-4.118	-3.673	-3.277	-4.644	-2.723	-3.232	-3.352	-3.749	-4.692	0.323	0.506	0.389	0.219	0.435	0.117	-1.662	-2.56	-1.423	-1.743	-0.954	-1.278	-2.829	-3.252	-2.919	-2.66
"YPR118W"	0.418	0.0075	0.161	0.756	-2.848	-3.0	-2.0775	-2.4945	-2.706	-3.095	-3.9965	-5.524	-2.5375	-2.305	-2.577	-1.735	-2.594	-2.077	-2.882	-3.334	-3.538	0.233	0.757	-0.104	0.036	-0.027	0.177	-1.399	-0.745	-1.058	-0.639	-1.022	-1.807	-1.864	-3.694	-1.609	-2.679
"YPR119W"	-2.336	-0.007	1.106	0.39	-2.692	-2.3105	-1.0915	-1.6945	-4.2055	-1.976	-4.6155	-4.3695	-0.8395	-2.3625	-2.5025	-2.424	-2.207	-4.062	-3.433	-3.885	-3.308	1.678	1.553	-0.372	0.153	-0.096	0.084	-1.561	-1.438	-1.352	-0.457	-0.755	-0.731	-1.72	-2.787	-3.062	-2.607
"YPR130C"	-0.276	-0.1085	0.131	0.2575	-1.0855	-1.179	-1.1085	-1.479	-1.1655	-0.95	-2.0245	-6.9395	-1.0895	-0.99	-1.0095	-0.602	-0.791	-1.108	-0.901	-1.113	-0.585	-0.07	0.249	-0.108	-0.21	-0.031	0.141	-0.384	-0.127	-0.25	0.16	-0.021	0.156	-1.735	-1.703	-0.545	-1.892
"YPR132W"	0.123	0.472	-0.069	0.901	-2.849	-3.586	-3.351	-1.806	-2.6445	-2.672	-3.1925	-5.805	-3.048	-2.967	-2.8485	-3.788	-2.214	-2.292	-1.968	-2.388	-3.151	-0.136	0.218	-0.208	0.125	0.215	0.031	-1.908	-1.788	-1.349	-0.822	-0.9	-0.475	-2.308	-3.922	-1.826	-2.438
"YPR163C"	-0.136	0.2055	-0.015	1.063	-3.6815	-2.265	-2.266	-1.717	-1.8375	-0.93	-2.9485	-5.4905	-2.469	-2.6395	-2.0525	-3.136	-2.05	-2.325	-2.642	-2.895	-2.82	-0.233	0.119	0.274	-0.06	-0.192	0.195	-1.346	-2.361	-1.122	0.159	-0.212	-0.525	-1.833	-2.167	-2.195	-2.771
