	"809.DBY7286 37degree heat - 20 min"	"860.YPD_3_d_30C"	"861.YPD_5_d_30C"	"944.starv_in_H2O_4_h_30C"	"1014.YPD 2 d (25C)"	"1016.YPD 5 d (25C)"	"1017.YPD 7 d (25C)"	"1018.YPD 13 d (25C)"	"6361.DBYyap1- 37degree heat - 20 min (redo)"
"YAR002W"	-0.123	-1.515	-2.289	-0.884	-1.1825	-1.493	-1.9265	-1.5805	-0.396
"YBL057C"	-0.137	-2.031	-2.661	-1.034	-0.8965	-1.502	-1.552	-2.088	-0.185
"YCR002C"	-0.011	-3.669	-5.182	-0.658	-1.1235	-2.564	-2.9535	-2.7005	-0.222
"YCR044C"	0.173	-1.836	-2.699	-0.595	-0.846	-1.0725	-1.5355	-1.758	-0.08
"YCR090C"	-0.26	-2.154	-3.547	-0.587	-0.809	-1.35	-1.5355	-1.325	-0.242
"YDL164C"	-0.666	-2.07	-2.932	-0.654	-0.848	-1.104	-1.04	-1.585	-0.5
"YDR189W"	-0.058	-1.871	-2.842	-0.824	-0.693	-1.597	-1.904	-2.063	-0.191
"YDR233C"	-0.166	-2.587	-3.48	-1.566	-0.467	-2.047	-2.27	-2.451	-0.444
"YDR417C"	-1.469	-4.279	-5.062	-2.864	-2.573	-2.861	-3.022	-3.606	-1.829
"YDR531W"	0.036	-1.84	-3.125	-0.902	-0.922	-1.187	-2.081	-1.441	-0.157
"YER043C"	-0.957	-4.78	-6.476	-3.096	-3.174	-3.31	-4.857	-4.918	-1.272
"YER0561C"	-1.445	-2.974	-4.828	-2.713	-2.275	-2.398	-2.784	-3.617	-1.51
"YER063W"	0.096	-1.329	-2.983	-0.639	-0.206	-0.265	-0.822	-0.984	-0.176
"YER086W"	-1.383	-3.61	-5.173	-2.311	-1.847	-2.624	-2.882	-3.77	-1.645
"YER102W"	-1.667	-3.64	-6.434	-3.37	-2.613	-2.579	-3.326	-3.859	-2.051
"YFR025C"	0.28	-2.373	-3.739	-0.725	-0.627	-0.188	-1.235	-1.39	0.075
"YGL026C"	-0.44	-3.132	-4.669	-1.626	-0.678	-1.868	-2.181	-2.636	-0.755
"YGL157W"	0.56	-3.578	-6.107	-1.999	-2.738	-2.488	-2.817	-3.666	0.195
"YGL200C"	-0.498	-2.687	-3.963	-1.374	-0.813	-1.049	-1.435	-1.681	-0.801
"YGL221C"	0.294	-2.49	-4.397	-0.726	-0.315	-0.541	-0.978	-1.051	0.071
"YGL231C"	0.056	-1.893	-3.788	-0.85	-0.361	-1.455	-1.7	-1.822	-0.331
"YGL245W"	-0.682	-4.799	-6.655	-1.699	-1.589	-3.552	-4.345	-4.779	-0.768
"YGR001C"	-0.295	-2.12	-3.271	-0.824	-0.879	-1.426	-1.682	-2.24	-0.449
"YGR037C"	-0.283	-3.63	-4.976	-1.298	-1.612	-1.964	-2.717	-2.416	-0.59
"YGR185C"	-0.5725	-5.306	-6.361	-2.6	-2.531	-4.576	-4.871	-5.006	-0.9955
"YGR195W"	-0.084	-2.179	-3.999	-0.971	-0.914	-1.872	-1.878	-1.911	-0.32
"YGR261C"	-0.0195	-2.682	-3.233	-1.189	-1.125	-1.657	-2.505	-2.45	-0.168
"YHL003C"	-0.2855	-2.186	-3.084	-1.135	-0.886	-1.585	-1.707	-1.741	-0.527
"YHR019C"	-1.5475	-4.051	-5.077	-2.664	-2.109	-3.117	-3.721	-4.387	-1.678
"YHR068W"	-1.23	-4.28	-6.532	-2.526	-1.927	-2.724	-3.669	-3.425	-1.4595
"YHR203C"	-1.815	-3.782	-5.944	-3.412	-2.437	-2.575	-3.081	-3.941	-1.9665
"YIL044C"	-0.0955	-1.784	-2.248	-0.621	-0.49	-1.033	-1.385	-1.612	-0.204
"YIL078W"	-1.347	-5.192	-6.059	-2.5	-2.436	-4.41	-4.902	-4.944	-1.422
"YIR010W"	0.018	-1.35	-1.764	-0.346	0.145	-0.017	-0.658	-1.146	-0.1765
"YJL073W"	0.0336666666666667	-1.884	-3.2645	-1.004	-0.8755	-1.2855	-1.7505	-1.523	-0.154
"YJL145W"	-0.8655	-2.136	-3.628	-1.336	-1.678	-2.303	-2.334	-2.853	-1.0165
"YJR001W"	-0.143	-2.83	-3.551	-1.103	-0.567	-1.449	-1.449	-1.784	-0.471
"YJR007W"	-0.416	-3.21	-8.057	-1.824	-1.848	-2.909	-3.009	-3.616	-0.8075
"YJR145C"	-1.7845	-3.54	-6.528	-3.597	-2.396	-2.519	-3.105	-3.178	-1.93
"YKL056C"	-1.046	-3.426	-5.119	-2.371	-1.741	-2.754	-3.265	-3.483	-1.1915
"YKL080W"	-0.451	-4.229	-5.94	-1.461	-1.299	-2.874	-2.944	-2.866	-0.692
"YLR059C"	-0.336	-2.732	-3.188	-0.813	-1.149	-1.108	-1.26	-0.987	-0.184
"YLR060W"	-0.273	-4.941	-5.967	-2.672	-2.397	-3.118	-3.713	-4.371	-0.708
"YLR062C"	-1.524	-5.705	-6.896	-3.965	-3.209	-4.299	-4.293	-5.234	-1.928
"YLR095C"	0.184	-2.089	-2.686	-0.489	-0.378	-1.06	-0.772	-1.295	-0.142
"YLR292C"	0.003	-1.605	-3.717	-0.893	-1.241	-1.388	-1.751	-1.71	-0.284
"YLR339C"	-1.401	-4.988	-6.865	-3.201	-2.647	-2.461	-3.161	-3.973	-1.958
"YLR351C"	0.109	-2.285	-3.461	-0.929	-0.208	-0.213	-0.847	-0.964	-0.484
"YLR448W"	-1.538	-3.552	-5.971	-3.179	-2.521	-2.668	-3.192	-4.132	-1.725
"YML021W"	-0.137	-1.877	-3.917	-0.834	-1.375	-1.095	-1.919	-1.511	-0.532
"YML063W"	-1.764	-4.048	-13.273	-3.415	-2.658	-3.123	-3.364	-4.059	-1.98
"YML064C"	-0.053	-2.421	-3.73	-1.106	-0.612	-1.338	-1.457	-1.948	-0.274
"YML073C"	-1.748	-3.862	-6.033	-3.087	-2.561	-2.401	-2.624	-3.718	-1.867
"YMR130W"	0.05	-1.972	-3.845	-0.671	-1.36	-2.339	-2.247	-2.295	-0.231
"YMR194W"	-0.522	-3.476	-4.585	-2.656	-2.256	-1.69	-1.672	-2.34	-1.126
"YMR235C"	-0.608	-3.534	-5.187	-1.879	-2.046	-2.838	-3.21	-3.756	-1.014
"YMR260C"	-1.28	-2.549	-5.138	-2.366	-1.968	-1.338	-1.729	-2.229	-1.686
"YNL030W"	-0.301	-2.073	-4.092	-1.83	-1.559	-2.319	-1.83	-2.159	-0.699
"YNL162W"	-1.102	-2.858	-6.425	-2.421	-2.0	-1.742	-2.487	-3.468	-1.403
"YOR103C"	0.073	-1.431	-2.033	-0.868	-0.653	-0.954	-1.114	-1.311	-0.283
"YOR163W"	0.235	-1.226	-3.0605	-0.269	-0.29	-0.809	-1.31	-1.484	-0.06
"YOR198C"	-0.566	-4.452	-5.562	-1.262	-2.3	-4.384	-4.657	-4.415	-0.817
"YOR209C"	0.045	-2.998	-6.004	-1.647	-0.906	-1.897	-2.681	-2.954	-0.358
"YOR323C"	-0.479	-4.2845	-6.434	-2.106	-1.557	-2.742	-3.497	-3.428	-0.792
"YPL028W"	-0.034	-3.482	-5.5385	-1.9625	-1.336	-1.692	-2.17	-2.948	-0.464
"YPL037C"	-0.705	-3.9955	-5.417	-2.148	-1.561	-2.115	-3.222	-3.654	-1.009
"YPL048W"	-0.991	-3.2175	-4.579	-1.4725	-1.113	-1.535	-1.925	-2.183	-0.638
"YPL079W"	-1.437	-3.892	-6.4765	-3.0255	-2.741	-3.015	-3.498	-4.547	-1.713
"YPL094C"	-0.364	-3.0415	-5.3055	-1.6665	-1.142	-2.024	-2.284	-2.741	-0.603
"YPL220W"	-1.816	-3.187	-6.1465	-3.3935	-2.548	-2.247	-2.571	-3.926	-2.166
"YPR033C"	-0.853	-4.8805	-7.94	-2.759	-2.096	-3.951	-4.382	-4.54	-1.174
"YPR041W"	-0.2895	-2.36366666666667	-4.07266666666667	-2.41033333333333	-1.658	-1.805	-1.8775	-2.441	-0.6805
"YPR128C"	-0.129	-2.617	-3.863	-0.6715	0.292	-1.326	-1.847	-1.979	-0.159
"YPR131C"	0.256	-2.759	-4.176	-0.885	-0.357	-0.572	-1.386	-1.712	0.05
"YPR188C"	0.297	-1.7495	-3.36	-0.6505	-0.266	-0.846	-1.162	-1.668	0.0
