	"514.2.5mM DTT 030 min"	"686.YP ethanol vs reference pool"	"802.Heat Shock 060 minutes"	"854.YPD_6_h_30C"	"855.YPD_8_h_30C"	"856.YPD_10_h_30C"	"857.YPD_12_h_30C"	"858.YPD_1_d_30C"	"859.YPD_2_d_30C"	"860.YPD_3_d_30C"	"944.starv_in_H2O_4_h_30C"	"945.starv_in_H2O_6_h_30C"	"1012.YPD 12 h (25C)"	"1013.YPD 1 d (25C)"	"1014.YPD 2 d (25C)"	"1015.YPD 3 d (25C)"	"1016.YPD 5 d (25C)"	"1017.YPD 7 d (25C)"	"1018.YPD 13 d (25C)"	"4872.1M sorbitol - 60 min"	"4874.1M sorbitol - 90 min"	"6364.DES459 (mec1-) + 0.02% MMS - 15 min"	"8230.dtt 060 min"	"8522.DES459 (mec1-) + 0.02% MMS - 45 min"	"8523.DES459 (mec1-) + 0.02% MMS - 60 min"	"12734.Nitrogen Depletion 12 h"	"12736.Nitrogen Depletion 1 d"	"12737.Nitrogen Depletion 2 d"	"12738.Nitrogen Depletion 3 d"	"15638.Ca+FK 60min (2)"	"34365.batch 02X25 6"	"34368.batch 02X25 7"	"38145.03II01 batch p1"	"38146.03II01 batch p2"	"38147.03II01 batch p3"	"38148.03II01 batch p4"	"42225.U2 Comp 09 hr 12 min Uracil Batch vs Chemostat Comparison"
"YAL036C"	-0.221	-0.159	0.657	-2.24	-1.7	-1.117	-1.024	-1.113	-1.409	-2.145	-1.616	-1.117	-2.5035	-1.829	-1.9095	-1.486	-1.4315	-1.841	-2.0465	-0.0645	-0.2445	0.0615	-0.194	-0.301	-0.086	-1.217	-1.2595	-1.4825	-1.6835	-0.66	-0.789	-1.05	0.591	0.979	1.029	0.811	0.646
"YAL065C"	-0.7165	0.217666666666667	0.301	1.1665	1.0175	1.24	1.254	1.137	1.62	2.0365	0.45	0.4285	1.04966666666667	1.23833333333333	1.53333333333333	1.615	2.44866666666667	2.833	2.012	-0.103666666666667	0.112666666666667	-0.234333333333333	-0.115	-0.239	-0.268666666666667	0.828666666666667	0.862666666666667	0.718333333333333	1.317	-0.0375	0.782	0.9165	-0.3805	-0.4675	-0.5865	-0.433	0.5535
"YBL024W"	-0.454	-1.0245	1.888	-3.938	-2.484	-2.376	-2.16	-2.175	-2.483	-4.671	-2.114	-2.409	-3.8255	-2.047	-2.147	-2.6055	-3.4875	-3.5465	-3.993	0.065	0.126	0.186	-0.311	0.151	0.135	-1.534	-1.6095	-1.726	-1.397	-0.29	-1.639	-1.601	0.929	1.052	1.705	1.723	0.232
"YBL048W"	0.293	0.063	-0.381	2.166	2.348	1.633	1.65	2.762	1.81	2.869	2.039	1.089	2.3225	1.224	2.101	2.7535	3.8365	3.63	2.8605	-0.2445	-0.1575	-0.332	-0.336	-0.4885	-0.234	1.93	2.317	1.999	2.107	-0.341	2.786	2.718	0.583	-1.002	-0.555	-0.143	-0.731
"YBL049W"	-0.723	1.2715	0.12	3.632	4.071	3.507	4.101	4.812	2.844	4.254	3.401	3.138	3.3385	2.7155	2.9925	3.8385	4.9405	5.2455	4.1525	-5.0E-4	0.1095	-0.0825	-1.0	-0.1165	-0.133	2.941	3.5405	3.074	3.249	0.038	3.747	3.88	-0.122	-0.804	-0.767	-0.768	-0.554
"YBL077W"	0.097	-1.134	0.221	-3.41	-2.161	-1.694	-1.571	-2.021	-1.176	-3.136	-2.607	-2.667	-2.792	-1.615	-2.0335	-2.345	-2.816	-3.3595	-3.1945	0.0635	-0.0685	0.168	0.432	0.1505	0.2	-2.488	-2.2065	-2.3345	-2.1125	-0.028	-1.173	-0.687	-0.816	0.416	0.316	0.32	-0.871
"YBR076W"	0.266	0.339	0.426	2.187	2.018	2.385	2.231	2.268	2.994	3.472	1.395	1.303	1.483	0.618	1.4395	1.6245	2.2365	2.6415	1.4465	-0.1285	0.224	-0.1955	-0.199	-0.1545	-0.169	0.3265	0.4305	0.488	0.988	-0.044	1.717	1.334	0.283	0.453	0.621	0.609	-0.091
"YBR121C"	0.064	-1.014	0.077	-2.66	-1.84	-1.582	-1.543	-2.186	-2.714	-4.037	-2.366	-2.465	-3.2385	-1.721	-2.416	-3.155	-4.1355	-4.173	-4.5985	-0.1215	-0.015	0.0485	0.471	-0.616	-0.142	-2.5385	-2.551	-2.637	-2.6705	-0.309	-2.361	-1.351	0.594	1.218	1.084	1.245	0.775
"YBR143C"	-0.077	-1.0625	0.123	-2.729	-2.378	-2.339	-2.197	-1.932	-2.537	-3.195	-2.012	-2.112	-3.1475	-1.838	-2.126	-2.659	-2.698	-2.699	-3.572	0.029	0.0525	0.142	0.165	0.1095	0.1935	-1.91	-1.8905	-1.8585	-1.737	-1.979	-1.462	-1.337	0.863	0.957	1.017	0.82	0.112
"YCR053W"	-0.038	-1.076	0.388	-2.562	-1.828	-2.374	-1.952	-1.707	-1.033	-3.556	-1.41	-1.635	-2.5805	-1.277	-1.531	-2.1605	-2.429	-3.1075	-2.714	-0.025	-0.315	-0.3055	0.376	-0.1245	0.019	-1.6735	-1.907	-1.727	-1.764	0.383	-0.9285	-0.3865	-0.541	0.297	-0.127	-0.21	-0.03
"YDL051W"	0.057	-0.722	0.103	-3.639	-2.402	-2.024	-1.821	-1.668	-2.07	-2.856	-2.131	-2.317	-2.973	-2.013	-1.892	-1.804	-1.557	-2.325	-2.819	0.163	0.016	0.21	-0.275	-0.102	-0.085	-1.098	-0.825	-0.975	-0.671	0.321	-1.387	-1.292	0.907	1.24	1.606	1.18	-0.033
"YDR023W"	-0.074	1.176	-0.403	-1.814	-2.122	-1.859	-1.347	-2.164	-2.077	-2.907	-1.813	-1.696	-3.05	-1.744	-1.553	-2.313	-3.056	-3.357	-3.85	-0.019	-0.091	0.318	0.146	0.054	0.175	-1.396	-1.983	-2.106	-1.812	-0.143	-2.322	-1.96	0.808	1.383	1.426	1.387	0.99
"YDR037W"	-0.289	-1.231	0.157	-4.313	-3.427	-3.607	-3.146	-3.858	-3.458	-4.551	-2.756	-2.42	-1.971	-2.384	-2.681	-2.313	-2.916	-3.368	-3.772	-0.13	-0.292	0.237	0.312	0.112	0.213	-1.695	-1.749	-1.681	-1.888	-0.003	-1.813	-0.769	0.147	-0.822	0.026	-0.773	0.343
"YDR091C"	-0.498	-0.878	0.284	-3.288	-2.045	-1.789	-1.68	-1.547	-1.362	-3.384	-2.03	-2.498	-2.971	-1.631	-1.728	-2.044	-2.636	-3.222	-3.423	0.11	0.065	-0.367	-0.138	-0.684	-0.444	-1.977	-1.695	-1.907	-1.535	-0.384	-2.241	-1.869	-0.014	0.132	0.498	0.059	1.029
"YDR101C"	-0.953	-0.843	0.193	-4.306	-3.203	-3.082	-2.55	-2.315	-2.948	-4.145	-1.752	-2.552	-2.52	-2.005	-1.96	-2.252	-2.862	-3.177	-3.516	0.107	0.093	-0.002	-0.534	-0.079	0.113	-1.483	-1.468	-1.513	-1.618	-0.24	-2.454	-1.228	-0.229	-0.655	-0.56	-0.719	1.581
"YDR119W"	-0.793	-0.737	-0.071	-1.325	-1.357	-1.391	-1.3	-1.475	-0.886	-2.546	-1.282	-1.391	-1.416	-1.417	-1.434	-1.86	-1.93	-1.863	-2.202	-0.233	0.012	-0.288	-0.013	-0.358	-0.075	-1.191	-0.894	-1.185	-0.928	-0.434	-1.2975	-0.8575	-0.62	-0.576	-0.685	-0.6935	0.705
"YDR262W"	-0.2675	0.9675	0.236	1.7335	1.8585	1.8825	2.06	2.6665	3.1335	3.3725	1.6855	1.6875	2.2555	2.2405	3.0895	3.2615	4.491	4.8085	4.03	0.1505	0.2325	0.0205	-0.221	0.269	0.129	2.226	2.8725	2.6455	3.067	0.328	2.064	2.2825	0.077	0.329	0.319	-0.511	-1.017
"YDR275W"	-0.837	0.6245	0.1445	1.553	2.2955	2.594	2.161	3.009	3.1575	3.166	1.6115	1.519	1.749	2.036	2.324	3.0055	1.5585	2.794	2.3525	-0.0385	0.51	0.091	-0.2935	0.3325	0.1715	1.796	2.3905	2.416	2.4885	-0.119	2.0975	1.977	0.304	-0.385	0.0825	-0.0405	-0.236
"YDR300C"	0.49	-0.07	0.264	-2.126	-1.055	-0.777	-0.844	-1.426	-1.012	-3.24	-0.751	-1.331	-1.907	-0.879	-1.502	-1.321	-2.003	-3.096	-3.345	-0.19	0.236	0.322	0.29	0.292	0.347	-1.148	-0.725	-1.048	-0.765	-0.484	-1.954	-0.859	-0.073	-0.401	-0.236	-0.68	0.023
"YDR313C"	-0.553	0.398	-0.306	2.369	1.675	1.715	1.7	1.941	2.03	2.161	1.583	1.359	1.484	1.141	2.304	2.311	2.992	2.624	1.746	0.078	0.187	0.134	0.113	0.029	0.115	1.841	2.24	1.875	2.698	0.107	1.65	1.504	-0.043	NaN	-0.757	-0.305	-0.454
"YDR341C"	-0.721	-0.658	0.064	-3.559	-2.27	-1.485	-1.763	-1.574	-1.681	-3.212	-2.134	-2.218	-2.942	-1.135	-1.942	-2.263	-3.262	-3.294	-3.559	0.1	0.011	0.215	-0.157	0.005	0.144	-1.663	-1.444	-1.45	-1.573	-0.161	-1.033	-0.679	0.171	0.252	0.042	-0.105	0.23
"YDR365C"	-0.077	-0.883	-0.234	-2.985	-1.698	-2.057	-1.21	-1.232	-1.094	-2.477	-1.205	-1.53	-2.25	-0.89	-1.457	-2.29	-2.877	-3.039	-3.298	0.047	-0.149	0.318	-0.557	0.362	0.637	-1.48	-1.896	-1.765	-2.045	-0.911	-1.632	-1.191	0.61	1.012	1.092	0.688	0.299
"YDR450W"	-0.069	-0.344	0.108	-3.254	-2.797	-2.204	-1.895	-2.039	-1.925	-2.6	-2.618	-2.153	-4.313	-2.118	-2.576	-2.784	-2.988	-2.959	-3.465	0.282	0.285	0.602	0.798	0.451	0.244	-1.697	-1.103	-1.182	-0.548	-0.232	-2.605	-2.23	0.21	0.521	0.88	0.474	0.519
"YDR496C"	0.976	-0.79	-0.264	-3.1645	-1.29	-2.3365	-2.027	-1.674	-2.018	-3.591	-1.899	-2.136	-3.995	-2.1765	-2.168	-2.517	-2.6065	-3.579	-3.3065	0.0765	-0.09	0.364	-0.962	0.452	0.59	-1.078	-1.1385	-0.998	-1.31	-0.7245	-1.696	-1.134	0.457	0.921	1.316	0.813	0.386
"YER074W"	-0.307	-0.673	0.048	-3.675	-3.209	-3.607	-2.262	-2.096	-2.671	-3.067	-0.968	-2.26	-5.146	-2.436	-2.823	-2.735	-2.339	-2.829	-3.947	0.089	0.055	0.31	0.284	0.046	-0.059	-2.093	-1.377	-1.381	-1.519	-0.174	-1.046	-1.243	1.013	1.06	1.206	1.287	0.406
"YER110C"	0.634	-1.075	0.511	-5.799	-1.967	-2.319	-2.157	-1.988	-1.816	-3.498	-1.922	-1.599	-2.975	-1.633	-2.152	-2.411	-2.787	-4.061	-3.78	0.239	0.074	-0.676	-0.791	-0.968	-0.412	-2.292	-2.033	-2.13	-2.163	-0.364	-1.077	-1.029	-0.081	-0.128	-0.3	-0.36	0.084
"YER116C"	-0.41	0.381	-0.079	1.235	1.172	1.249	0.994	1.572	1.644	2.613	1.09	0.923	0.067	0.474	1.115	1.236	1.784	2.637	1.75	0.123	0.152	-0.152	-0.562	0.214	0.189	1.312	0.5	0.87	1.734	-0.3255	0.599	0.664	-0.168	-0.538	-0.176	-0.206	0.449
"YER118C"	-0.062	-0.744	0.748	-2.119	-1.275	-0.813	-0.898	-0.913	-1.822	-2.598	-0.87	-1.557	-1.7	-0.974	-1.116	-1.35	-1.371	-2.206	-1.965	0.143	0.048	0.021	-0.188	0.242	0.119	-1.062	-1.075	-0.815	-0.625	-0.052	-1.608	-0.748	-0.186	0.001	0.06	0.033	-0.352
"YFR031BC"	-0.142	-1.727	0.081	-4.567	-3.823	-3.84	-2.931	-2.798	-2.801	-4.702	-3.594	-3.523	-4.74	-2.253	-2.521	-2.912	-3.164	-3.863	-4.146	-0.05	-0.444	-0.011	0.494	0.025	-0.229	-2.329	-1.89	-1.842	-2.188	-0.229	NaN	NaN	NaN	NaN	NaN	NaN	1.983
"YGL120C"	0.333	-0.996	0.105	-4.557	-3.087	-2.692	-1.947	-2.077	-2.282	-4.088	-1.739	-2.813	-3.459	-2.023	-2.178	-1.783	-2.866	-3.888	-4.137	0.0	0.081	0.196	0.004	0.161	0.382	-1.654	-1.288	-1.486	-1.696	-0.466	-2.319	-2.199	-0.048	0.599	0.461	0.558	0.412
"YGL192W"	-0.082	0.501	0.371	2.077	1.847	2.102	1.774	1.845	2.403	3.302	1.135	-0.882	2.506	1.691	1.824	2.073	3.832	4.675	3.934	-0.153	0.253	-0.422	0.117	-0.281	-0.153	0.543	1.005	0.783	1.008	-0.109	1.524	1.739	0.303	-0.916	-0.29	-0.172	-0.046
"YGR061C"	-0.201	-0.907	0.552	-1.1505	-1.4555	-1.015	-1.0655	-1.003	-1.6865	-2.8345	-1.048	-1.7135	-1.835	-1.1355	-1.7575	-1.891	-1.7885	-1.6345	-2.528	-0.0275	-0.338	-0.471	-0.177	-0.577	-0.344	-1.328	-1.454	-1.7425	-1.861	-0.27	-1.498	-0.8335	-0.208	-0.4365	-0.1065	-0.372	0.562
"YGR094W"	-0.056	-0.953	0.291	-3.268	-2.215	-2.202	-1.925	-2.093	-1.689	-4.521	-2.033	-2.487	-3.175	-1.691	-2.442	-2.85	-4.254	-4.392	-5.518	0.124	-0.016	-0.073	0.247	0.062	0.056	-2.594	-2.478	-2.327	-2.93	-0.07	-0.8195	-1.1425	0.332	-0.1375	-0.257	-0.121	0.2295
"YGR103W"	0.012	-1.088	-0.359	-4.825	-3.051	-3.013	-2.66	-2.148	-2.349	-1.948	-2.149	-1.634	-4.861	-2.978	-2.918	-2.95	-2.768	-3.578	-3.882	0.129	-0.29	0.471	-1.031	0.068	0.46	-1.997	-1.822	-1.515	-1.737	-0.733	-2.3075	-1.8465	0.4665	0.9125	1.369	0.7985	0.737
"YGR110W"	-0.682	1.155	0.207	3.059	3.408	3.575	2.845	3.106	3.427	4.541	2.425	2.361	3.976	2.805	2.625	2.566	2.578	4.305	3.146	-0.112	0.25	-0.487	-0.347	-0.513	-0.497	1.613	1.652	1.585	2.135	-0.2935	2.622	3.029	-0.296	-0.795	-0.825	-0.961	-1.356
"YGR145W"	-0.086	-0.672	0.219	-4.245	-2.091	-1.808	-1.15	-1.077	-0.983	-2.133	-1.257	-1.739	-3.496	-2.143	-1.897	-1.466	-2.519	-3.279	-3.084	0.034	-0.448	0.423	-0.441	0.143	0.434	-1.207	-1.222	-1.233	-1.291	-0.4655	-2.221	-1.697	0.609	0.494	1.1	0.363	0.528
"YGR173W"	-0.508	-0.507	0.276	-3.271	-1.888	-1.436	-1.194	-1.375	-1.91	-2.218	-1.747	-1.752	-1.546	-1.279	-1.36	-0.91	-1.919	-1.996	-2.168	-0.074	-0.018	0.492	0.126	0.473	0.574	-1.113	-0.826	-1.177	-0.574	0.157	-1.523	-0.355	0.153	0.198	0.44	0.413	-0.088
"YGR201C"	0.835	1.412	0.271	5.046	4.249	4.063	4.377	5.158	4.49	4.974	2.896	3.228	2.855	2.842	3.597	2.109	2.914	5.103	3.769	0.31	0.563	0.077	-0.49	0.078	0.064	2.825	2.23	1.778	2.563	0.068	1.333	1.102	-0.898	-0.418	0.357	-0.487	-0.361
"YGR229C"	-0.25	-0.267	0.05	-0.832	-0.57	-0.382	-0.754	-1.164	-0.943	-2.847	-1.987	-1.316	-1.823	-0.983	-1.569	-1.658	-2.401	-2.58	-3.391	0.076	0.061	0.289	-0.154	0.27	0.291	-1.255	-1.085	-1.061	-1.016	-0.099	-1.232	-1.084	0.09	-0.345	0.265	0.354	0.749
"YGR245C"	-0.136	-0.626	0.123	-4.207	-2.765	-2.396	-1.545	-1.475	-2.045	-2.482	-0.475	-1.833	-3.164	-2.228	-2.367	-2.154	-2.194	-2.446	-3.203	-0.052	-0.334	0.051	-1.1	-0.255	-0.09	-0.872	-0.852	-0.538	-1.177	-0.638	-1.384	-1.376	0.385	-0.112	0.782	-0.093	0.234
"YGR264C"	-0.759	-1.489	-0.055	-3.787	-2.696	-3.156	-3.156	-2.945	-3.206	-5.206	-2.811	-3.49	-3.897	-2.503	-2.707	-3.468	-4.623	-4.957	-4.753	-0.079	-0.156	-0.002	0.484	0.03	0.069	-2.246	-2.287	-2.376	-2.353	-0.575	-2.661	-1.432	0.024	-0.171	-0.127	-0.093	0.751
"YGR285C"	0.649	-1.082	0.052	-3.959	-2.444	-2.267	-1.794	-1.645	-1.67	-4.078	-1.877	-1.393	-3.556	-2.259	-2.557	-2.811	-3.452	-4.07	-4.065	0.15	-0.78	0.252	0.238	0.107	0.399	-2.035	-2.466	-2.483	-3.514	-0.506	-2.156	-1.5	1.122	1.126	1.284	0.979	0.026
"YHL033C"	-0.314	-0.792	0.385	-3.758	-2.864	-2.635	-1.944	-1.277	-2.205	-3.984	-3.005	-2.318	-4.25	-2.112	-2.808	-2.523	-2.601	-2.923	-4.209	0.08	0.071	0.353	0.05	0.053	-0.077	-1.93	-1.111	-1.445	-1.336	0.207	-2.033	-1.49	0.991	1.331	1.564	1.382	1.796
"YHR064C"	-0.921	-1.126	0.502	-4.543	-2.196	-1.596	-1.668	-1.77	-1.712	-3.329	-2.559	-0.22	-2.977	-1.449	-1.754	-2.25	-2.957	-3.678	-3.675	-0.069	0.156	0.235	0.199	0.181	0.11	-2.303	-1.252	-2.419	-2.332	-0.242	-1.636	-1.26	-0.155	0.21	0.431	0.147	0.352
"YHR068W"	0.011	-1.125	0.191	-3.316	-2.566	-2.252	-2.251	-3.015	-2.166	-4.28	-2.526	-1.119	-2.945	-1.652	-1.927	-2.429	-2.724	-3.669	-3.425	0.241	0.437	0.293	0.295	0.388	0.424	-2.522	-2.438	-2.761	-2.475	-0.56	-2.43	-1.87	0.182	0.136	0.34	0.744	0.381
"YHR123W"	-0.521	-0.716	0.029	-1.168	-0.611	-0.799	-1.05	-1.555	-1.135	-3.763	-1.439	-2.046	-2.216	-1.72	-1.965	-2.024	-2.917	-2.775	-2.647	0.254	0.274	0.175	0.602	0.242	0.07	-1.226	-1.226	-1.605	-1.119	-0.091	-1.371	-1.081	-0.024	-1.092	-0.196	-0.941	0.98
"YIL024C"	-0.649	0.823	0.097	1.752	1.466	2.328	1.159	2.847	3.318	3.515	2.096	2.065	0.83	1.286	1.751	2.664	-0.517	2.102	1.195	0.199	0.191	-0.193	-0.342	0.1	0.081	1.582	1.119	1.795	2.93	0.269	1.089	1.041	-0.058	-0.235	-0.64	-0.268	-0.311
"YIL078W"	0.083	-1.288	-0.321	-2.907	-2.075	-2.018	-2.219	-2.498	-1.911	-5.192	-2.5	-2.462	-3.786	-1.821	-2.436	-3.226	-4.41	-4.902	-4.944	0.141	-0.013	0.175	0.418	0.095	0.133	-2.573	-2.57	-2.6	-2.341	-0.122	-1.874	-1.442	0.169	0.907	0.895	0.727	1.305
"YIL120W"	-0.105	0.845	0.122	1.649	1.536	1.395	1.32	1.525	1.822	4.578	1.319	1.289	1.695	1.293	0.996	2.065	0.518	3.061	2.677	0.06	0.597	-0.186	-0.133	-0.101	-0.324	1.202	0.661	0.463	1.158	-0.195	0.696	0.905	0.378	0.041	-0.021	-0.147	0.597
"YIL146C"	-0.156	0.798	0.173	2.334	2.196	2.111	2.234	2.539	2.94	3.637	1.658	1.857	2.306	1.867	2.177	2.693	3.595	3.491	2.947	0.285	0.655	-0.288	-0.261	-0.125	-0.073	2.114	2.336	1.873	2.441	-0.005	1.851	1.95	0.173	-0.15	0.124	-0.376	0.197
"YJR041C"	-0.255	-0.322	0.152	-3.864	-2.277	-1.489	-1.335	-1.157	-1.402	-3.322	-0.994	-1.381	-2.769	-1.624	-1.752	-1.853	-2.965	-2.872	-2.952	-0.142	-0.016	-0.283	-0.368	-0.253	-0.067	-1.67	-1.385	-1.535	-1.873	-0.484	-1.358	-0.942	0.244	0.053	0.649	0.432	0.301
"YKL050C"	-1.107	0.469	0.415	1.443	0.631	1.612	3.19	4.636	NaN	3.353	1.798	1.481	0.806	2.384	4.351	4.561	2.659	2.578	1.692	0.494	0.168	-0.429	-1.0	-0.106	-0.303	1.895	3.007	3.191	3.156	0.282	3.984	NaN	0.278	-0.218	0.546	NaN	-0.962
"YKL056C"	0.13	-1.453	0.2	-3.205	-2.603	-3.118	-2.355	-1.541	-1.771	-3.426	-2.371	-2.389	-2.468	-1.669	-1.741	-2.281	-2.754	-3.265	-3.483	0.072	0.097	0.055	0.227	-0.244	-0.391	-1.76	-1.251	-1.522	-1.362	0.088	-2.577	-2.068	0.158	0.893	0.855	0.418	0.716
"YKL107W"	-0.493	1.337	-0.055	1.977	2.059	2.503	3.68	4.957	3.01	2.551	3.261	3.268	0.377	1.672	3.239	2.313	2.83	4.046	3.889	0.263	0.383	-0.464	-0.177	-0.267	-0.427	1.147	1.153	1.626	2.877	-0.132	2.837	1.872	0.284	-0.447	-0.602	-0.468	0.318
"YKL146W"	-0.185	0.407	0.226	1.781	2.54	1.784	2.024	1.679	1.376	1.449	0.464	0.39	2.188	1.466	1.453	1.611	2.189	2.953	1.873	-0.02	0.217	-0.307	0.505	-0.053	-0.018	0.348	0.945	0.737	1.044	-0.141	0.866	0.387	-0.135	-0.207	0.164	0.749	-0.124
"YKR009C"	-1.084	1.513	-0.398	3.745	3.401	3.725	4.306	3.934	1.861	3.808	3.166	2.958	2.522	2.425	1.963	1.392	4.39	3.928	3.376	0.332	0.43	-0.14	-0.067	-0.089	0.0	2.025	1.16	0.549	1.581	-0.598	2.501	2.303	-0.189	-0.556	-0.24	-0.665	-0.542
"YKR026C"	-0.049	-0.5	0.149	-3.144	-2.386	-1.661	-2.212	-1.705	-1.843	-2.863	-1.657	-1.681	-1.723	-1.296	-1.369	-1.003	-1.858	-2.363	-2.231	0.595	0.053	0.156	-0.074	0.165	0.456	-0.942	-0.521	0.737	-0.249	-0.067	-1.406	-0.971	-0.249	-0.101	0.614	0.457	-0.125
"YKR082W"	-0.219	-0.348	0.431	-0.889	-1.103	-0.767	-0.731	-0.67	-1.122	-2.473	-0.832	-1.633	-1.922	-1.054	-0.885	-1.249	-1.45	-1.895	-2.598	-0.053	-0.336	-0.227	0.186	-0.184	-0.011	-1.238	-0.834	-0.891	-0.843	-0.04	-0.869	-0.824	0.593	0.234	-0.065	0.021	0.472
"YLL019C"	-0.4095	0.6475	-0.0535	1.971	1.624	2.0355	1.832	1.8805	1.9865	2.1885	1.021	0.6375	1.397	1.255	1.789	1.8515	1.9515	1.767	1.3115	0.013	0.0555	-0.264	0.1945	0.0055	0.0245	0.8285	0.943	0.823	0.9795	-0.304	1.395	1.358	-0.566	-0.619	-0.753	-0.565	-0.76
"YLR017W"	-0.637	-0.767	0.461	-2.358	-1.587	-1.636	-1.458	-1.606	-1.619	-2.415	-1.201	-1.288	-1.511	-1.357	-1.54	-1.891	-1.834	-2.326	-2.268	0.085	0.12	-0.156	0.163	-0.114	-0.071	-1.276	-1.077	-1.074	-0.826	0.079	-1.811	-0.924	-1.106	-0.653	-0.596	-0.904	0.006
"YLR060W"	-0.274	-1.157	0.175	-3.165	-2.617	-2.047	-2.296	-2.499	-2.849	-4.941	-2.672	-2.566	-2.773	-1.546	-2.397	-2.667	-3.118	-3.713	-4.371	-0.212	-0.082	0.268	0.245	0.156	0.423	-1.72	-1.77	-1.452	-2.018	-0.066	-2.55	-2.175	-0.835	-0.617	-0.885	-0.903	0.253
"YLR062C"	-0.283	-1.091	0.173	-4.53	-4.418	-3.352	-3.067	-3.127	-4.077	-5.705	-3.965	-3.18	-4.96	-2.666	-3.209	-3.706	-4.299	-4.293	-5.234	0.023	0.353	0.35	0.374	-0.165	-0.039	-2.666	-1.934	-2.16	-1.658	0.404	-3.141	-2.876	1.124	1.604	1.712	1.48	1.13
"YLR156W"	-1.193	0.959	-0.206	1.281	1.462	1.837	1.612	2.511	3.06	3.101	1.183	0.986	1.719	1.84	2.087	2.291	3.877	3.302	3.197	0.34	-0.306	-0.539	-0.236	-0.239	-0.229	1.471	1.324	1.295	0.333	-0.128	1.326	1.08	0.179	0.419	0.087	0.104	-0.111
"YLR159W"	NaN	0.445	0.377	0.635	0.836	1.433	0.674	3.108	1.962	3.737	1.114	0.597	1.383	1.367	1.76	1.408	3.064	3.448	2.889	0.09	0.072	-0.427	-0.254	-0.246	-0.068	1.29	0.984	1.256	0.66	0.354	1.217	1.198	0.165	0.082	0.161	0.189	-0.751
"YLR161W"	-0.354	0.339	0.394	NaN	2.484	3.531	1.412	4.592	3.318	5.255	1.371	1.063	1.384	1.516	1.978	1.315	3.058	3.585	3.072	-0.001	0.198	-0.527	0.778	-0.156	-0.141	1.384	0.924	1.286	0.595	-0.278	1.097	0.981	-0.386	-0.067	-0.053	-0.278	0.005
"YLR164W"	-0.017	1.775	0.04	4.52	3.048	3.554	4.168	5.283	4.605	4.582	3.068	3.756	1.295	1.643	1.874	1.017	2.092	3.006	2.089	0.1	0.416	0.162	-0.138	-0.009	-0.241	2.222	2.041	1.839	2.486	-1.233	2.465	1.47	-0.377	-0.325	-0.38	-0.341	-0.803
"YLR175W"	0.095	-1.501	0.137	-5.607	-3.276	-2.921	-2.657	-2.484	-3.068	-3.401	-3.13	-3.152	-4.678	-2.413	-2.762	-3.408	-3.701	-4.364	-4.96	0.21	0.163	0.486	-0.793	0.521	0.435	-2.388	-2.612	-2.291	-2.553	-0.189	-3.796	-2.767	-0.267	0.976	1.002	0.818	0.14
"YLR196W"	-0.096	-0.842	-0.022	-5.083	-3.01	-3.156	-2.049	-1.898	-2.276	-4.437	-1.799	-1.477	-4.378	-2.182	-2.66	-2.604	-3.933	-4.664	-4.392	0.24	0.082	0.395	-1.098	0.242	0.274	-1.727	-2.058	-2.19	-2.405	-0.461	-2.053	-1.078	0.011	0.648	0.766	0.183	-0.504
"YLR197W"	-0.058	-1.17	-0.227	-5.817	-3.612	-3.173	-2.795	-2.789	-3.255	-4.736	-3.258	-3.282	-5.671	-2.611	-3.067	-3.716	-4.423	-4.976	-5.033	0.131	0.049	0.619	0.031	0.348	0.412	-3.052	-3.145	-3.099	-2.81	-0.468	-3.736	-2.197	0.469	1.047	1.303	1.006	-1.025
"YLR198C"	0.795	-0.846	-0.492	-5.143	-2.989	-3.1	-2.376	-2.064	-2.252	-3.745	-2.998	-2.5	-5.282	-2.521	-3.21	-3.479	-3.841	-4.919	-4.589	0.231	0.186	0.633	-0.408	0.459	0.442	-2.706	-2.917	-3.086	-3.164	-0.305	-3.254	-2.484	2.072	2.086	2.346	2.352	-0.759
"YLR220W"	-0.277	-0.006	0.131	1.101	1.707	1.669	1.656	1.663	2.105	2.235	0.051	0.253	0.991	1.334	1.229	1.582	2.346	2.536	1.771	0.242	0.086	-0.151	-0.125	-0.388	-0.168	0.089	0.565	0.532	0.578	-0.016	0.443	0.638	-0.307	0.742	0.801	0.697	-0.545
"YLR222C"	-0.826	-0.653	0.232	-4.423	-1.933	-1.902	-1.176	-0.88	-1.613	-3.721	-1.343	-1.64	-3.785	-1.613	-2.036	-2.29	-3.081	-2.929	-3.119	0.048	0.121	0.14	-0.367	0.143	0.515	-1.93	-1.794	-1.979	-2.215	-0.892	-1.756	-1.389	0.006	-0.255	0.029	0.01	0.255
"YLR276C"	0.511	-0.734	-0.014	-4.467	-2.163	-1.657	-1.532	-1.655	-1.858	-3.174	-1.65	0.689	-3.49	-1.977	-1.889	-2.427	-1.866	-3.17	-3.081	-0.088	-0.208	0.511	-0.473	0.455	0.547	-0.808	-0.845	-1.003	-0.854	-0.225	-1.986	-1.141	-0.208	0.275	0.302	-0.115	-0.092
"YLR293C"	-0.22	-1.282	0.327	-3.594	-2.185	-2.087	-2.565	-2.207	-2.675	-3.488	-2.233	-2.661	-2.473	-1.576	-1.45	-2.158	-2.379	-3.03	-3.186	0.078	-0.083	-0.127	0.809	-0.127	-0.348	-1.553	-1.559	-1.887	-1.39	0.305	-2.354	-1.737	0.992	0.721	1.327	0.92	-0.351
"YLR311C"	-0.138	0.28	-0.757	3.535	3.882	4.224	3.277	3.765	2.811	3.182	2.73	2.447	2.587	1.807	2.447	3.128	3.92	3.702	3.13	-0.012	0.121	-0.476	-0.778	-0.764	-0.712	2.432	2.609	2.017	2.606	0.352	1.105	1.16	0.155	0.321	0.032	0.219	-1.548
"YLR326W"	0.492	0.816	0.18	0.801	1.285	0.94	1.045	1.417	1.478	-0.302	0.271	0.628	0.887	0.618	1.203	1.722	1.69	3.016	2.515	0.218	0.18	0.119	-0.466	0.031	0.0	0.451	0.918	1.394	0.333	0.463	1.363	0.579	-0.154	0.171	0.58	0.138	-0.839
"YLR346C"	-0.485	1.295	-0.087	0.918	0.74	1.098	1.147	2.457	2.059	1.542	2.616	2.764	0.88	1.318	2.26	2.52	2.849	2.638	2.241	-0.016	0.007	0.009	-0.8	0.371	0.471	2.456	2.69	2.778	2.48	-0.704	4.441	3.753	0.233	0.068	-0.743	-0.027	0.551
"YLR409C"	-0.26	-1.644	0.456	-4.402	-2.709	-2.6	-1.8	-1.629	-2.222	-3.204	-1.928	-2.361	-2.708	-1.92	-2.024	-2.286	-2.713	-3.315	-3.47	0.013	0.033	-0.138	-0.816	-0.205	-0.143	-1.602	-1.49	-1.64	-1.615	-0.29	-2.36	-1.595	-0.361	-0.487	-0.817	-0.929	0.17
"YML022W"	-0.284	-0.734	0.185	-3.236	-1.772	-1.782	-1.805	-1.985	-2.389	-3.146	-2.096	-2.796	-2.802	-1.809	-2.266	-2.26	-2.846	-3.092	-3.144	-0.154	-0.391	0.124	0.089	-0.002	-0.156	-2.249	-1.856	-1.993	-1.54	-0.338	-1.644	-1.305	-1.496	-0.843	-0.945	-0.986	0.839
"YMR033W"	-0.349	-0.608	-0.004	-0.915	-1.816	-1.259	-1.084	-1.434	-1.22	-3.063	-1.514	-1.984	-1.647	-1.273	-1.244	-1.469	-1.745	-1.826	-1.988	-0.266	-0.139	0.289	0.532	0.333	0.391	-0.924	-0.77	-0.709	-0.418	-0.048	-1.007	-0.824	-0.619	-0.563	-0.388	-0.508	-0.609
"YMR034C"	-0.019	0.505	-0.062	0.168	1.792	1.101	0.866	1.503	1.208	1.517	0.284	0.484	1.512	1.184	1.228	1.46	2.208	2.014	1.905	-0.01	0.023	-0.366	0.642	-0.035	-0.322	0.106	0.641	0.789	1.213	0.422	2.767	3.098	0.209	-0.41	0.089	0.164	-1.092
"YMR049C"	-0.79	-1.456	0.426	-5.984	-3.638	-2.864	-3.076	-1.967	-2.748	-4.225	-2.163	-2.152	-4.161	-1.79	-2.318	-2.279	-3.3	-3.396	-4.217	0.032	0.15	0.164	-0.781	-0.053	0.396	-1.649	-1.598	-1.736	-1.727	0.22	-2.216	-1.377	0.169	0.753	0.839	0.503	-0.756
"YMR114C"	0.61	0.604	-0.471	2.727	2.543	2.068	3.029	2.847	2.327	4.1	2.58	2.319	1.821	1.024	2.032	2.343	3.614	3.555	3.502	0.124	-0.085	0.198	0.162	0.154	0.242	1.207	1.404	1.851	1.502	0.036	2.402	1.143	0.033	0.111	0.283	0.521	-0.303
"YMR118C"	-0.294	0.646	0.34	1.566	2.237	2.784	3.914	5.005	4.013	3.37	3.038	3.051	2.625	2.637	3.669	3.896	3.917	3.997	2.908	0.145	-0.014	0.086	-0.023	-0.167	-0.137	3.12	3.327	3.427	3.886	0.097	3.018	3.073	-0.25	-0.662	-0.986	-0.768	0.355
"YMR217W"	-0.338	-1.12	0.403	-5.293	-3.056	-3.049	-2.634	-2.518	-3.785	-4.735	-2.622	-2.591	-4.287	-2.652	-3.341	-4.118	-3.713	-4.205	-4.469	0.291	-0.204	-0.188	-0.265	-0.688	-0.657	-1.947	-2.445	-2.596	-2.646	-0.022	-3.089	-2.462	-0.398	0.364	-0.142	-0.264	0.836
"YMR229C"	-0.6855	-1.0025	-0.1455	-6.1495	-3.5335	-3.765	-2.743	-2.443	-2.304	-4.4055	-2.161	-2.184	-4.826	-2.78	-2.897	-2.0525	-3.7195	-3.685	-3.93	0.0125	-0.182	-0.1695	-1.3445	-0.3515	-0.147	-2.499	-2.792	-2.4675	-3.467	-0.4445	-1.689	-1.367	-0.04	0.612	0.6405	0.3265	0.032
"YMR309C"	0.41	-0.707	0.243	-3.127	-2.334	-1.924	-1.851	-1.855	-1.52	-3.731	-1.881	-2.64	-3.374	-1.914	-1.926	-2.303	-3.144	-3.173	-3.384	-0.046	-0.2	-0.073	-0.294	-0.101	-0.063	-2.067	-1.828	-1.969	-1.831	-0.694	-2.46	-1.712	-0.002	-0.415	-0.22	-0.352	-0.89
"YNL096C"	-0.369	-1.968	-0.37	-4.113	-3.765	-3.642	-3.235	-2.81	-3.616	-4.038	-2.761	-3.165	-4.716	-2.906	-2.776	-3.041	-3.644	-4.096	-4.68	-0.057	-0.048	-0.071	0.155	-0.231	-0.312	-2.296	-1.647	-1.704	-1.302	0.144	-3.108	-2.343	-0.263	0.626	0.422	0.565	1.046
"YNL132W"	0.289	-0.762	0.113	-5.826	-3.389	-2.815	-3.25	-2.572	-3.653	-4.956	-2.521	-2.512	-4.353	-2.313	-2.799	-2.936	-3.396	-4.377	-4.049	-0.079	0.067	-0.185	-1.132	-0.321	-0.072	-2.527	-2.718	-2.565	-2.668	-0.43	-1.684	-1.295	0.084	0.432	0.824	0.462	0.36
"YNL174W"	-0.274	-1.222	-0.272	-5.141	-3.51	-3.428	0.252	-2.478	-2.797	-4.079	-1.875	-2.135	-4.372	-2.731	-2.682	-2.061	-3.046	-3.229	-3.118	0.29	-0.031	0.444	-0.769	-0.028	0.184	-1.401	-1.458	-1.551	-1.558	-0.512	-1.035	-0.996	0.901	1.096	1.724	1.548	-0.183
"YNL223W"	-1.293	0.788	-0.167	2.732	2.157	2.221	2.465	2.269	2.643	2.323	1.291	1.189	2.324	1.642	1.911	2.195	1.917	2.141	1.362	-0.006	0.008	0.228	0.0	0.243	0.239	1.355	1.793	1.54	1.989	0.456	1.174	1.007	-0.515	-1.501	-0.621	-1.089	-0.574
"YOR031W"	-0.645	0.893	0.1445	2.7555	1.852	1.0025	2.213	0.9345	2.678	6.023	1.24	3.299	3.26	2.427	3.88	4.039	5.635	5.711	5.6	0.098	-0.241	-0.098	-0.524	-0.174	0.012	2.282	2.974	2.926	3.68	-0.061	3.822	3.621	0.406	0.375	0.187	0.85	-0.574
"YOR032C"	-0.282	1.064	0.189	1.409	0.91	1.8835	2.276	2.372	2.21	3.784	1.946	2.901	1.009	1.033	2.599	2.772	3.53	4.701	3.536	0.234	0.101	-1.051	-0.1895	-1.05	-1.081	2.379	3.006	2.397	2.188	1.236	1.028	0.603	0.181	-1.115	-1.07	-0.96	-1.035
"YOR168W"	-0.278	-0.857	0.2305	-1.809	-1.703	-1.762	-1.3715	-1.261	-1.7945	-1.984	-1.8785	-1.355	-2.516	-1.423	-1.54	-1.525	-2.348	-2.353	-2.604	-0.074	-0.033	0.181	-0.247	0.332	0.391	-1.925	-1.594	-2.172	-1.957	-0.527	-1.25	-1.086	-0.216	0.723	0.947	0.835	-0.733
"YOR224C"	-0.723	-0.599	0.4155	-2.895	-1.9785	-1.9375	-1.8585	-2.2005	-2.081	-3.348	-2.4505	-2.027	-2.185	-1.678	-2.173	-2.296	-2.099	-2.615	-2.202	0.002	0.266	0.148	-0.2605	-0.287	-0.639	-2.013	-2.006	-2.085	-1.876	0.262	-1.949	-1.515	-0.403	0.853	0.439	0.57	1.006
"YOR243C"	-0.582	-0.887	0.268	-3.8055	-2.475	-2.128	-2.1915	-1.6015	-2.2855	-3.3625	-1.6325	-2.414	-3.635	-2.371	-2.179	-2.726	-2.865	-4.484	-3.863	-0.005	0.213	0.218	0.0425	0.261	0.255	-1.55	-1.693	-1.694	-1.685	-0.38	-1.997	-1.377	-0.13	-0.123	-0.053	-0.168	-0.793
"YOR254C"	-0.247	-1.067	0.3095	-2.6515	-1.5795	-1.235	-1.406	-1.671	-1.5485	-2.192	-2.018	-1.4845	-2.631	-1.666	-1.904	-1.86	-2.354	-2.689	-2.309	0.143	0.04	0.297	0.3895	0.29	0.301	-1.388	-1.468	-1.679	-1.489	-0.286	-1.792	-1.343	-0.003	-0.312	-1.443	-0.491	-0.113
"YOR272W"	-0.438	-0.572	-0.032	-4.8145	-2.3895	-2.6015	-1.5575	-1.682	-1.968	-3.353	-1.779	-1.376	-3.311	-1.777	-2.312	-2.009	-3.017	-3.307	-4.52	0.167	0.184	0.232	-0.4835	0.238	0.573	-1.076	-0.897	-1.625	-1.637	0.166	-2.384	-1.167	-0.87	-0.657	-0.875	-0.993	-0.864
"YOR309C"	0.26	-1.663	-0.079	-6.798	-4.4185	-4.0545	-4.227	-3.75	-3.942	-4.234	-3.8235	-2.194	-5.839	-3.084	-3.704	-4.353	-4.746	-5.449	-5.009	0.043	-0.118	0.278	-0.4265	0.059	0.399	-2.601	-2.983	-2.775	-3.093	-0.307	-3.28	-2.75	2.076	1.996	2.316	2.134	-0.041
"YOR310C"	-0.119	-1.081	0.1095	-6.006	-3.92	-3.4655	-3.0705	-3.303	-3.319	-4.7765	-3.5415	-2.603	-5.777	-2.773	-3.838	-4.105	-4.745	-5.099	-4.866	0.202	0.415	0.239	-0.732	0.251	0.315	-2.67	-2.757	-2.944	-3.125	-0.196	-3.229	-2.493	0.265	0.847	0.989	0.283	0.142
"YOR328W"	-0.193	1.322	0.171	0.2	0.7075	1.0585	2.041	2.339	1.5255	1.5625	0.2515	0.076	1.374	0.601	1.484	2.554	3.195	3.505	3.788	-0.083	-0.012	0.422	-0.418	0.275	-0.298	0.312	0.808	1.069	0.859	-0.62	0.045	0.141	0.056	-1.144	-0.34	-0.779	0.049
"YPL043W"	-0.633	-0.646	-0.0355	-4.668	-2.8315	-2.8295	-2.0985	-2.036	-2.04	-2.4695	-1.9305	-2.047	-3.89	-2.277	-2.069	-2.134	-1.995	-2.623	-2.739	-0.112	-0.348	-0.047	-0.767	-0.064	0.141	-0.931	-0.924	-0.867	-1.018	-0.796	-1.828	-1.162	0.412	0.739	1.055	0.696	-1.139
"YPL079W"	-0.104	-1.022	-0.0855	-4.616	-4.1965	-3.787	-3.3525	-2.3565	-2.6495	-3.892	-3.0255	-3.112	-4.735	-2.781	-2.741	-3.087	-3.015	-3.498	-4.547	0.031	-0.058	0.053	0.593	-0.206	-0.155	-2.001	-1.716	-1.575	-1.04	0.068	-2.489	-2.116	0.117	0.686	0.904	0.79	0.729
"YPL081W"	-0.237	-0.796	0.297	-4.5065	-3.3595	-3.199	-3.083	-2.508	-3.086	-3.4025	-2.428	-2.3315	-4.022	-2.461	-2.849	-2.929	-2.789	-2.909	-3.725	0.099	0.136	0.123	0.4095	-0.06	-0.13	-1.895	-1.906	-1.527	-1.466	0.068	-2.936	-2.468	0.093	0.653	0.958	0.805	0.486
"YPL183C"	-0.3665	-0.807	0.2155	-3.014	-2.069	-1.767	-1.5955	-1.8275	-1.544	-4.1755	-1.7965	-2.531	-2.335	-1.757	-1.735	-1.38	-2.512	-2.745	-3.056	-0.103	-0.202	-0.226	-0.3185	-0.371	-0.129	-1.207	-0.751	-0.935	-0.68	-0.146	-1.4975	-0.8895	-0.1635	0.0825	0.169	-0.1955	-0.2615
"YPL226W"	-0.684333333333333	-1.114	0.375666666666667	-4.86566666666667	-3.38066666666667	-2.57633333333333	-2.407	-1.80333333333333	-2.21533333333333	-3.95033333333333	-2.786	-2.922	-4.0095	-2.363	-2.3985	-2.8955	-3.407	-2.9025	-3.983	-0.0735	0.0015	-0.507	-0.498333333333333	-0.397	-0.0845	-2.2435	-2.2755	-1.7945	-2.3825	-0.2765	-2.123	-1.895	-0.483	0.2	-0.077	-0.08	0.395
"YPR049C"	0.209666666666667	0.624	0.371333333333333	0.953333333333333	1.08666666666667	1.18466666666667	1.38933333333333	1.679	2.121	2.34566666666667	0.793666666666667	1.18933333333333	1.033	1.119	1.5345	1.8485	2.0825	1.4045	1.546	-0.105	0.0785	0.1715	0.0153333333333333	0.2295	-0.044	1.805	1.9485	1.605	1.4575	0.5835	1.576	1.751	0.173	0.325	0.02	-0.198	-0.514
"YPR102C"	-0.551	-1.197	0.1105	-3.521	-3.2315	-3.2945	-3.3515	-2.7315	-2.6455	-4.045	-3.673	-3.277	-4.644	-2.495	-2.723	-3.232	-3.352	-3.749	-4.692	0.219	0.076	0.337	0.6555	0.226	0.125	-2.243	-1.685	-1.678	-1.328	0.071	-3.663	-2.864	0.64	1.257	0.915	0.878	1.332
"YPR163C"	0.7075	-1.144	-0.0395	-3.6815	-2.265	-2.266	-1.717	-1.8375	-0.93	-2.9485	-2.6395	-2.0525	-3.136	-2.003	-2.05	-2.325	-2.642	-2.895	-2.82	-0.06	-0.396	0.385	0.022	0.187	0.436	-1.345	-1.666	-1.832	-2.618	-0.347	-1.861	-1.509	0.374	1.145	1.609	1.46	0.449
