	"856.YPD_10_h_30C"	"857.YPD_12_h_30C"	"858.YPD_1_d_30C"	"860.YPD_3_d_30C"	"861.YPD_5_d_30C"	"945.starv_in_H2O_6_h_30C"	"1013.YPD 1 d (25C)"	"1015.YPD 3 d (25C)"	"1016.YPD 5 d (25C)"	"1017.YPD 7 d (25C)"	"1018.YPD 13 d (25C)"	"3022.WT vs lpz8 null cells in low Cu"
"YBL077W"	-1.694	-1.571	-2.021	-3.136	-5.081	-2.667	-1.615	-2.345	-2.816	-3.3595	-3.1945	-0.028
"YBR011C"	-0.822	-1.081	-0.977	-4.081	-5.344	-1.407	-0.2825	-1.271	-2.3835	-3.0585	-3.4585	0.267
"YBR106W"	-1.695	-1.83	-2.108	-3.354	-5.052	-2.731	-1.999	-2.137	-2.3225	-3.147	-3.2985	0.396
"YBR121C"	-1.582	-1.543	-2.186	-4.037	-5.791	-2.465	-1.721	-3.155	-4.1355	-4.173	-4.5985	-0.088
"YBR154C"	-1.448	-1.369	-1.387	-3.531	-4.423	-1.85	-1.6075	-2.257	-2.6225	-3.012	-3.8995	0.097
"YBR205W"	0.216	-0.253	-0.574	-2.047	-3.842	-1.251	-0.458	-0.5585	-0.8785	-1.5345	-2.119	0.12
"YBR283C"	-0.506	-0.531	-0.816	-1.689	-3.351	-1.52	-0.8295	-1.437	-1.68	-1.8725	-2.0585	0.356
"YCR002C"	-0.686	-1.293	-1.572	-3.669	-5.182	-1.575	-0.8665	-1.597	-2.564	-2.9535	-2.7005	-0.107
"YCR034W"	-1.032	-0.877	-1.912	-3.204	-4.331	-2.489	-1.2005	-2.676	-3.0135	-3.2845	-3.3025	0.174
"YDR071C"	-0.661	-0.825	-1.203	-2.459	-4.374	-0.861	-0.648	-0.953	-1.937	-3.125	-2.557	0.039
"YDR098C"	-0.397	-0.455	-1.205	-1.722	-3.797	-1.178	-1.054	-1.498	-1.355	-2.09	-2.226	0.115
"YDR341C"	-1.485	-1.763	-1.574	-3.212	-5.262	-2.218	-1.135	-2.263	-3.262	-3.294	-3.559	-0.17
"YER009W"	-0.602	-0.827	-1.398	-2.671	-4.765	-1.906	-0.939	-1.465	-2.034	-2.393	-2.025	0.353
"YER043C"	-1.979	-2.553	-2.767	-4.78	-6.476	-3.18	-2.272	-3.716	-3.31	-4.857	-4.918	0.056
"YER086W"	-1.128	-1.076	-1.236	-3.61	-5.173	-2.028	-1.373	-1.837	-2.624	-2.882	-3.77	-0.074
"YFR009W"	-1.318	-1.513	-2.017	-3.004	-4.932	-1.585	-1.862	-2.511	-3.291	-3.978	-4.281	-0.309
"YFR028C"	-0.58	-0.627	-1.456	-2.027	-4.271	-1.293	-0.829	-1.447	-1.092	-1.864	-1.575	-0.087
"YGL016W"	-0.675	-0.604	-1.474	-3.034	-4.265	-1.391	-0.997	-1.608	-2.599	-3.554	-2.639	-0.132
"YGL022W"	-0.135	-0.631	-1.034	-3.396	-4.268	-1.742	-0.547	-0.699	-1.211	-1.242	-2.176	-0.102
"YGL245W"	-1.565	-1.579	-1.475	-4.799	-6.655	-2.088	-1.416	-2.121	-3.552	-4.345	-4.779	0.094
"YGR037C"	-0.574	-0.73	-1.659	-3.63	-4.976	-1.04	-0.786	-1.441	-1.964	-2.717	-2.416	0.54
"YGR185C"	-1.695	-1.31	-2.13	-5.306	-6.361	-2.266	-1.434	-2.944	-4.576	-4.871	-5.006	-0.188
"YGR195W"	-0.379	-0.534	-0.67	-2.179	-3.999	-1.268	-0.81	-0.934	-1.872	-1.878	-1.911	0.15
"YGR229C"	-0.382	-0.754	-1.164	-2.847	-4.256	-1.316	-0.983	-1.658	-2.401	-2.58	-3.391	-0.449
"YHR019C"	-1.096	-1.467	-1.831	-4.051	-5.077	-2.76	-1.385	-2.06	-3.117	-3.721	-4.387	-0.214
"YHR043C"	-0.183	-0.203	-0.943	-1.983	-3.778	-1.052	-0.736	-1.062	-1.59	-1.963	-1.696	-0.151
"YHR047C"	-1.298	-1.862	-1.732	-3.032	-4.423	0.114	-1.388	-1.63	-1.978	-3.102	-3.056	-0.54
"YHR064C"	-1.596	-1.668	-1.77	-3.329	-5.238	-0.22	-1.449	-2.25	-2.957	-3.678	-3.675	-0.089
"YHR108W"	-1.093	-1.238	-1.418	-2.982	-5.02	-1.923	-0.855	-1.359	-1.661	-2.122	-1.381	-0.404
"YIL021W"	-0.145	-0.313	-0.81	-1.965	-3.289	-0.841	-0.373	-1.127	-1.2	-1.693	-1.565	0.025
"YIL078W"	-2.018	-2.219	-2.498	-5.192	-6.059	-2.462	-1.821	-3.226	-4.41	-4.902	-4.944	-0.355
"YIL118W"	-0.472	-1.014	-1.58	-2.382	-3.881	-1.695	-0.978	-1.172	-1.281	-1.819	-1.622	-0.24
"YJL002C"	-1.637	-1.454	-1.243	-2.469	-4.487	-0.803	-0.838	-1.17	-1.748	-2.556	-2.618	-0.009
"YJL014W"	-1.298	-1.283	-1.494	-2.624	-3.962	-1.317	-1.338	-1.58	-2.252	-3.068	-2.866	-0.18
"YJL192C"	-0.752	-0.943	-1.258	-3.649	-4.214	-1.458	-0.659	-0.942	-1.68	-2.446	-1.599	0.082
"YJR007W"	-1.629	-2.107	-1.68	-3.21	-8.057	-1.91	-1.571	-2.051	-2.909	-3.009	-3.616	0.137
"YJR139C"	-0.297	-1.072	-1.226	-2.333	-4.462	-1.529	-0.158	-1.269	-1.914	-2.388	-2.051	0.239
"YKL073W"	-1.279	-0.85	-0.732	-2.672	-3.282	-1.963	-0.99	-1.089	-2.148	-2.623	-3.195	-0.085
"YKL122C"	-0.712	-1.091	-1.321	-2.027	-4.576	-1.64	-1.057	-1.282	-2.178	-2.544	-2.706	0.023
"YKL154W"	-1.223	-1.327	-1.486	-2.701	-3.89	-0.702	-1.194	-1.447	-1.765	-2.132	-2.222	-0.021
"YKR059W"	-1.242	-1.181	-1.543	-2.817	-4.998	-2.238	-1.043	-2.106	-2.623	-2.96	-3.568	0.055
"YLR060W"	-2.047	-2.296	-2.499	-4.941	-5.967	-2.566	-1.546	-2.667	-3.118	-3.713	-4.371	-0.133
"YLR100W"	-0.831	-0.795	-1.172	-2.507	-4.853	-1.167	-0.746	-1.09	-1.855	-2.159	-2.128	-0.363
"YLR101C"	-0.819	-0.823	-1.233	-2.239	-3.161	-1.629	-1.115	-1.203	-1.911	-2.069	-2.518	-0.074
"YLR208W"	-0.743	-0.814	-1.266	-1.968	-4.432	-2.018	-1.003	-1.248	-1.898	-2.183	-2.499	0.112
"YLR301W"	-1.622	-1.91	-1.953	-3.676	-5.415	-2.439	-1.36	-1.325	-2.581	-2.218	-2.268	-0.534
"YLR314C"	-0.356	-0.859	-1.783	-2.218	-5.585	-1.023	-1.702	-2.761	-2.906	-3.447	-3.937	-0.061
"YMR079W"	-0.685	-0.978	-1.001	-2.074	-3.648	-1.777	-1.053	-1.294	-1.666	-1.971	-2.855	0.334
"YMR235C"	-1.143	-1.493	-1.783	-3.534	-5.187	-2.052	-1.439	-2.046	-2.838	-3.21	-3.756	-0.479
"YNL189W"	-0.397	-0.902	-1.084	-2.367	-4.06	-1.19	-1.0	-1.294	-2.058	-2.641	-3.084	-0.046
"YNL247W"	-1.024	-1.064	-1.822	-3.191	-4.64	-2.019	-1.062	-2.277	-2.658	-3.388	-2.515	-0.202
"YNL261W"	-0.719	-0.95	-0.733	-1.862	-4.047	-0.489	-0.554	-0.227	-1.285	-1.715	-1.269	-0.062
"YNR043W"	-1.672	-1.574	-1.86	-2.934	-5.1565	-1.8335	-1.59	-2.382	-2.655	-3.803	-3.856	-0.139
"YOR198C"	-0.782	-1.3675	-1.6725	-4.452	-5.562	-0.9675	-1.543	-2.828	-4.384	-4.657	-4.415	0.037
"YOR239W"	-0.5165	-1.1765	-1.31	-3.232	-5.0985	-1.8425	-1.273	-2.15	-3.149	-3.934	-3.704	-0.63
"YOR253W"	-1.429	-1.46	-1.575	-2.7935	-5.157	-2.16	-1.318	-1.299	-1.872	-2.672	-2.633	-0.004
"YOR323C"	-1.401	-1.757	-1.941	-4.2845	-6.434	-2.053	-0.904	-1.382	-2.742	-3.497	-3.428	-0.023
"YOR326W"	-0.945	-1.475	-1.329	-3.4635	-4.9875	-1.9335	-1.343	-2.099	-3.585	-3.591	-2.795	-0.345
"YPL037C"	-2.0885	-1.9235	-1.975	-3.9955	-5.417	-1.96	-1.255	-1.872	-2.115	-3.222	-3.654	0.342
"YPL094C"	0.0745	-0.4525	-1.14	-3.0415	-5.3055	-1.6385	-0.976	-1.061	-2.024	-2.284	-2.741	0.161
"YPL243W"	-1.106	-1.109	-1.456	-4.1455	-5.276	-1.5105	-1.042	-1.873	-2.602	-3.541	-3.544	-0.188
"YPR033C"	-1.291	-1.908	-2.534	-4.8805	-7.94	-2.6225	-1.226	-2.55	-3.951	-4.382	-4.54	-0.302
"YPR108W"	-0.8275	-0.878	-1.293	-2.0125	-4.645	-1.6305	-0.783	-1.136	-2.383	-3.07	-2.669	-0.379
