	"58.Elutriation2:Sample2:Time5.0hrs"	"781.Heat Shock 000 minutes (series 2)"	"812.1M sorbitol - 45 min (* centrifugation problem)"	"854.YPD_6_h_30C"	"855.YPD_8_h_30C"	"859.YPD_2_d_30C"	"860.YPD_3_d_30C"	"861.YPD_5_d_30C"	"1009.YPD 2 h (25C)"	"1014.YPD 2 d (25C)"	"1017.YPD 7 d (25C)"	"1018.YPD 13 d (25C)"	"1107.alpha factor release sample025"	"1155.DY1457 (wild type) 3 mM vs. 10 uM zinc"	"1303.diauxic shift timecourse: 0 hr"	"2557.Hypo-osmotic shock - 60 minutes"	"4872.1M sorbitol - 60 min"	"6344.DES460 + 0.02% MMS - 5 min"	"6351.DES460 + 0.02% MMS - 30 min"	"6354.DES460 + 0.2% MMS - 45 min"	"6357.DES460 + 0.02% MMS - 60 min"	"6358.DES460 + 0.02% MMS - 90 min"	"6688.trr - 0.3 mM H2O2 - 30 min"	"8287.mcm1-1 + pRS315 vs. mcm1-1 + pRS-MCM7"	"8520.DES460 + 0.02% MMS - 120 min"	"11466.yO1 test hyb"	"13059.wt/crz1 Na 45min (1)"	"13060.wt/crz1 Na 45min (2)"	"13064.wt/crz1 Ca 30min (2)"	"13070.Ca/Ca+FK 15min (2)"	"16338.DES460 vs. DES460 YPD log phase control"	"21661..24 mM H2O2- 049 minutes/redo"	"21666..24 mM H2O2- 055 minutes"	"40949.H2O2_II_35_min"	"40950.H2O2_II_42_min"	"40951.H2O2_II_49_min"	"40952.H2O2_II_56_min"	"40953.H2O2_II_63_min"	"40954.H2O2_II_70_min"	"40955.H2O2_II_77_min"	"40957.H2O2_II_120_min"	"40967.MD_II_42_min"	"40968.MD_II_49_min"	"40969.MD_II_56_min"	"40970.MD_II_63_min"	"40971.MD_II_77_min"	"40972.MD_II_85_min"	"40973.MD_II_100_min"	"40974.MD_II_120_min"	"40975.MD_II_130_min"	"40976.MD_II_140_min"
"YAR015W"	0.2105	0.218	0.1965	-1.7295	-1.4975	-1.306	-1.779	-5.339	-0.109666666666667	-0.164	-0.2615	0.389666666666667	-0.057	-1.38266666666667	0.093	0.646	-0.0446666666666667	0.047	0.141	0.903	0.504	0.51	-0.834	0.332	0.732666666666667	-0.416	0.259	0.121	0.154	-0.072	-0.364	-1.218	-1.259	-1.475	-1.859	-1.9	-1.595	-1.533	-1.213	-1.157	-0.991	-1.798	-2.693	-3.005	-2.021	-2.13	-3.068	-1.297	-1.497	-1.611	-2.197
"YBL002W"	0.6235	0.456	-0.7085	-1.978	-2.008	-1.256	-2.176	-3.979	0.166	-0.976	-1.1675	-1.4185	0.572	-0.133	0.413	0.323	-0.076	0.201	-0.821	-0.7215	-0.9855	-1.104	-1.14	0.542	-1.4215	-1.67	0.129	0.221	0.845	0.526	0.079	-2.948	-2.472	-1.038	-3.399	-2.363	-3.564	-2.771	-1.971	-1.705	-1.551	-0.954	-2.098	-3.676	-3.701	-2.95	-2.567	-2.172	-1.313	-0.275	-1.897
"YBL024W"	-0.367	1.103	-0.1675	-3.938	-2.484	-2.483	-4.671	-4.879	0.1425	-2.147	-3.5465	-3.993	-0.252333333333333	-0.106	0.412	0.111	0.065	-0.062	-0.7865	-0.633	-0.7535	-0.7785	-1.781	0.126	-0.976	-2.18	-0.008	0.125	-0.226	-0.205	-0.205	-1.951	-1.795	-1.959	NaN	-3.035	-2.505	-2.409	-1.682	-1.93	-1.367	-0.832	-2.246	-3.046	-2.613	-2.847	-2.266	-2.199	-2.319	-2.617	-0.376
"YBL036C"	-0.0915	0.337	0.178	-0.922	-0.82	-0.828	-0.869	-2.848	0.1155	-0.4485	-1.091	-1.0785	0.1375	0.041	-0.154	0.242	0.045	0.098	-0.0995	-0.018	-0.221	-0.175	0.316	0.119	-0.1115	-0.433	0.16	0.326	0.244	-0.04	0.272	-0.972	-0.427	-0.813	-0.758	-0.601	-0.648	-1.11	-0.54	-0.758	-0.227	-1.762	-0.219	-0.938	-1.31	-1.018	-2.316	-1.74	0.552	-1.253	-0.999
"YBL068W"	-0.2065	0.957	-0.2475	-2.464	-1.272	-2.087	-3.069	-2.71	0.1775	-1.472	-2.429	-2.56	-0.081	0.169	0.371	0.219	0.106	-0.142	-0.5925	-0.4885	-0.3435	-0.4215	-1.231	0.255	-0.261	-1.092	-0.041	0.088	-0.379	-0.46	0.202	-1.467	-1.17	-1.643	-3.363	-2.2	-2.272	-2.392	-1.353	-1.497	-0.925	-0.277	-1.871	-1.616	-2.312	-2.735	-1.33	-1.424	-0.812	-1.239	-1.306
"YBR034C"	-0.1095	1.57	-0.382	-3.091	-2.072	-2.349	-1.758	-3.523	0.246	-1.9885	-2.963	-1.668	0.054	0.229	0.033	0.354	0.0885	-0.272	-1.1355	-0.9695	-0.493	-0.862	-1.857	0.488	-0.7145	-2.008	-0.166	-0.13	0.042	0.315	-0.229	-3.343	-3.505	-2.39	-3.237	-2.481	-2.253	-1.841	-1.822	-0.994	-1.352	-0.978	-2.323	-1.821	-1.808	-1.641	-1.118	-2.096	-1.494	-1.958	-2.288
"YBR069C"	0.104	0.874	-0.386	-0.816	1.169	-2.139	-2.723	-4.447	0.0025	-1.266	-2.0695	-2.07	0.0965	-0.2475	0.386	0.063	-0.05	0.076	-0.5435	-0.5875	-0.476	-0.2795	-1.771	0.262	-0.127	-0.736	0.426	0.461	0.759	0.353	-0.045	-2.295	-2.632	-2.971	-8.266	-3.923	-3.739	-3.321	-3.06	-2.431	-1.753	-1.988	-4.214	-3.399	-3.57	-3.372	-2.922	-2.575	-2.678	-1.807	-2.77
"YBR084W"	-0.2485	0.888	-0.3055	-4.143	-3.145	-4.006	-4.365	-5.362	-0.02	-1.9025	-2.75	-2.725	0.0255	-0.1895	0.347	0.606	-0.015	-0.166	-0.8135	-0.699	-0.809	-1.1245	-1.163	0.04	-0.7975	-2.65	0.223	0.198	-0.485	-0.347	-0.489	-1.329	-1.648	-2.238	-2.647	-3.082	-3.886	-2.886	-2.974	-2.356	-1.857	-1.346	-2.671	-4.042	-2.826	-2.843	-2.786	-2.018	-2.601	-2.88	-3.139
"YBR238C"	0.0985	1.07	-0.022	-2.763	-3.023	-1.945	-2.138	-2.585	0.173	-2.81	-3.32	-3.008	0.1835	0.4805	0.219	0.302	-0.0555	0.062	-0.781	-0.792	-0.64	-0.467	-1.873	-0.207	-0.1635	-0.915	0.066	-0.088	-0.095	0.434	-0.318	-2.208	-2.362	-2.622	-4.725	-3.055	-2.629	-2.084	-1.737	-0.374	-1.332	-2.915	-2.77	-3.23	-2.91	-2.028	-2.671	-2.596	-5.573	-2.085	-3.046
"YCL037C"	0.113	0.537	-0.076	-4.172	-2.907	-2.769	-2.555	-3.932	-0.015	-2.8585	-2.4225	-2.617	-0.135	-0.081	-0.005	0.196	-0.06	-0.128	-0.74	-0.733	-0.6355	-0.7265	-1.24	0.069	-0.7385	-2.864	0.311	0.058	-0.257	-0.418	-0.871	-2.755	-2.744	-2.921	-3.924	-5.179	-3.883	-3.259	-3.41	-2.77	-2.064	-3.338	-2.213	-2.414	-2.976	-3.098	-3.335	-1.49	-3.839	-2.281	-1.224
"YCRX21C"	0.148	-0.224	-0.1535	0.783	1.11	0.817	0.325	-0.409	0.097	1.6765	2.4675	1.4695	0.257	0.298	0.014	0.142	0.043	0.167	0.818	0.952	1.1195	1.047	1.198	-0.173	1.2875	0.72	-0.217	-0.25	-0.016	0.126	-0.064	3.301	4.587	2.077	3.063	3.681	3.951	3.898	3.874	3.525	2.111	2.796	3.123	3.343	3.807	3.86	4.464	4.13	2.699	3.115	2.991
"YDL051W"	0.328	0.817	-0.086	-3.639	-2.402	-2.07	-2.856	-3.563	-0.208	-1.892	-2.325	-2.819	0.05	0.21	0.185	0.419	0.163	-0.038	-0.819	-0.865	-0.759	-0.815	-1.475	0.208	-0.585	-1.28	0.407	0.666	-0.235	0.033	-0.106	-0.479	-1.07	-0.766	-2.373	-2.38	-2.435	-2.444	-2.047	-1.511	-0.421	-2.179	-2.607	-2.117	-3.291	-2.247	-2.863	-2.803	-2.27	-2.324	-2.58
"YDL060W"	0.271	0.807	-0.219	-2.808	-1.985	-0.75	-1.737	-2.3	0.129	-0.803	-0.796	-0.503	0.057	0.262	0.172	0.978	0.215	-0.054	-0.475	-0.624	-0.813	-0.602	0.405	0.321	-0.276	-1.344	-0.538	-0.488	-0.598	-0.164	-0.32	-2.552	-2.565	-1.067	-2.964	-3.2	-2.179	-1.891	-1.444	-0.777	-0.632	-1.884	-2.574	-1.437	-1.951	-2.138	-2.235	-1.724	-2.708	-2.051	-2.296
"YDL062W"	0.11	0.109	-0.478	-2.463	-1.977	-1.244	-2.106	-2.509	-0.315	-1.846	-1.327	-1.243	-0.264	0.184	0.108	0.396	0.026	-0.356	-1.17	-0.953	-0.808	-0.782	-1.526	0.341	-0.863	-0.947	0.195	0.044	-0.617	-0.194	-0.179	-0.642	-2.07	-2.333	-2.45	-0.797	-2.494	-1.732	-1.407	0.035	-0.864	-2.46	-3.104	-2.492	-2.114	-2.435	-3.81	-1.86	-2.459	-3.472	-2.197
"YDL063C"	-0.033	1.0	-0.17	0.085	-2.723	-1.826	-1.564	-3.701	-0.321	-1.236	-1.229	-1.954	0.174	-0.182	0.015	0.435	-0.15	-0.129	-1.055	-0.695	-0.866	-0.74	-1.359	0.308	-1.032	-1.1	0.296	0.141	-0.905	1.064	-0.023	-1.289	-2.266	-3.033	-3.065	-3.912	-2.986	-2.206	-2.188	-1.121	-0.856	-2.243	-2.459	-3.077	-2.855	-2.076	-3.121	-1.95	-1.227	-1.545	-2.039
"YDL128W"	-0.00299999999999997	0.664	0.531	1.772	1.446	0.659	0.54	-2.01	0.132	0.305	0.139	-0.809	-0.346	0.091	-0.008	-0.187	0.113	0.231	0.226	-0.325	-0.001	-0.118	0.498	0.128	-0.268	0.098	0.088	0.171	0.154	0.49	-0.233	-0.279	-0.454	-2.386	-1.794	-1.379	-1.902	-1.185	-1.468	-1.404	-1.886	-1.32	-0.766	-3.124	-2.198	-0.593	-0.822	-0.238	-0.732	-1.17	-0.959
"YDL148C"	0.242	0.896	-0.406	-3.372	-1.757	-1.631	-2.269	-4.257	0.08	-2.056	-2.527	-2.281	0.079	-0.172	0.109	0.488	0.234	-0.092	-1.195	-1.228	-1.243	-1.078	-1.344	0.32	-1.132	-0.985	-0.174	-0.01	-0.82	-0.163	-0.03	-2.547	-2.328	-1.403	-2.374	-2.66	-2.849	-1.971	-1.869	-1.294	-1.147	-2.532	-1.765	-2.934	-1.825	-1.154	-2.401	-2.235	-1.604	-2.478	-2.319
"YDL153C"	-0.048	1.042	-0.066	-3.698	-2.049	-1.855	-0.684	-2.931	-0.236	-1.682	-0.597	-0.757	0.237	0.003	0.491	0.213	0.179	-0.267	-1.238	-1.204	-1.057	-0.948	-1.921	0.451	-1.011	-0.996	0.111	-0.074	-1.003	-0.337	-0.312	-1.269	-2.459	-1.13	-2.409	-3.278	-2.478	-2.582	-2.011	-1.578	-0.638	-1.745	-1.891	-1.822	-2.384	-1.516	-2.786	-2.056	-3.027	-2.46	-1.216
"YDL243C"	-0.1745	-0.6295	-0.081	0.9645	0.7905	1.0535	1.617	-0.5955	-0.083	1.157	2.0405	0.7085	0.063	-0.122	0.076	0.1075	-0.1025	0.087	0.153	0.501	0.494	0.407	0.8845	-0.052	0.4145	0.6255	-0.235	-0.1915	0.005	-0.0345	0.183	2.132	1.0895	0.8375	0.503	2.811	1.727	1.505	1.4615	1.6845	0.9495	1.946	1.9355	2.8595	2.5185	2.3025	2.532	2.1425	1.9535	1.34	1.1635
"YDR091C"	0.288	0.996	-0.21	-3.288	-2.045	-1.362	-3.384	-4.4	0.232	-1.728	-3.222	-3.423	0.006	-0.228	0.529	-0.128	0.11	-0.04	-0.82	-0.819	-0.665	-0.694	-1.822	0.359	-0.858	-1.376	-0.013	-0.028	-0.362	0.006	0.212	-2.177	-2.626	-2.07	-3.483	-2.823	-2.809	-1.954	-2.542	-1.621	-0.805	-1.168	-1.998	-1.019	-2.627	-2.36	-2.647	-2.595	-1.098	-2.9	-1.659
"YDR101C"	0.094	1.377	-0.271	-4.306	-3.203	-2.948	-4.145	-4.667	0.188	-1.96	-3.177	-3.516	0.113	0.136	0.45	0.072	0.107	-0.233	-1.295	-1.139	-1.223	-1.21	-2.224	0.191	-1.528	-2.013	0.204	0.01	-0.547	0.016	0.144	-2.808	-3.442	-2.64	-5.251	-2.911	-2.551	-2.764	-2.644	-1.66	-1.395	-1.821	-3.486	-3.361	-2.827	-2.477	-3.089	-2.576	-2.129	-3.128	-2.094
"YDR119W"	-0.211	0.348	-0.025	-1.325	-1.357	-0.886	-2.546	-1.953	0.056	-1.434	-1.863	-2.202	0.135	-0.104	0.397	0.051	-0.233	0.053	-0.342	-0.214	-0.008	-0.11	-1.042	0.205	-0.389	-1.305	0.027	-0.064	-0.285	0.127	0.161	-0.48	-1.41	-3.199	NaN	-2.382	-2.303	-3.081	-1.636	-1.805	-2.027	-2.282	-2.029	-2.61	-3.014	-2.285	-2.692	-1.427	-3.923	-2.336	-1.685
"YDR120C"	0.014	1.101	-0.341	-2.742	-1.641	-1.472	-1.298	-3.115	0.119	-1.239	-1.042	-1.857	0.134	0.116	0.05	0.226	0.056	-0.397	-1.021	-0.972	-1.131	-0.769	-2.16	0.122	-1.373	-1.427	0.211	0.252	-0.344	-0.325	-0.19	-2.241	-2.842	-1.919	NaN	-3.661	-3.766	-3.542	-2.798	-2.611	-1.11	-2.233	-2.198	-4.601	-2.119	-2.03	-2.564	-1.71	-2.6	-1.973	-2.809
"YDR121W"	-0.117	0.669	0.019	-1.721	-0.669	-0.908	-0.281	-1.056	-0.207	-0.662	0.162	-0.111	0.091	-0.121	0.168	0.057	-0.074	0.052	-0.187	-0.048	0.105	0.212	-0.279	-0.098	0.206	-0.575	0.077	0.104	-0.118	-0.48	-0.458	-0.61	-0.767	-1.229	-2.3	-1.478	-1.234	-1.42	-0.547	-1.405	-0.753	-1.685	-1.569	-2.918	-2.107	-2.239	-2.272	-2.487	-1.618	-2.379	-1.928
"YDR152W"	0.063	0.784	-0.314	-1.214	-0.852	-0.108	-0.668	-2.843	0.195	-0.703	-0.686	-0.982	0.16	0.198	0.053	0.089	-0.042	0.083	-0.377	-0.58	-0.42	-0.465	-0.799	0.032	-0.317	-1.106	0.344	0.416	-0.078	-0.249	-0.275	-0.86	-1.081	-0.699	-2.481	-1.643	-1.916	-2.412	-1.388	-1.929	-0.856	-0.693	-1.62	-1.091	-1.611	-1.785	-2.746	-1.481	-1.081	-1.995	-1.943
"YDR189W"	0.048	0.259	0.53	-0.905	-0.795	-0.956	-1.871	-2.842	0.236	-0.693	-1.904	-2.063	0.152	0.075	0.262	-0.126	-0.041	0.053	0.119	0.139	0.072	0.067	-0.37	0.365	-0.006	-0.9815	-0.1815	-0.1255	-0.454	-0.6995	-0.0445	-0.551	-0.334	-0.9035	-1.001	-0.8915	-0.926	-1.087	-0.8815	-0.4315	-0.484	-1.0955	-1.19	-1.7685	-0.959	-1.8095	-1.331	-1.6005	-1.5185	-2.192	-1.5875
"YDR211W"	0.061	0.538	-0.288	-2.225	-1.565	-1.38	-1.706	-4.77	0.2	-1.28	-2.043	-3.034	0.109	0.365	0.519	0.325	0.515	0.113	-0.246	-0.112	-0.162	-0.004	-0.649	0.245	-0.119	-1.1775	0.3765	0.3695	-0.186	-0.2585	0.122	-1.9165	-0.96	-1.9775	-4.418	-1.87	-1.8185	-1.65	-2.364	-1.2315	-1.0535	-1.5095	-1.5375	-1.348	-1.3985	-1.462	-2.338	-2.0095	-1.387	-1.441	-1.6565
"YDR225W"	0.378	0.653	-0.699	-0.991	-1.548	-1.946	-1.961	-3.079	0.33	-1.089	-0.748	-1.186	0.55	-0.125	0.324	0.295	-0.098	0.195	-0.843	-0.837	-0.992	-1.296	-1.939	0.591	-1.407	-0.9675	0.094	0.0945	0.7065	0.45	0.3375	-3.348	-3.181	-1.24	-2.696	-3.601	-3.4225	-3.0715	-2.3385	-2.2635	-2.4755	-2.092	-1.969	-2.7755	-2.784	-3.724	-2.859	-3.689	-2.335	-1.6715	-1.9635
"YDR294C"	-0.108	-0.316	0.206	0.809	0.623	0.609	1.111	-1.491	0.319	0.451	0.687	0.022	0.013	0.448	-0.136	-0.075	-0.029	-0.035	0.149	0.122	0.38	0.333	0.59	-0.068	0.436	-0.176	-0.196	-0.151	-0.031	0.031	-0.152	1.095	1.477	1.405	2.495	2.175	2.501	1.895	1.98	2.192	1.07	0.97	0.576	0.304	1.05	1.429	1.507	0.983	1.095	0.933	1.07
"YDR321W"	-0.403	0.698	-0.022	-3.554	-2.231	-3.04	-3.093	-4.43	0.275	-2.389	-2.582	-2.75	-0.053	0.241	0.049	0.343	-0.017	0.099	-0.549	-0.652	-0.505	-0.69	-1.592	0.294	-0.592	-2.035	0.373	0.17	-0.34	-0.125	0.08	-1.032	-1.368	-0.907	-2.472	-2.671	-3.009	-4.335	-2.664	-1.929	-1.435	-1.125	-2.832	-3.642	-4.82	-2.012	-2.058	-2.768	-1.957	-2.173	-2.168
"YDR331W"	0.183	0.392	-0.162	-1.86	-1.348	-1.064	-1.384	-2.808	0.323	-0.952	-0.511	-0.854	0.113	0.153	0.073	-0.107	0.507	-0.006	-0.384	-0.406	-0.265	-0.416	-0.483	0.174	-0.291	-0.819	-0.018	0.022	0.049	0.13	0.154	-0.405	-0.901	-2.404	-1.934	-1.71	-1.765	-1.679	-1.828	-1.803	-1.752	-2.137	-2.536	-0.683	-2.088	-3.191	-2.257	-2.598	-2.271	-1.352	-2.469
"YDR339C"	0.204	0.67	0.087	-2.0	-1.995	-1.235	1.715	-3.903	0.226	-0.83	-1.143	-1.499	-0.019	0.274	0.052	-0.149	0.043	-0.091	-0.449	-0.592	-0.476	-0.582	-0.767	0.1	-0.482	-0.929	0.03	0.273	0.092	0.029	0.004	0.815	-0.796	-2.148	-1.799	-1.837	-1.709	-1.623	-1.568	-1.576	-1.306	-2.954	-1.396	-2.415	-2.409	-3.172	-2.858	-2.335	-2.812	-1.954	-3.423
"YDR341C"	0.376	0.703	-0.222	-3.559	-2.27	-1.681	-3.212	-5.262	0.32	-1.942	-3.294	-3.559	0.152	0.147	0.313	0.29	0.1	0.023	-0.26	-0.281	-0.087	-0.274	-1.251	-0.093	-0.272	-1.562	0.041	0.102	-0.3	-0.332	0.09	-0.568	-0.957	-2.03	-0.843	-1.313	-1.64	-2.047	-1.454	-1.449	-1.32	-1.751	-0.888	-1.566	-1.986	-3.202	-2.38	-3.139	-1.96	-2.088	-2.352
"YDR353W"	0.048	0.56	-0.333	-1.147	-1.68	-1.201	-2.014	-4.007	0.547	-1.27	-1.858	-1.37	0.529	0.584	0.218	0.295	0.135	0.083	0.741	1.164	1.098	0.978	0.786	0.128	1.086	-2.418	0.04	-0.072	0.096	0.13	-0.413	2.932	3.768	2.251	3.293	3.828	3.388	3.218	3.857	3.374	1.531	2.4	3.239	3.158	3.469	1.904	1.881	0.929	1.323	2.413	1.469
"YDR381W"	0.41	0.544	-0.274	-0.922	-1.515	-0.798	-0.13	-2.721	0.45	-0.111	0.25	-0.64	0.281	-0.033	0.381	0.282	-0.404	0.3	0.137	-0.006	-0.298	-0.469	-0.585	0.326	-0.161	-1.17	0.236	0.147	0.533	0.244	-0.299	-0.412	-0.504	-2.104	-1.856	-1.711	-2.094	-2.341	-1.066	-1.681	-0.645	-1.74	-0.966	-2.883	-2.114	-2.688	-2.501	-3.4	-3.097	-1.65	-2.237
"YDR385W"	0.223	0.949	-0.199	-2.252	-1.858	-1.985	-3.158	-5.463	0.365	-1.431	-2.214	-3.65	0.207	0.294	0.187	0.284	-0.147	0.076	-0.553	-0.745	-0.767	-0.69	-1.544	0.34	-0.789	-1.86	-0.018	-0.111	-0.02	-0.615	-0.353	-1.155	-1.702	-2.592	-1.851	-1.998	-2.451	-3.1	-1.291	-1.531	-1.63	-2.015	-2.324	-3.076	-2.561	-3.868	-3.022	-3.422	-2.794	-2.877	-2.375
"YDR399W"	-0.065	1.164	0.047	-4.676	-3.277	-2.773	-3.073	-4.784	0.177	-0.506	-2.216	-2.373	0.13	-0.287	0.108	-0.051	-0.101	-0.062	-1.012	-0.93	-1.286	-1.01	-3.107	0.571	-1.141	-1.693	0.415	0.328	0.257	0.483	0.128	-2.321	-4.555	-2.495	-4.807	-3.393	-4.366	-4.453	-2.615	-2.876	-1.666	-3.821	-4.282	-3.815	-3.846	-4.204	-3.723	-1.731	-3.375	-3.639	-3.377
"YDR413C"	0.148	1.079	-0.072	-2.622	-2.121	-1.58	-1.42	-2.057	-0.135	-1.311	-1.349	-1.81	0.15	-0.168	0.077	0.298	0.208	-0.231	-0.698	-0.723	-0.491	-0.622	-1.288	0.212	-0.677	-1.613	0.282	0.188	-0.138	-0.343	-0.277	-0.968	-1.55	-1.506	-1.988	-2.095	-2.112	-1.61	-2.009	-1.533	-0.865	-1.837	-1.569	-1.985	-1.746	-3.373	-2.423	-1.855	-2.541	-1.578	-1.085
"YDR429C"	0.477	0.747	-0.037	-2.84	-2.516	-2.02	-1.165	-3.313	0.082	-1.916	-1.579	-1.738	-0.12	0.191	0.531	0.244	-0.031	0.031	-0.324	-0.522	-0.557	-0.706	-0.086	0.429	-0.616	-2.084	-0.121	-0.046	0.129	-0.027	0.163	-1.516	-1.112	-1.192	-1.505	-1.86	-2.192	-1.402	-0.708	-1.636	-0.375	-2.483	-1.334	-2.263	-2.018	-2.161	-1.919	-2.958	-2.88	-3.064	-2.112
"YEL040W"	0.619	0.681	-0.701	-3.201	-3.812	-3.616	-3.786	-4.551	0.103	-4.461	-3.855	-3.066	0.044	-0.078	0.283	0.8	-0.591	-0.115	-0.62	-0.676	-0.762	-0.969	-1.381	0.329	-1.23	-3.1215	-0.113	-0.1205	-0.301	0.191	-0.4135	-2.7215	-2.913	-2.3985	-2.554	-2.6355	-2.0865	-2.2665	-1.5645	-1.171	-1.6505	-1.7475	-1.835	-2.23	-2.901	-2.1515	-2.125	-2.8375	-2.6615	-2.2145	-2.394
"YER110C"	-0.156	0.844	-0.359	-5.799	-1.967	-1.816	-3.498	-3.969	0.022	-2.152	-4.061	-3.78	-0.0335	-0.331	0.312	1.421	0.239	-0.079	-0.634	-0.7	-0.884	-0.851	-1.14	0.285	-0.832	-1.251	0.357	0.112	-0.496	0.321	-0.583	-1.331	-1.551	-1.936	-2.719	-4.092	-3.027	-3.583	-2.822	-1.715	-1.47	-1.566	-4.794	-2.965	-2.05	-2.304	-3.102	-2.172	-1.437	-1.662	-2.658
"YER146W"	0.126	0.523	-0.323	-1.259	-0.779	-1.126	-1.83	-2.824	-0.166	-1.193	-1.581	-1.09	0.157	-0.137	0.222	-0.107	-0.278	0.053	-0.067	-0.086	-0.116	-0.125	-0.611	0.418	-0.163	-1.349	-0.0205	0.0425	0.3005	0.354	-0.715	-0.796	-0.2445	-1.4525	-1.6665	-2.139	-1.746	-1.6755	-1.164	-0.7745	-0.892	-1.5835	-1.5235	-2.1235	-1.656	-1.971	-1.62	-1.934	-2.295	-2.23	-1.856
"YER186C"	-0.167	0.328	0.245	0.5	0.984	1.177	-0.233	-1.521	0.406	0.781	0.201	0.144	0.135	-0.033	0.192	-0.016	-0.11	0.214	-0.089	0.022	0.108	0.06	-0.494	0.123	0.062	1.0525	0.0625	0.0775	0.1555	-0.0505	0.1905	-0.174	-0.024	-1.804	-1.8575	-1.8815	-1.553	-1.541	-1.349	-1.146	-1.2225	-1.093	-1.928	-1.1985	-2.5915	-1.4625	-1.245	-1.439	-3.302	-1.6025	-1.1795
"YFR005C"	-0.107	0.465	-0.332	-1.517	-1.008	-2.188	-2.379	-1.828	-0.203	-0.982	-1.895	-1.511	-0.102	-0.094	0.124	-0.003	0.151	-0.126	-0.196	-0.239	-0.334	-0.394	-0.57	0.093	-0.443	-0.7195	-0.163	0.077	0.0565	0.0765	0.59	-1.037	0.254	-2.504	-0.815	-1.526	-1.242	-2.399	-1.955	-0.946	1.084	-2.053	-0.722	0.635	-0.681	-0.623	-1.713	-2.612	-1.551	-0.3095	1.2205
"YGL008C"	0.738	0.579	-0.139	-2.727	-1.377	-2.092	-4.675	-3.936	0.556	-1.748	-4.969	-4.679	-0.262	0.579	0.273	0.55	0.025	0.121	-0.302	-0.859	-0.685	-0.529	-1.608	0.262	-0.254	-3.185	-0.145	0.075	-0.755	0.904	-0.105	-1.203	-1.715	-3.265	-2.378	-2.57	-2.233	-3.006	-1.883	-1.094	-1.403	-0.946	-2.347	-0.82	-1.735	-1.604	-1.223	-1.457	-1.388	-2.112	-1.248
"YGL169W"	0.09	0.589	-0.073	-3.307	-1.775	-0.953	-1.674	-4.274	0.183	-0.531	-0.89	-1.304	0.148	0.237	0.094	0.06	0.107	-0.169	-0.604	-0.524	-0.693	-0.392	-1.122	0.104	-0.595	-0.428	0.099	0.276	-0.124	-0.248	0.035	-1.029	-2.117	-1.838	-2.33	-2.366	-2.171	-1.934	-1.337	-1.822	-1.421	-2.672	-3.02	-2.266	-2.733	-2.601	-2.215	-2.79	-1.897	-2.509	-2.958
"YGL225W"	0.446	0.767	-0.226	-2.616	-2.746	-1.309	-0.784	-3.965	0.438	-1.448	-0.926	-1.408	0.34	-0.023	0.263	0.148	-0.221	-0.063	-0.627	-0.623	-0.501	-0.665	-1.68	0.457	-0.743	-2.085	0.2	0.272	-0.159	-0.244	-0.041	-1.607	-1.729	-1.28	-1.475	-2.272	-2.215	-2.401	-1.385	-1.146	-1.59	-2.399	-3.02	-2.542	-2.546	-2.115	-1.972	-2.407	-2.049	-2.916	-2.393
"YGL234W"	0.192	0.662	0.434	-3.06	-2.064	-1.819	-2.485	-5.74	0.488	-0.696	-0.919	-1.198	0.086	0.116	0.18	0.161	0.254	NaN	-0.467	-0.406	-0.18	-0.04	-1.671	0.155	-0.33	-1.528	0.424	0.409	-0.36	-0.323	0.394	-2.443	-2.106	-2.803	-2.409	-2.651	-3.493	-3.311	-1.896	-1.777	-2.517	-1.473	-2.449	-2.551	-3.518	-2.992	-3.972	-2.755	-1.583	-3.191	-2.35
"YGR030C"	0.135	0.629	-0.106	-0.026	0.263	-0.892	1.282	-2.548	-0.002	-0.179	-0.636	-0.753	-0.031	-0.298	-0.216	-0.352	0.012	-0.12	-0.197	-0.192	-0.437	-0.241	-0.506	0.075	-0.139	-0.17	0.02	0.182	-0.068	0.099	0.131	-1.906	-0.588	-2.04	-2.521	-2.206	-2.025	-1.403	-0.847	-1.264	-0.821	-1.714	-1.014	-3.177	-2.109	-2.13	-1.727	-3.015	-2.61	-0.923	-1.108
"YGR033C"	0.326	0.361	0.107	0.702	0.371	0.695	0.765	-1.736	0.178	0.469	1.371	1.069	0.139	-0.125	0.165	-0.096	0.127	-0.177	-0.082	-0.214	-0.228	-0.115	0.132	-0.063	-0.25	-0.498	-0.113	0.041	0.112	0.202	0.232	-1.814	-1.251	-0.831	-2.741	-1.98	-2.631	-1.491	-1.778	-1.899	-0.787	-1.502	-0.917	-3.155	-2.515	-1.661	-1.661	-1.416	-1.233	-1.187	-2.56
"YGR061C"	0.367	0.2595	-0.292	-1.1505	-1.4555	-1.6865	-2.8345	-3.447	0.021	-1.7575	-1.6345	-2.528	-0.344	0.14	0.183	0.3115	-0.0275	-0.2455	-0.485	-0.5875	-0.5045	-0.479	-1.19	0.108	-0.407	0.329	-0.187	-0.206	-0.1255	0.265	-0.4465	-1.2355	-0.7205	-1.94	-1.676	-1.7555	-1.914	-2.2585	-2.133	-1.54	-1.276	-1.7475	-1.7845	-1.868	-2.215	-2.278	-1.9185	-1.68	-1.48	-1.8825	-1.3055
"YGR095C"	0.181	0.633	-0.032	-1.905	-1.296	-0.359	-0.816	-3.157	0.313	-0.514	-0.362	-1.176	0.039	0.141	0.029	0.214	0.108	-0.1	-0.508	-0.454	-0.441	-0.186	0.173	-0.013	-0.35	-0.227	0.284	0.39	0.267	0.274	0.209	-1.048	0.01	-0.255	-0.985	-1.084	-0.941	-1.966	-1.331	-0.831	-1.061	-2.052	NaN	-2.001	-0.61	-1.472	-1.633	-1.264	-1.077	-1.26	-1.734
"YGR128C"	-0.352	0.922	-0.203	-3.032	-2.601	-2.665	-2.66	-4.271	-0.071	-2.107	-3.037	-2.679	0.001	-0.086	0.349	0.227	0.096	-0.059	-0.65	-0.361	-0.594	-0.493	-1.376	0.317	-0.446	-1.9935	0.0155	-0.023	-0.302	-0.179	0.278	-2.645	-2.494	-1.4975	-4.806	-2.6405	-2.081	-2.224	-1.335	-1.589	-0.7305	-1.833	-1.582	-1.682	-2.0775	-1.0295	-1.5745	-1.3425	-2.1185	-1.8025	-2.6165
"YGR158C"	0.053	0.674	-0.254	-2.111	-0.958	-1.405	-2.12	-2.421	0.139	-1.068	-1.801	-2.176	0.059	0.17	0.147	-0.1	-0.275	-0.1195	-0.51	-0.535	-0.523	-0.354	-1.047	0.252	-0.634	-0.8485	0.172	0.214	-0.176	-0.096	-0.4895	-1.3505	-1.1445	-0.9055	-2.7335	-1.874	-1.3705	-1.5995	-1.547	-0.8945	-0.8905	-1.0375	-1.848	-1.223	-1.64	-1.698	-2.056	-3.052	-2.433	-1.622	-1.8995
"YGR162W"	0.564	0.8005	-0.4285	-2.589	-1.995	-1.532	-0.459	-3.2845	0.008	-1.1185	-1.614	-1.8905	0.257	0.2065	0.342	0.644	0.0345	0.0393333333333333	-0.3675	-0.355	-0.438	-0.638	-0.178	0.0375	-0.4625	-1.539	-0.118666666666667	-0.212666666666667	-0.236	0.098	-0.23	-1.46566666666667	-1.216	-1.27333333333333	-1.901	-1.64033333333333	-1.90833333333333	-1.96133333333333	-1.47166666666667	-1.25533333333333	-0.908666666666667	-1.62766666666667	-1.40533333333333	-2.19633333333333	-1.209	-1.30466666666667	-1.53633333333333	-3.23066666666667	-2.39433333333333	-1.641	-1.56033333333333
"YGR216C"	-0.257	0.125	-0.119	0.469	0.577	-0.147	0.218	-1.101	-0.008	-0.396	-1.091	-0.943	0.173	-0.209	0.169	0.066	0.018	0.272	-0.089	-0.13	-0.136	-0.142	-0.354	0.407	-0.077	0.755	-0.078	-0.13	-0.014	0.006	0.08	-1.329	-0.992	-0.996	-2.781	-1.846	-1.303	-1.168	-1.861	-1.171	-0.972	-1.145	-0.73	-2.129	-1.213	-0.781	-0.396	-1.481	-1.259	-1.755	-1.43
"YGR264C"	0.048	0.85	-0.214	-3.787	-2.696	-3.206	-5.206	-4.616	0.362	-2.707	-4.957	-4.753	0.071	0.234	0.499	0.275	-0.079	-0.026	-0.432	-0.287	-0.511	-0.701	-0.867	0.328	-0.827	-2.468	0.034	-0.035	-0.271	-0.331	0.147	-1.405	-1.912	-2.244	-2.542	-1.979	-2.475	-2.845	-2.239	-2.046	-2.09	-1.735	-2.295	-3.481	-2.999	-1.884	-1.222	-2.931	-2.022	-4.532	-2.536
"YGR276C"	-0.024	0.202	0.217	-0.353	-0.479	-0.409	-0.325	-2.175	0.205	-0.539	-1.155	-1.637	0.074	0.081	0.279	0.122	-0.1	-0.032	0.113	0.181	0.241	0.295	0.739	0.127	0.154	-0.367	-0.214	-0.175	0.202	-0.107	0.166	-1.623	-1.371	-0.995	-2.046	-1.493	-1.169	-1.267	-1.245	-1.649	-0.671	-2.561	-2.054	-1.951	-2.037	-2.552	-1.195	-3.764	-0.841	-1.79	-2.064
"YHL013C"	-0.14	0.452	-0.169	-1.592	-0.779	-1.218	-3.25	-2.833	0.07	-1.116	-2.2	-0.717	0.261	0.021	-0.065	0.055	0.038	-0.1885	-0.273	-0.254	-0.368	-0.439	-0.958	0.21	-0.204	-0.585	0.305	0.411	-0.351	-0.425	0.015	-1.106	-1.367	-1.573	-1.68	-2.253	-1.833	-1.526	-2.158	-1.591	-1.033	-1.318	-2.933	-3.325	-2.312	-1.963	-2.096	-1.887	-2.003	-2.976	-2.505
"YHL039W"	-0.074	0.837	-0.2745	-1.821	-0.65	-0.4745	-0.9825	-3.2375	0.036	-0.9225	-0.851	-1.0325	0.119	-0.1685	0.066	0.3655	-0.052	-0.251666666666667	-0.7255	-0.5865	-0.5515	-0.402	-0.709	0.0865	-0.4805	-0.508	-0.0595	-0.127	-0.1965	-0.1515	0.125	-1.644	-1.655	-0.993	-1.7975	-1.079	-1.2905	-1.608	-0.9835	-0.7395	-1.3875	-1.5475	-2.5555	-1.912	-0.8785	-1.3605	-1.7855	-1.648	-1.315	-2.2625	-2.4065
"YHR020W"	0.012	0.868	-0.261	-4.019	-2.214	-2.709	-2.69	-4.045	0.286	-1.649	-2.26	-2.19	0.291	0.185	1.959	0.844	-0.16	0.1685	-0.256	-0.316	-0.509	-0.544	-0.879	-0.017	-0.521	-2.656	0.137	0.093	-0.34	-0.343	-0.461	-1.634	-1.358	-0.958	-2.132	-2.031	-1.903	-2.306	-1.471	-2.453	-1.938	-1.668	-2.26	-2.475	-3.496	-3.304	-2.501	-2.595	-2.125	-3.397	-2.597
"YHR031C"	0.349	0.053	-0.158	-0.464	-0.383	0.907	-2.163	-3.341	0.154	-0.414	-1.807	-1.254	-0.4	0.157	-0.34	-0.006	0.496	-0.1485	-0.823	-0.353	-0.461	-0.22	-0.646	-1.363	-0.246	-0.023	0.43	0.45	-0.443	-0.085	-0.457	-0.586	-0.711	-0.73	NaN	-2.149	-1.899	-3.37	-0.668	-0.869	-1.113	-2.251	-1.586	-1.143	-1.657	-1.621	-2.044	-0.896	-3.088	-1.667	-1.6
"YHR128W"	0.394	0.833	-0.214	-4.359	-3.335	-3.742	-4.967	-6.006	0.394	-3.051	-3.494	-3.516	0.195	0.338	0.296	0.288	0.062	0.0725	-0.562	-0.793	-0.851	-1.271	-2.062	-0.097	-1.307	-1.769	0.27	0.315	0.559	0.384	-0.44	-1.311	-2.079	-0.09	-1.861	-2.441	-2.644	-2.222	-2.467	-1.653	-1.593	-1.853	-3.324	-1.517	-3.173	-2.944	-2.747	-3.448	-3.644	-3.711	-4.039
"YHR148W"	0.334	1.341	-0.176	-3.086	-1.904	-1.63	-2.321	-3.377	-0.085	-0.949	-0.995	-0.267	-0.032	-0.041	0.104	0.294	-0.024	0.0325	-0.504	-0.553	-0.819	-1.037	-0.255	0.237	-0.559	-1.486	-0.192	-0.162	-0.493	-0.264	-0.331	-1.702	-1.694	-2.268	-3.323	-3.249	-3.362	-1.915	-4.073	-1.797	-0.655	-1.316	-2.256	-2.333	-1.169	-1.809	-2.863	-0.905	-1.392	-1.588	-2.152
"YHR169W"	-0.067	1.037	-0.578	-4.241	-3.115	-1.952	-3.506	-3.088	0.076	-1.172	-1.459	-2.009	0.061	0.324	0.129	0.091	-0.009	-0.2335	-1.087	-1.018	-0.983	-0.761	-1.817	0.062	-0.908	-1.859	0.41	0.334	-0.551	-0.538	-0.623	-2.043	-2.218	-2.309	NaN	-3.404	-3.113	-3.352	-2.985	-2.46	-1.793	-4.874	-4.577	-5.35	-4.569	-4.214	-2.461	-3.238	-3.492	-2.71	-2.794
"YHR170W"	0.099	1.292	-0.663	-4.51	-1.901	-2.063	-2.573	-4.858	0.213	-2.149	-2.758	-2.443	-0.027	0.177	0.154	0.454	0.037	-0.1305	-1.052	-1.528	-1.479	-1.253	-1.32	0.296	-1.224	-1.761	0.423	0.199	-0.418	0.157	-0.057	-1.579	-2.364	-1.535	-2.751	-3.22	-3.476	-3.076	-2.087	-1.465	-1.393	-2.568	-2.821	-3.173	-3.089	-2.313	-2.219	-3.041	-2.637	-4.036	-2.383
"YHR179W"	-0.028	0.505	-0.537	-2.165	-1.726	-1.311	-3.188	-4.68	0.491	-1.236	-5.251	-4.091	0.103	0.522	0.335	0.637	-0.598	0.12	0.446	0.818	0.742	0.884	1.179	-0.186	1.065	-1.77	0.55	0.531	0.097	-0.012	-0.233	2.603	3.334	3.415	2.865	3.306	2.982	2.197	1.853	1.251	-0.468	1.001	2.535	2.487	2.671	2.599	3.463	0.922	2.413	1.753	1.542
"YHR187W"	0.016	0.431	-0.024	-1.29	-1.061	-1.088	-0.229	-2.798	-0.058	-0.175	-0.519	-0.527	0.139	0.02	0.09	0.04	0.069	0.055	-0.263	0.046	-0.024	0.149	-0.522	0.061	0.131	-0.462	0.334	0.178	0.132	-0.073	-0.017	-1.205	-0.78	-0.994	-1.511	-1.034	-0.524	-0.927	-0.559	-1.128	-0.744	-1.6	-1.007	-1.838	-0.305	-0.745	-1.527	-0.609	-0.067	-1.637	-1.686
"YHR199C"	0.301	-0.57	-0.19	1.593	1.457	1.172	0.607	0.48	0.192	0.914	1.911	1.547	0.108	0.695	0.198	0.035	-0.17	0.209	0.442	0.586	0.676	0.828	1.503	0.035	0.786	0.828	0.293	0.393	0.457	0.307	-0.291	2.504	3.503	1.997	3.69	3.838	2.393	2.773	3.081	2.492	1.045	1.608	2.392	1.858	2.615	1.975	2.314	1.927	2.3	2.155	1.706
"YHR201C"	0.006	0.454	-0.345	-0.362	-0.829	-1.721	-1.811	-4.155	0.214	-1.193	-1.632	-2.134	-0.078	-0.092	0.179	-0.035	-0.051	-0.014	0.112	0.24	0.099	-0.023	0.325	0.052	0.13	-1.989	0.075	0.042	0.127	-0.169	-0.237	-0.354	-0.477	-1.763	-2.031	-1.714	-1.585	-1.718	-1.022	-1.688	-1.229	-1.714	-0.583	-2.003	-2.032	-2.503	-0.602	-1.963	-1.803	-1.503	-2.003
"YHR207C"	-0.249	0.143	-0.221	0.792	0.33	-0.657	-1.164	-2.162	-0.083	-0.133	-1.572	-0.987	0.215	-0.033	-0.039	-0.165	0.133	0.086	-0.097	-0.013	-0.15	-0.319	-0.112	-0.547	-0.059	NaN	0.325	0.24	-0.366	-0.412	-0.246	-0.198	-0.683	-1.578	-1.634	-2.531	-2.744	-3.904	-1.852	-2.115	-1.759	-2.699	-1.406	-2.307	-2.55	NaN	-1.323	-1.411	-1.153	-0.591	-2.041
"YIL008W"	0.27	0.787	-0.005	-2.425	-1.466	-1.0	-1.092	-4.308	0.085	-1.196	-1.056	-0.069	1.094	0.126	0.109	0.339	0.274	0.1605	-0.261	0.034	-0.205	-0.101	-0.559	0.152	0.13	-0.493	0.418	0.556	-0.044	0.173	0.395	-1.433	-0.761	-0.707	-1.159	-1.549	-1.783	-1.632	-1.487	-1.487	0.108	-2.287	-0.781	-1.217	-1.394	-2.27	-3.157	-1.453	-1.13	-1.896	-3.056
"YIL019W"	0.266	1.208	0.005	-2.459	-1.454	-0.934	-0.601	-3.212	-0.207	-0.885	-0.95	-0.415	-0.06	0.102	-0.035	0.26	0.446	-0.205	-0.919	-1.125	-1.105	-1.259	-0.812	0.14	-0.6	-1.026	0.161	0.036	-0.238	-0.258	-0.364	0.087	-1.457	-1.522	-1.861	NaN	-3.058	-3.118	-3.455	-1.834	-0.87	-2.246	-4.402	-3.036	-2.762	-2.349	-3.255	-2.302	-2.853	-3.424	-4.0
"YIL020C"	-0.099	0.642	-0.078	-1.861	-1.374	-1.241	-2.251	-3.447	-0.283	-1.134	-1.943	-1.728	0.186	0.124	0.051	-0.18	-0.158	-0.0545	-0.308	-0.133	-0.126	-0.143	-0.215	0.058	-0.268	-1.289	0.245	0.206	0.419	0.319	0.073	-0.905	-0.939	-1.144	-3.237	-2.757	-1.998	-2.682	-2.266	-1.925	-1.077	-1.607	-0.995	-2.124	-1.614	-0.398	-0.676	-0.964	-1.371	-1.504	-1.836
"YIL147C"	0.154	0.146	0.033	-0.47	-0.245	0.443	-0.286	-1.413	0.03	0.172	-0.542	-0.798	0.263	-0.209	0.296	0.249	0.313	-0.031	-0.292	-0.425	-0.467	-0.433	-0.794	-0.087	-0.603	0.188	-0.153	0.032	-0.178	-1.014	-0.246	-1.568	1.455	-1.3	-2.856	-1.934	-1.374	-1.269	-2.585	-0.989	-0.454	-1.339	-0.419	-6.208	-2.328	-2.836	-1.384	-2.088	-1.95	-2.565	-2.674
"YIR012W"	-0.195	0.869	-0.252	-4.7	-3.151	-2.595	-3.791	-4.69	0.222	-1.684	-2.217	-2.528	0.111	0.554	0.346	0.145	0.194	0.0135	0.005	-0.614	-0.573	-0.491	-0.279	-0.09	-0.434	-1.751	-0.138	0.062	-0.123	-0.303	-0.163	-1.548	-0.82	-1.875	-3.007	-1.988	-1.517	-1.046	-0.878	-1.723	-0.816	-2.394	-2.635	-2.14	-2.658	-1.857	-1.846	-3.403	-2.956	-1.67	-2.629
"YJL069C"	-0.368	0.854	-0.739	-4.742	-2.843	-2.386	-3.072	-6.298	-0.007	-1.863	-1.653	-2.017	-0.013	0.16	0.435	0.35	-0.09	-0.174	-0.746	-0.522	-0.477	-0.512	-0.751	0.126	-0.58	-0.549	-0.103	0.114	-0.4	0.178	0.071	-0.801	-1.754	-2.726	NaN	-3.223	-3.75	-1.763	-2.393	-1.892	-0.905	-1.964	-4.069	-3.096	-2.407	-1.973	-2.556	-2.789	-3.229	-2.615	-3.111
"YJL109C"	-0.2495	0.3375	-0.134	-2.165	-1.7305	-1.647	-2.408	-2.278	-0.1435	-2.532	-3.2785	-3.3735	-0.242	-0.2595	-0.028	0.7695	-0.025	-0.0193333333333333	-1.0005	-0.7635	-0.68	-0.81	0.25	0.174	-0.7595	-1.6855	0.0995	0.1595	-0.019	-0.263	-0.2515	-2.1055	-1.9775	-2.327	-2.278	-5.133	-2.804	-3.415	-2.0755	-2.439	-0.7065	-1.8655	-2.735	-2.0515	-2.1535	-2.0845	-3.9425	-1.9915	-2.6275	-1.9955	-2.1055
"YJL157C"	0.056	0.861	-0.312	-2.634	-0.695	-0.962	-3.548	-7.731	0.175	-1.008	-3.396	-3.219	-0.456	-0.636	0.004	-0.3	0.018	-0.0515	-0.521	-0.745	-0.343	-1.092	-0.987	0.218	-0.932	-1.339	0.267	0.284	0.167	0.718	0.175	-3.173	-1.463	-1.768	-3.606	-3.623	-3.099	-2.999	-2.752	-1.798	-1.927	-2.56	-1.913	-2.797	-2.146	-1.09	-1.831	-1.459	-2.699	-0.803	-2.44
"YJL169W"	0.307	-0.363	-0.152	-1.372	-1.085	-1.138	-2.464	-3.972	0.014	-0.865	-1.455	-1.448	0.087	-0.229	-0.007	-0.08	0.001	-0.047	-0.132	-0.124	-0.014	-0.433	-0.367	0.35	-0.457	-0.546	0.267	0.382	0.355	-0.106	-0.219	-1.409	-0.523	-2.304	-3.371	NaN	-1.696	-1.64	-1.334	-1.991	-0.895	-2.107	-2.201	-2.041	-2.006	-3.85	-2.961	-1.983	-2.235	-3.928	-0.879
"YJL183W"	0.271	0.42	-0.109	-2.65	-1.47	-1.944	-2.097	-4.986	0.019	-1.436	-2.208	-2.121	-0.094	-0.158	0.369	0.007	0.247	0.0265	-0.434	-0.287	-0.175	-0.225	-0.488	0.306	-0.294	-1.239	0.349	0.375	0.105	0.255	-0.376	-1.053	-1.24	-1.716	-2.095	-1.596	-0.698	-2.069	-2.015	-1.237	-1.148	-1.006	-0.971	-2.329	-1.921	-1.611	-2.342	-2.416	-1.331	-1.87	-2.226
"YJL193W"	-0.047	0.51	-0.185	-1.23	-1.026	-0.919	-1.401	-3.265	-0.066	-0.026	-0.164	0.074	-0.014	-0.209	0.179	-0.201	-0.048	-0.036	-0.258	-0.101	-0.186	-0.191	-0.72	0.181	-0.371	-0.152	0.21	0.227	0.031	0.32	0.115	-1.488	-1.69	-2.341	-2.919	-2.37	-1.226	-1.046	-2.714	-1.448	-1.12	-0.95	-0.494	-2.143	-1.545	-1.661	-1.317	-1.082	-1.805	-1.321	-2.04
"YJL198W"	0.109	0.897	-0.039	-2.049	-1.408	-1.641	-2.531	-2.784	0.182	-1.451	-1.808	-1.415	-0.158	-0.152	0.138	0.303	-0.219	-0.176	-0.613	-0.526	-0.454	-0.626	-1.553	0.099	-0.467	-1.034	0.254	0.192	-0.435	0.29	-0.708	-2.339	-1.89	-0.808	-2.263	-2.783	-2.089	-0.967	-2.11	-1.27	-1.609	-1.053	-2.031	-2.331	-2.205	-1.554	-2.074	-1.301	-1.775	-3.514	-2.538
"YJR003C"	-0.092	0.758	-0.705	-2.372	-2.025	-1.43	-2.48	-3.457	0.15	-0.824	-2.349	-2.42	-0.42	-0.218	-0.22	0.115	-0.218	-0.0655	-0.571	-0.721	-0.783	-0.603	-0.683	0.011	-0.847	-0.882	0.461	0.387	-0.22	-0.427	0.087	-1.471	-1.898	-1.826	-2.617	-1.989	-2.215	-1.557	-0.514	-1.176	-1.359	-2.696	-1.272	-2.98	-1.802	-2.324	-2.56	-3.052	-2.968	-2.907	-2.457
"YJR024C"	-0.077	0.376	-0.092	-1.64	-0.762	-1.151	-1.994	-4.204	0.334	-0.33	-0.937	-1.571	-0.106	0.11	-0.053	0.162	0.145	0.1255	-0.2	-0.134	-0.053	0.165	0.324	0.199	-0.133	-0.362	0.378	0.517	-0.019	0.163	-0.374	-0.577	-0.291	-0.207	-2.364	-1.67	-1.463	-2.216	-1.524	-1.071	-1.67	-2.285	-1.186	-2.858	-2.144	-1.891	-2.614	-2.614	-1.52	-2.399	-2.501
"YJR032W"	0.172	0.051	-0.123	-2.197	-1.721	-1.097	-2.635	-3.054	0.246	-0.808	-1.609	-1.727	0.046	0.084	0.13	0.005	0.034	-0.0325	-0.418	-0.334	-0.385	-0.315	-0.542	0.27	-0.281	-0.624	-0.09	-0.156	-0.087	-0.118	-0.15	-1.623	-0.907	-1.619	-1.891	-1.705	-1.177	-1.498	-1.866	-0.991	-1.037	-2.322	-1.326	-2.812	-2.261	-3.088	-2.44	-1.849	-1.085	-1.392	0.199
"YJR054W"	0.218	0.353	-0.254	-2.133	-1.476	-0.967	-1.262	-2.301	-0.068	-0.551	-2.0	-1.547	0.391	-0.148	0.145	-0.037	0.087	-0.014	-0.084	0.074	-0.217	-0.295	-1.364	-0.171	-0.399	-0.604	0.318	0.313	0.634	0.214	0.06	-0.781	-0.69	-1.326	-3.122	-2.779	-1.882	-2.281	-1.794	-1.077	-0.916	-1.571	-0.111	-1.988	-1.37	-2.665	-0.422	-0.655	-1.012	-0.04	-2.158
"YJR068W"	0.236	0.446	0.154	-0.512	-1.162	-0.947	-1.221	-3.298	0.002	-0.557	-0.709	-1.0	-0.007	-0.295	-0.172	-0.025	0.027	0.112	-0.105	-0.023	-0.321	-0.193	0.011	0.033	-0.052	-0.694	0.127	0.064	0.008	-0.153	0.05	-0.115	0.06	-1.526	-1.562	-2.096	-1.055	-2.196	-0.563	-1.124	-1.456	-2.378	-1.398	-1.238	-1.586	-2.324	-0.604	-2.305	-2.693	-0.968	-1.73
"YJR133W"	0.203	-0.075	0.075	-0.287	0.558	-0.362	-0.507	-2.339	0.307	-0.228	-0.771	-0.655	0.012	0.221	0.177	0.021	0.087	0.108	-0.136	-0.023	-0.128	-0.073	-0.203	0.054	0.147	-0.696	-0.052	-0.117	0.155	0.189	-0.122	-0.431	-0.77	-1.337	-2.037	-1.349	-1.711	-2.377	-1.003	-0.911	-0.998	-1.891	-0.691	-1.709	-1.876	-2.425	-0.657	-2.572	-2.536	-1.129	-1.805
"YKL068W"	-0.018	0.496	-0.228	-2.131	-1.194	-1.208	-1.98	-3.325	0.186	-0.788	-1.563	-1.621	-0.113	0.224	0.342	0.075	0.014	-0.0175	-0.242	-0.279	-0.673	-0.739	-0.572	0.121	-0.846	-0.515	-0.073	-0.148	-0.321	-0.178	-0.243	-0.152	-0.477	-1.786	-2.311	-1.784	-1.501	-2.971	-0.916	-1.062	-1.264	-1.962	-2.575	-0.825	-1.187	-1.217	-1.707	-2.099	-0.88	-1.165	-1.833
"YKL181W"	-0.213	1.201	-0.131	-3.28	-1.879	-1.771	-1.818	-4.28	0.172	-1.301	-2.292	-2.779	0.2	0.185	0.242	0.312	-0.212	NaN	-0.667	-0.528	-0.486	-0.379	-1.534	0.559	-0.394	-1.417	-0.006	-0.091	-0.227	-0.018	-0.26	-1.92	-1.698	-2.109	-2.199	-2.619	-2.113	-2.191	-2.38	-0.937	-1.212	-1.724	-1.54	-3.679	-2.455	-0.891	-2.305	-3.12	-1.687	-2.501	-1.645
"YKR082W"	0.022	0.217	-0.122	-0.889	-1.103	-1.122	-2.473	-2.648	-0.057	-0.885	-1.895	-2.598	-0.075	-0.126	0.223	0.137	-0.053	0.119	-0.235	-0.301	-0.369	-0.265	-0.825	-0.036	-0.64	-0.573	-0.152	-0.112	-0.393	-0.236	0.262	-0.587	-1.216	-0.948	-0.953	-1.797	-1.176	-1.007	-0.766	-0.416	-0.59	-1.72	-0.142	-0.829	-1.158	-1.339	-2.356	-1.193	-2.208	-1.294	-0.767
"YLR083C"	-0.087	0.765	0.011	-3.703	-2.067	-2.216	-3.767	-5.137	0.006	-2.031	-3.88	-3.36	-0.167	-0.347	0.278	0.203	0.145	-0.098	-0.616	-0.623	-0.626	-0.742	-1.574	0.635	-0.821	-2.297	-0.101	-0.063	-0.317	-0.188	0.134	-1.901	-2.623	-1.634	-2.184	-2.194	-2.355	-2.957	-1.566	-1.313	-1.639	-2.543	-1.434	-2.672	-3.552	-3.06	-2.069	-6.227	-4.301	NaN	-2.861
"YLR103C"	-0.08	0.209	-0.08	-1.69	-1.224	-1.301	-1.434	-2.114	0.0	-0.58	0.354	-0.229	0.442	-0.19	-0.034	0.462	0.092	0.047	0.602	0.547	0.46	0.797	-0.421	0.249	0.554	-0.828	-0.034	0.29	0.293	-0.293	0.026	NaN	-0.679	-2.911	NaN	-2.841	-1.3	-1.293	-2.936	-1.363	-1.073	NaN	-1.569	-1.131	NaN	-1.579	-3.126	-0.829	-2.344	-1.58	-1.196
"YLR146C"	0.18	1.222	0.082	-1.534	-0.974	-0.866	-2.716	-3.233	0.389	-1.307	-2.206	-1.389	0.074	0.25	-0.018	0.147	0.183	-0.208	-0.081	-0.278	-0.358	-0.04	-0.247	-0.018	-0.143	-1.024	0.303	0.256	-0.038	-0.015	0.005	-0.976	-2.142	-0.561	-2.684	-3.147	-1.951	-1.707	-1.564	-0.982	-1.241	-3.867	-2.282	-3.339	-0.732	-1.118	-2.743	NaN	-1.69	-3.848	-1.833
"YLR147C"	0.12	0.389	-0.057	-1.185	-1.485	-1.207	-1.436	-2.798	0.124	-0.322	-0.867	-0.81	-0.149	-0.07	-0.01	0.12	-0.293	-0.31	-0.423	-0.253	-0.251	-0.465	-0.092	0.177	-0.206	-0.436	0.174	0.075	0.273	-0.053	-0.137	-0.174	-1.386	-1.574	-2.956	-2.797	-0.826	-0.412	-1.644	-1.707	-1.44	-1.431	NaN	-4.243	-2.435	-2.023	-1.114	-1.324	-1.809	-2.33	-3.598
"YLR249W"	-0.152	1.219	0.061	-6.529	-4.864	-3.637	-4.146	-6.742	0.176	-3.131	-4.549	-4.992	0.174	0.465	0.127	0.373	0.257	-1.1	-0.731	-0.904	-0.938	-0.9	-2.508	0.57	-0.823	-3.421	0.139	-0.052	-0.092	-0.041	-0.307	-2.943	-3.42	-2.352	-2.492	-2.945	-3.861	-4.463	-2.262	-1.802	-1.965	-3.081	-2.776	-3.492	-2.717	-2.43	-3.279	-2.727	-2.013	-3.921	-3.381
"YLR264W"	0.609	0.922	-0.149	-3.105	-2.523	-1.693	-2.597	-5.152	0.095	-2.241	-2.334	-2.391	0.338	0.041	0.2	0.631	-0.175	0.246	-0.079	-0.056	-0.511	-0.336	-1.178	0.618	-0.369	-1.833	0.768	0.667	0.311	0.446	0.429	-2.216	-2.004	-1.941	-2.665	-3.008	-2.899	-2.481	-2.579	-2.683	-0.774	-2.875	-2.32	-3.351	-2.946	-1.936	-3.256	-2.57	-2.3	-3.435	-3.465
"YLR392C"	0.203	-0.7	0.312	2.229	1.313	NaN	-1.423	-1.651	-0.066	0.723	-0.478	-0.805	-0.233	0.021	-0.516	-0.423	-0.068	0.152	0.28	0.177	0.282	0.221	0.416	-0.157	0.027	0.973	-0.333	-0.239	0.001	-0.596	0.279	0.515	0.42	0.621	2.018	1.829	1.859	1.617	0.686	1.226	0.091	1.174	1.212	1.799	1.482	1.093	2.301	0.763	1.12	0.632	1.212
"YML018C"	-0.245	0.914	-0.26	-3.624	-2.452	-2.038	-2.284	-3.383	0.121	-1.451	-1.922	-2.274	-0.11	-0.005	0.342	-0.022	0.141	-0.118	-1.036	-1.084	-1.044	-1.323	-0.783	0.488	-1.355	-1.455	0.28	0.283	-0.097	0.161	-0.197	-1.998	-1.878	-1.679	NaN	-3.445	-3.296	-2.035	-1.648	-1.592	-0.951	-1.78	-1.823	-1.771	-2.064	-0.863	-1.887	-1.641	-1.287	-0.873	-0.49
"YMR027W"	-0.495	-0.225	0.251	0.935	1.266	0.906	0.365	-1.627	0.397	1.034	-0.787	-1.596	0.122	0.225	0.079	-0.083	0.175	0.254	0.677	0.874	0.86	0.757	0.357	-0.194	0.954	2.004	0.084	0.166	-0.109	0.299	0.522	4.584	5.291	4.577	5.793	4.633	4.422	3.525	4.42	3.511	2.351	3.139	3.911	4.13	3.566	3.77	4.17	4.254	3.475	3.686	4.246
"YMR061W"	-0.198	0.285	-0.172	2.138	-1.762	0.539	NaN	-0.855	0.048	-0.721	-1.11	-0.697	-0.003	-0.142	-0.099	0.067	-0.197	0.016	0.077	0.093	-0.226	-0.418	0.404	0.159	-0.387	2.43	-0.48	-0.618	-0.216	0.374	0.046	0.442	0.98	1.237	3.063	3.642	3.989	2.034	3.05	2.139	1.094	1.257	2.546	2.385	2.452	2.555	1.762	1.443	1.224	0.705	1.061
"YMR308C"	-0.28	0.666	-0.354	-1.769	-1.565	-1.375	-3.091	-4.033	0.149	-2.014	-2.796	-2.451	0.085	0.262	0.321	0.235	0.006	0.173	-0.02	-0.505	-0.485	-0.395	-0.135	0.176	-0.537	-1.504	-0.523	-0.351	-0.616	-0.185	-0.521	-1.494	-1.816	-1.882	-2.021	-2.171	-1.594	-1.689	-1.528	-1.295	-1.6	-2.388	-1.787	-2.485	-2.894	-1.892	-1.45	-1.813	-1.326	-2.059	-1.41
"YMR309C"	0.037	1.08	-0.36	-3.127	-2.334	-1.52	-3.731	-3.516	0.149	-1.926	-3.173	-3.384	-0.106	0.092	0.393	-0.004	-0.046	-0.047	-0.544	-0.656	0.738	-0.98	-1.568	0.125	-1.14	-1.607	-0.131	-0.274	-0.301	-0.267	0.001	-1.471	-1.993	-2.51	-3.447	-2.857	-2.476	-2.415	-1.323	-1.642	-1.882	-1.975	-2.696	-2.4	-2.741	-1.606	-1.947	-2.429	-1.76	-2.721	-1.735
"YNL022C"	0.03	0.86	-0.379	-2.558	-0.694	-2.43	-1.611	-3.745	0.008	-1.297	-2.3	-2.325	0.099	0.171	0.24	0.222	0.121	-0.197	-0.768	-0.392	-0.409	-0.411	-0.938	0.049	-0.356	-1.608	0.024	0.15	-0.309	-0.201	-0.094	-2.217	-1.858	-1.582	-3.386	-1.925	-2.144	-2.038	-1.429	-2.54	-1.57	-2.411	-2.07	-4.189	-3.057	-2.011	-1.81	-2.629	-3.712	-1.921	-3.295
"YNL030W"	0.712	0.434	-0.842	-1.703	-2.725	-1.974	-2.073	-4.092	0.281	-1.559	-1.83	-2.159	0.619	-0.097	0.053	0.339	0.035	0.13	-0.686	-0.77	-0.941	-1.098	-1.395	0.746	-0.994	-2.0055	0.222	0.217	0.731	0.472	0.184	-1.601	-2.393	-1.835	-3.938	-2.818	-2.856	-2.698	-2.211	-2.268	-1.01	-0.926	-2.62	-2.486	-2.731	-2.397	-2.942	-2.421	-1.305	-1.161	-1.889
"YNL066W"	0.227	0.95	-0.459	-0.787	-1.312	-3.125	-4.175	-5.451	0.238	-2.162	-3.425	-3.757	-0.19	-0.078	0.177	-0.138	-0.196	0.078	-0.594	-0.816	-1.18	-1.838	-0.808	0.386	-1.804	-3.3795	-0.045	-0.05	0.105	0.465	0.131	-4.56	-3.884	-4.311	-4.49	-7.15	-4.464	-5.15	-3.973	-3.204	-3.118	-4.187	-3.441	-4.276	-3.495	-2.337	-3.508	-2.934	-1.902	-3.366	-3.148
"YNL175C"	0.113	1.152	-0.286	-4.877	-2.65	-2.117	-2.872	-6.011	0.116	-2.804	-3.809	-2.849	0.134	0.049	0.262	0.389	0.344	-0.542	-1.122	-0.84	-0.736	-0.538	-1.834	0.356	-0.532	-2.238	0.434	0.467	-0.541	-0.283	0.009	-2.294	-1.944	-1.085	-3.174	-4.009	-4.49	-2.353	-2.696	-1.499	-0.718	-1.263	-2.788	-2.99	-2.735	-1.665	-1.578	-3.054	-1.955	-2.676	-2.821
"YNL182C"	-0.208	1.125	-0.547	-4.184	-3.243	-3.421	-5.862	-2.532	0.08	-2.5	-3.351	-2.827	0.246	0.171	0.12	0.265	-0.103	-0.167	-0.997	-0.966	-0.923	-0.97	-1.675	0.238	-1.146	-2.3525	0.099	0.15	-0.408	-0.085	0.394	-1.779	-1.933	-1.82	-5.251	-2.917	-3.551	-2.861	-1.756	-2.089	-1.045	-2.645	-2.838	-3.559	-3.206	-2.891	-3.015	-2.59	-3.289	-3.844	-2.844
"YNL186W"	-0.566	0.603	-0.24	-2.195	-1.038	-1.118	-0.874	-2.658	-0.049	-0.105	-0.574	-0.574	-0.15	-0.064	0.077	0.264	-0.014	0.031	-0.661	-0.621	-0.975	-0.852	-0.839	0.017	-0.388	-0.4135	0.016	-0.027	0.005	0.389	-0.288	-2.102	-1.759	-0.549	-2.626	-0.398	-1.28	-1.399	-1.754	-1.215	0.272	-1.286	-0.63	-3.319	-1.041	-1.824	-1.903	-2.416	-1.682	-1.595	-2.648
"YNL220W"	0.462	0.187	0.641	-1.943	-0.898	-1.445	-3.758	-6.09	0.437	-0.618	-2.555	-3.197	0.081	-0.346	0.308	-0.325	0.111	0.294	0.485	0.47	0.274	0.089	-1.154	0.097	0.387	-1.597	0.316	0.368	0.394	0.288	0.15	-2.948	-1.83	-2.258	-1.993	-1.625	-1.797	-1.923	-1.746	-1.796	-1.405	-2.769	-2.169	-3.838	-3.275	-2.762	-3.675	-3.272	-2.971	-3.633	-1.629
"YNL232W"	0.092	1.1735	-0.1825	-0.8635	-0.9035	-0.324	-1.3025	-0.747	-0.0465	-0.504	0.372	-0.1065	0.236	0.0505	0.317	0.319	-0.057	-0.032	-0.0785	0.106	-0.5385	-0.262	0.2845	-0.056	-0.139	-1.267	0.317	0.316	0.35	-0.09	0.054	-1.673	-1.143	-1.287	-3.329	-3.291	-3.135	-2.55	-1.377	-2.019	-0.372	-1.676	-1.513	-1.829	-2.576	-2.265	-1.876	-5.481	-3.057	-2.819	-2.317
"YNL241C"	0.302	-0.807	0.315	1.678	1.435	0.675	0.582	-1.111	-0.189	0.906	1.207	1.109	0.138	0.173	-0.282	0.133	0.146	0.161	1.108	1.118	0.975	0.803	0.882	-0.2	1.155	0.703	-0.527	-0.437	0.024	-0.029	-0.194	1.764	3.413	2.304	3.22	3.304	3.42	2.978	3.271	3.017	1.274	2.512	2.16	2.988	3.66	2.618	2.277	2.04	2.625	1.85	2.581
"YNL285W"	0.184	-0.503	-0.04	0.818	0.927	1.069	0.513	0.726	-0.212	0.605	1.081	0.308	0.156	-0.126	-0.272	-0.103	0.06	-0.05	-0.072	0.019	-0.018	0.0	-0.21	-0.107	-0.081	0.251	0.19	0.106	0.339	-0.057	0.277	-0.231	-0.449	1.476	1.461	2.101	2.428	1.658	1.253	2.013	0.461	1.006	1.593	1.282	1.64	2.532	NaN	2.341	0.741	1.814	1.108
"YNL331C"	0.103	-0.367	0.027	1.445	1.026	1.767	1.928	-0.21	0.279	2.409	2.807	1.595	0.131	0.286	-0.013	-0.059	0.174	0.233	0.701	0.975	1.042	1.212	1.792	-0.198	1.617	1.222	-0.074	-0.378	0.315	-0.08	0.555	3.242	4.348	3.092	4.678	4.566	4.977	4.253	4.539	4.312	2.36	2.071	2.518	3.12	2.028	3.362	4.159	2.352	2.649	2.155	2.775
"YNL333W"	0.234	-0.425	0.149	0.735	2.845	2.085	0.845	-1.145	0.145	1.406	2.545	2.445	0.333	0.469	-0.415	-0.144	0.233	-0.03	0.029	0.291	0.539	0.522	0.861	-0.43	0.799	1.585	-0.103	-0.01	0.066	-0.343	0.109	-0.315	1.37	1.746	3.504	2.167	4.278	2.428	3.728	3.918	1.909	1.141	1.434	2.624	1.813	2.538	4.197	1.823	2.755	2.161	2.36
"YNR053C"	-0.366	1.412	-0.149	-3.029	-1.053	-0.1815	-2.097	-3.447	-0.002	-1.573	-1.617	-1.942	0.141	0.25	0.249	0.489	-0.046	0.069	-1.221	-1.062	-1.111	-1.122	-1.865	0.019	-1.021	-2.016	-0.053	-0.096	-0.71	0.118	-0.558	-1.961	-1.823	-2.362	NaN	-4.575	-4.096	-2.795	-2.159	-1.709	-1.31	-3.04	-0.927	-4.611	-2.687	-1.94	-3.036	-2.841	-2.415	-1.732	-2.306
"YNR061C"	0.028	0.193	0.009	-0.603	-0.618	-0.451	-0.8565	-1.4045	0.133	-1.536	-2.261	-2.438	0.326	0.195	0.069	-0.183	0.05	0.187	0.362	0.487	0.757	0.733	-0.141	0.341	0.645	-0.886	0.119	0.254	0.166	0.103	0.213	-1.497	-0.842	-1.053	-1.023	-0.846	-1.429	-1.423	-0.637	-1.813	-1.594	-1.828	-0.949	-3.313	-2.017	-1.721	-0.8	-1.144	-1.246	-1.161	-1.038
"YOL006C"	-0.192	0.024	-0.087	-1.2725	-0.9525	-0.501	-1.364	-2.867	-0.245	-0.582	-2.301	-2.095	0.182	-0.071	0.137	0.002	0.292	0.352	-0.349	-0.325	-0.609	-0.532	-0.492	-0.106	-0.355	-0.488	0.022	-0.05	-0.46	-0.567	-0.273	-1.428	-1.135	-0.881	NaN	-2.836	-1.858	-2.329	-1.985	-1.359	-0.076	-3.161	-1.039	-2.363	-2.073	-1.302	-2.709	-1.128	NaN	-1.941	-2.095
"YOL092W"	0.206	1.057	-0.047	-2.052	1.054	1.3095	-1.0395	-3.162	0.226	-1.044	-1.634	-1.899	-0.082	-0.129	0.084	0.172	0.166	-0.245	-0.403	-0.609	-0.276	-0.376	-1.387	-0.039	-0.423	-0.685	0.231	0.113	-0.108	0.113	-0.128	-1.486	-1.822	-0.794	-1.326	-2.272	-1.82	-2.099	-1.622	-0.457	-1.156	-2.088	-2.871	-1.862	-1.711	-1.345	-1.47	-2.059	-2.255	-1.987	-1.744
"YOL145C"	-0.158	0.113	-0.235	-0.9365	-0.718	-0.284	-1.941	-3.49	-0.176	-0.862	-2.162	-2.146	-0.065	-0.224	0.111	0.226	0.094	0.244	-0.06	-0.174	-0.265	-0.489	-0.594	0.133	-0.5	-0.667	-0.021	-0.11	-0.131	-0.313	-0.18	-1.688	-1.246	-2.536	-2.466	-1.226	-1.483	-1.892	-0.737	-1.249	-0.668	-1.273	-0.539	-1.447	-0.924	-1.276	-1.559	-2.951	-1.999	-2.642	-1.628
"YOL149W"	0.242	0.821	0.114	-0.4185	-0.749	-1.418	-3.485	0.0305	0.345	-0.734	-1.996	-0.923	0.108	-0.22	0.24	-0.1	0.259	0.086	-0.044	-0.264	-0.334	-0.571	-1.045	0.194	-0.528	-0.935	0.351	0.265	-0.001	0.073	0.286	-1.222	-1.076	-1.471	-2.709	-1.348	-1.7	-1.799	-0.794	-2.264	-0.659	-2.179	-1.944	-2.361	-3.74	-1.542	-2.106	-3.207	-2.046	-2.667	-2.674
"YOR217W"	-0.077	0.232	-0.152	-1.2835	-1.1355	-0.6125	-1.8825	-3.81	-0.013	-0.521	-1.115	-1.225	-0.187	0.024	0.178	0.28	0.039	0.052	-0.328	-0.164	-0.082	-0.083	0.103	0.008	0.094	-0.708	-0.316	-0.24	-0.085	-0.503	-0.119	-0.92	-1.253	-1.057	NaN	-1.566	-2.108	-1.56	-0.925	-2.208	-0.844	-1.858	-1.275	-1.976	-1.96	-2.55	-2.566	-1.703	-1.554	-3.083	-1.767
"YOR226C"	-0.095	0.452	-0.034	-1.3135	-1.3785	-0.727	-1.539	-2.5995	0.177	-0.243	0.25	0.654	0.061	0.153	-0.218	-0.211	0.387	0.207	1.317	1.47	1.245	1.352	0.802	-1.053	1.344	-0.334	0.297	0.226	0.941	0.289	-0.05	2.366	3.816	3.02	3.344	3.165	3.322	2.005	2.764	2.716	2.503	2.672	1.37	2.955	1.491	1.857	1.825	1.159	1.687	3.17	2.335
"YOR233W"	-0.306	0.493	-0.022	-2.481	-1.647	-1.0315	-2.672	-3.781	-0.006	-0.789	-0.919	-0.984	-0.133	0.008	-0.054	0.309	0.097	-0.04	-0.512	-0.242	-0.456	-0.667	-0.108	0.13	-0.675	-0.845	0.231	0.205	-0.182	-0.24	-0.187	-0.951	-0.878	-0.306	-2.138	-1.593	-1.114	-1.422	-0.777	-1.008	0.323	-0.855	-1.591	-0.173	-1.291	-1.938	-1.309	-1.278	-1.197	-1.201	-0.769
"YOR243C"	-0.107	1.139	-0.061	-3.8055	-2.475	-2.2855	-3.3625	-4.3935	-0.145	-2.179	-4.484	-3.863	0.092	-0.029	0.211	0.343	-0.005	-0.109	-0.732	-0.582	-0.696	-0.451	-2.226	0.236	-0.611	-1.712	0.086	0.118	-0.159	-0.049	-0.227	-1.394	-2.407	-2.658	-3.948	-3.202	-2.909	-2.358	-2.809	-1.977	-1.517	-1.452	-1.423	-3.764	-1.523	-1.062	-1.883	-1.82	-1.697	-2.099	-1.547
"YOR246C"	0.536	0.983	0.107	-0.9595	-1.1395	-0.326	-0.663	-2.885	0.16	-0.157	0.299	0.12	0.095	-0.4	-0.061	0.401	-0.015	0.218	-0.132	-0.47	-0.183	-0.454	-0.473	0.151	-0.218	-1.013	0.655	0.623	0.36	0.3	-0.045	-0.445	-0.611	-1.789	-1.748	-1.765	-1.573	-1.745	-1.938	-1.503	-0.449	-1.395	-1.969	-1.74	-1.904	-1.007	-1.784	-1.356	-1.341	-2.166	-1.087
"YOR253W"	-0.08	0.445	-0.038	-2.29	-1.568	-1.759	-2.7935	-5.157	-0.133	-1.139	-2.672	-2.633	-0.119	-0.334	0.016	-0.018	-0.146	0.181	-0.263	-0.283	-0.597	-0.423	-0.916	0.348	-0.511	-0.978	0.248	0.301	-0.073	0.145	0.104	-0.138	-0.892	-0.716	-1.985	-2.222	-2.68	-1.707	-2.427	-1.483	-1.315	-2.141	-1.654	-3.36	-1.213	-2.189	-3.049	-1.977	-2.101	-2.115	-2.063
"YOR272W"	0.105	1.356	-0.704	-4.8145	-2.3895	-1.968	-3.353	-4.712	0.18	-2.312	-3.307	-4.52	0.006	0.118	0.028	0.311	0.167	-0.615	-1.023	-0.688	-0.526	-0.266	-1.244	0.184	-0.633	-1.264	0.396	0.392	-0.477	-0.203	-0.234	-3.484	-2.303	-1.799	-3.479	-3.546	-2.98	-3.332	-2.014	-1.119	-0.689	-1.98	-2.465	-1.672	-2.079	-1.521	-2.663	-2.388	-3.137	-3.252	-2.332
"YOR277C"	-0.044	0.518	0.051	-2.185	-2.1265	-2.0645	-3.25	-4.571	0.131	-1.464	-2.103	-2.211	-0.045	-0.247	-0.1	0.277	-0.271	0.108	-0.294	-0.233	-0.391	-0.542	-0.86	0.275	-0.644	-1.884	0.099	0.056	-0.079	-0.07	-0.023	-0.906	-1.245	-1.363	-2.316	-1.736	-2.314	-2.336	-1.262	-1.548	-0.905	-1.27	-1.034	-1.621	-1.709	-1.722	-2.944	-1.776	-1.02	-2.899	-3.256
"YOR359W"	-0.317	0.429	-0.173	-0.33125	-0.726	-0.165666666666667	-0.5135	-1.0205	-0.282666666666667	-0.364666666666667	0.628	0.656333333333333	-0.1105	-0.484666666666667	0.08	0.186666666666667	-0.281333333333333	-0.219333333333333	-0.268	-0.386666666666667	-0.276666666666667	-0.472	-0.506333333333333	0.159	-0.239	-1.28	-0.179	-0.189	0.034	-0.113	-0.1645	-2.6825	-2.1655	-1.8315	-2.382	-1.313	-1.759	-1.9455	-0.7235	-1.4895	-0.226	-3.164	-1.2475	-2.693	-2.166	-1.0575	-1.367	-1.972	-1.94	-2.575	-1.4625
"YOR361C"	-0.05	0.451	-0.0695	-1.94833333333333	-1.73166666666667	-2.513	-2.869	-2.21	0.079	-2.3155	-1.977	-2.109	0.103	-0.0225	0.435	0.191	0.099	0.012	-0.2745	-0.4295	-0.4305	-0.686	-1.026	0.209	-0.6085	-2.009	0.201	0.06	-0.08	-0.228	-0.245	-1.284	-2.67	-2.045	-2.093	-1.827	-1.923	-2.699	-1.265	-1.772	-0.912	-2.145	-1.846	-1.744	-2.583	-2.3	-2.296	-3.5	-3.408	-3.08	-2.631
"YPL012W"	0.12	0.05	-0.3515	-1.86466666666667	-0.705	-0.0276666666666667	-0.767666666666667	-2.601	-0.298	-1.8445	-1.914	-1.8085	-0.056	-0.154	0.146	0.573	0.1005	-0.215	-0.8955	-0.724	-1.479	-0.9715	0.3375	0.152	-0.9155	-1.25	0.228	0.171	-0.652	0.486	-0.427	-1.829	-1.459	-2.85	NaN	-3.934	-5.52	-3.803	-3.057	-1.212	-1.609	-2.639	-4.012	-3.339	-2.345	-1.555	-1.768	-1.333	-1.907	-1.225	-1.491
"YPL086C"	0.294	0.691	-0.352	-3.4025	-1.371	-0.869	-2.5065	-5.552	0.102	-1.604	-1.958	-2.56	-0.137	0.258	0.113	0.29	0.072	-0.281	-0.976	-0.865	-0.719	-0.512	-1.462	0.212	-0.615	-0.762	0.16	0.066	-0.264	-0.214	-0.216	-1.314	-1.603	-3.532	-2.56	-3.114	-2.141	-2.329	-2.028	-0.998	-0.131	-1.826	-4.486	-1.721	-1.909	-1.619	-2.085	-1.239	-1.661	-2.398	-1.301
"YPL124W"	0.069	-0.061	-0.397	-0.6735	-0.752	0.3955	0.318	-2.861	-0.717	0.196	-1.175	-0.846	-0.05	-0.244	-0.23	0.034	-0.308	-0.007	0.313	0.234	0.361	0.332	0.447	-0.216	0.403	0.231	0.069	0.249	0.468	0.231	0.045	0.548	0.179	1.652	1.089	0.582	2.05	-0.204	2.599	2.681	1.068	0.908	1.564	1.149	1.406	2.919	3.397	2.168	2.366	1.589	2.346
"YPL207W"	-0.256	0.586	0.202	-2.321	1.2095	-0.5055	-1.827	-3.832	0.114	-1.047	-2.319	-2.628	-0.027	0.018	0.269	0.305	0.091	-0.038	-1.349	-1.055	-0.897	-0.717	-0.459	0.22	-0.696	-0.28	0.164	0.1	-0.189	-0.335	0.076	-1.486	-1.212	-1.762	-4.227	-3.465	-3.378	-2.895	-2.61	-2.417	-1.13	-1.81	-4.209	-2.237	-2.542	-3.055	-1.973	-2.689	-1.18	-3.0	-2.057
"YPL211W"	-0.312	0.954	-0.186	-5.5605	-3.5535	-3.869	-4.4555	-5.029	0.1	-2.918	-2.652	-2.337	0.007	-0.328	0.24	0.39	-0.02	0.025	-1.174	-0.983	-0.851	-0.818	-1.633	0.369	-0.765	-2.25	0.407	0.451	-0.214	0.104	0.312	-2.258	-3.176	-2.883	NaN	-5.176	-4.397	-4.022	-4.322	-2.574	-2.631	-3.474	-2.466	-3.148	-3.742	-3.369	-4.195	-2.835	-2.138	-3.903	-3.206
"YPL226W"	-0.02	0.906666666666667	-0.4235	-4.86566666666667	-3.38066666666667	-2.21533333333333	-3.95033333333333	-5.67966666666667	-0.0175	-2.3985	-2.9025	-3.983	0.1885	0.0975	0.105	0.5305	-0.0735	0.0465	-0.6695	-0.6865	-0.7095	-0.7495	-1.3215	0.402	-0.606	-1.7375	-0.148	-0.0335	-0.4025	-0.021	-0.057	-2.8115	-2.208	-2.317	-2.6675	-2.5635	-2.1345	-2.386	-1.6895	-1.548	-1.551	-1.627	-2.2525	-2.957	-1.972	-0.9555	-1.733	-2.674	-2.354	-3.622	-2.153
"YPL239W"	-0.071	-0.2375	-0.255	-2.603	-1.312	-1.683	-1.915	-3.907	-0.263	-0.854	-2.384	-2.259	-0.036	0.18	0.037	0.08	-0.387	0.11	-0.389	-0.467	-0.544	-0.513	-0.482	0.011	-0.53	-0.795	0.569	0.656	-0.08	-0.102	-0.616	-0.658	-1.002	-0.545	-2.745	-2.382	-2.315	-1.915	-1.458	-0.495	-0.613	-1.017	-1.861	-3.258	-2.05	-1.032	-0.55	-2.392	-1.112	-1.369	-1.649
"YPL254W"	0.16	0.444	-0.424	-1.1725	-0.526	-0.325	-1.7645	-3.646	0.376	-0.657	-1.019	-0.29	-0.097	-0.132	0.141	0.13	-0.182	-0.002	-0.021	-0.165	-0.279	-0.203	-0.398	0.354	-0.495	-0.397	0.37	0.384	0.012	-0.04	0.232	-1.034	-0.89	-1.73	-1.085	-2.358	-0.956	-0.868	-1.446	-0.014	-0.41	-1.386	-1.164	-2.828	-1.418	-1.031	-1.268	-0.705	-1.61	-1.579	-0.894
"YPL266W"	-0.112	1.1895	-0.139	-4.1135	-2.3835	-2.448	-4.58	-3.1595	0.104	-2.07	-1.809	-2.022	0.045	0.333	-0.228	0.053	0.11	-0.1	-0.976	-0.837	-0.716	-0.416	-1.808	-0.131	-0.538	-1.457	0.387	0.135	-0.488	0.01	-0.422	-1.084	-1.336	-1.917	-1.911	-2.797	-2.362	-1.537	-1.689	-1.037	0.407	-1.749	-3.087	-2.361	-1.756	-1.821	-1.214	-2.527	-2.475	-0.991	-2.411
"YPR010C"	-0.541	0.671666666666667	-0.194	-2.19933333333333	-1.686	-1.21766666666667	-1.86833333333333	-3.425	-0.039	-1.8945	-2.158	-2.729	-0.175	0.2215	-0.134	0.4785	-0.0985	-0.2815	-0.995	-0.9105	-0.919	-0.9	-0.8925	-0.049	-1.0765	-0.491	-0.116	0.083	-0.273	0.327	0.068	-0.869	-0.992	-1.914	-2.228	-6.98	-3.1	-2.989	-2.201	-2.052	-1.74	-1.676	-2.611	-3.308	-1.99	-2.454	-2.088	-2.236	-1.455	-2.396	-1.731
"YPR110C"	0.084	1.068	-0.304	-5.7185	-3.423	-3.133	-3.662	-6.318	0.151	-2.175	-3.212	-3.358	-0.038	0.243	0.352	0.565	-0.091	0.102	-0.593	-0.473	-0.671	-0.799	-1.245	0.106	-0.474	-2.108	0.048	0.305	-0.169	-0.044	0.331	-1.175	-1.66	-1.51	-3.569	-1.995	-2.88	-2.431	-2.452	-1.826	-1.801	-2.352	-2.052	-1.588	-3.122	-1.715	-2.837	-2.592	-2.057	-1.539	-1.492
"YPR118W"	0.133	0.7795	0.0	-2.848	-3.0	-3.095	-3.9965	-5.524	0.322	-2.594	-3.334	-3.538	0.092	0.31	0.441	0.25	0.036	-0.027	-0.352	-0.025	0.082	-0.034	0.125	0.349	0.14	-1.794	0.023	-0.046	-0.239	-0.539	0.153	-0.948	-0.385	-2.058	-1.399	-0.745	-1.39	-0.993	-1.095	-1.424	-0.778	-2.226	-1.228	-2.626	-1.433	-1.864	-2.954	-3.694	-1.334	-1.609	-2.679
