	"55.Elutriation2:Sample2:Time3.0hrs"	"56.Elutriation2:Sample2:Time3.5hrs"	"58.Elutriation2:Sample2:Time5.0hrs"	"107.heat shock 10 min"	"108.heat shock 15 min"	"109.heat shock 20 min"	"115.heat shock 20 min repeat"	"408.heat shock 29 to 37, 20 minutes"	"409.heat shock 25 to 37, 20 minutes"	"410.heat shock 21 to 37, 20 minutes"	"632.Elutriation2:Sample2:Time4.5hrs"	"681.YP galactose vs reference pool"	"684.YP fructose vs reference pool"	"854.YPD_6_h_30C"	"1009.YPD 2 h (25C)"	"1012.YPD 12 h (25C)"	"1107.alpha factor release sample025"	"1302.diauxic shift timecourse: 15.5 hr"	"1312.diauxic shift timecourse: 13.5 hr"	"4048.0.8M NaCl +FK506 - 30 min"	"4785.29C +1M sorbitol to 33C + 1M sorbitol - 15 min"	"7528.DBYyap1 0.32 mM H2O2 - 20 min"	"7759.Na 30min"	"7760.Na 45min"	"7761.Na 60min"	"7763.Na+FK 30min"	"7764.Na+FK 45min"	"7765.Na+FK 60min"	"8287.mcm1-1 + pRS315 vs. mcm1-1 + pRS-MCM7"	"9837.CLB2 induction 40minutes (possible against CLB5 0min)"	"12744.heat shock 17 to 37, 20 minutes"	"13057.wt/crz1 Na 30min (1)"	"13058.wt/crz1 Na 30min (2)"	"13059.wt/crz1 Na 45min (1)"	"13060.wt/crz1 Na 45min (2)"	"13065.Na/Na+FK 30min (1)"	"13066.Na/Na+FK 30min (2)"	"13067.Na/Na+FK 45min (1)"	"13068.Na/Na+FK 45min (2)"	"13069.Ca/Ca+FK 15min (1)"	"13070.Ca/Ca+FK 15min (2)"	"13133.Ca/Ca+FK 30min (2)"	"14711.Ca 5min (1)"	"14712.Ca 15min (1)"	"15179.Ca 5min (2)"	"15180.Ca 15min (2)"	"15184.Ca+FK 5min (2)"	"15635.Ca+FK 15min (2)"	"17472.Ca+FK 15min (5)"	"17676.Na+FK 45min (4)"	"17677.Na+FK 60min (4)"	"32251.DBY8778_heat_shock2_5min"	"32253.DBY8778_heat_shock2_15min"	"33259.delKIN82_heat shock _15min"	"33779.delYPL230w_stationary_phase_5hours"	"33780.delYPL230w_stationary_phase_7hours"
"YBR034C"	-0.3185	0.0125	-0.1095	-3.771	-3.193	-3.203	-2.964	-2.426	-3.138	-3.33	0.345	-0.084	0.425	-3.091	0.246	-2.6345	0.054	-0.961	-0.918	-2.667	-1.178	-2.105	-2.768	-2.709	-1.833	-2.216	-2.785	-2.665	0.488	0.172	-3.638	0.433	0.172	-0.166	-0.13	0.078	0.148	-0.55	-0.485	0.431	0.315	0.995	-1.993	-2.148	-2.179	-2.016	-1.577	-1.548	-1.537	-2.498	-1.36	-4.117	-3.01	-2.306	-2.298	-1.596
"YBR053C"	-1.165	-0.7785	-0.426	2.641	2.944	8.904	2.786	2.642	3.221	3.327	-0.143	0.477	-0.3565	2.807	0.4475	3.252	0.123	0.215	0.676	1.816	0.948	1.375	1.322	1.828	1.767	1.625	1.582	1.799	0.115	0.531	4.137	0.033	-0.259	-0.157	-0.064	0.004	-0.417	-0.344	-0.083	0.022	0.054	-0.513	1.77	2.517	1.899	2.416	1.369	2.475	2.489	1.4295	1.923	2.66	2.189	1.865	3.16	3.009
"YBR126C"	-0.379	0.408	-0.6185	3.914	3.891	3.737	3.477	3.311	3.665	3.498	0.0145	0.247	-0.5605	3.073	0.175	0.896	0.0555	0.929	0.763	2.831	2.698	0.878	2.524	3.036	2.125	1.773	2.434	2.681	-0.147	0.741	3.472	-0.309	-0.74	-0.152	-0.342	0.58	0.085	0.647	0.34	0.2	0.592	-0.244	3.18	3.189	3.298	3.52	3.146	3.741	4.1745	3.8665	4.5685	3.506	3.735	3.694	3.501	2.021
"YBR168W"	-0.419	-0.3225	-0.3615	0.859	0.901	0.674	0.508	0.515	0.656	0.608	-0.589	0.55	-0.108	1.315	0.0785	1.1225	0.046	-0.595	0.159	1.037	0.241	0.492	0.825	1.028	0.797	0.953	0.915	0.946	0.061	-0.454	0.403	0.098	-0.029	0.168	0.106	0.188	0.174	0.195	0.216	0.217	0.102	-0.08	1.161	1.159	0.997	1.277	1.47	1.494	1.9075	1.088	1.27	0.815	0.877	0.245	1.616	0.91
"YBR214W"	-0.5395	-0.322	-0.4955	2.3125	2.351	2.405	1.9155	1.0875	1.61	1.77	-0.5765	0.185	-0.203333333333333	0.634	0.008	0.899333333333333	-0.219	0.484	0.709	1.6195	0.949	2.139	2.1455	2.278	2.059	1.3005	1.9325	1.7595	-0.351	0.033	1.9665	-0.318	-0.782	-0.272	-0.18	0.453	0.495	0.517	0.354	0.217	0.081	-0.445	2.881	2.831	2.848	2.993	3.175	3.089	3.2195	2.5865	3.4265	3.535	4.093	2.948	4.29	2.874
"YCLX02C"	0.018	-0.008	-0.173	-3.711	-4.024	-3.848	-3.119	-2.69	-3.872	-3.655	-0.098	-0.4785	-0.1415	-4.118	-0.4635	-3.098	-0.097	-1.104	-0.955	-2.243	-1.585	-2.794	-1.95	-2.282	-1.57	-1.301	-1.974	-1.943	0.097	-0.6575	-4.225	0.599	0.491	-0.329	-0.011	0.117	-0.787	-0.289	-0.98	-0.281	-0.065	0.237	-3.151	-2.96	-3.451	-2.752	-3.562	-2.752	-2.5195	-2.286	-2.3655	-1.517	-2.679	-2.894	-3.541	-2.722
"YCR055C"	0.096	-0.266	-0.063	-1.508	-4.1	NaN	-3.895	-3.121	-3.998	-3.454	-0.222	-0.252	0.119	-6.518	0.066	-2.6155	0.2	-1.099	-0.685	-2.259	-1.524	-1.299	-1.936	-2.904	-2.096	-1.54	-1.969	-2.123	0.145	0.077	-4.055	0.337	0.616	-0.098	0.213	-0.273	0.32	-0.266	-0.166	-0.037	-0.231	0.228	-2.286	-2.63	-2.18	-1.914	-1.166	-1.844	-2.0705	-2.7325	-1.755	NaN	NaN	NaN	NaN	NaN
"YCR057C"	0.136	-0.22	-0.217	-2.11	-3.139	NaN	-3.435	-2.848	-2.984	-2.951	0.069	-0.276	0.042	-5.726	-0.035	-1.667	0.055	-1.595	-0.741	-2.039	-1.493	-1.0	-1.682	-2.77	-2.311	-1.528	-1.274	-1.82	0.111	-0.0765	-3.831	0.357	0.371	0.078	-0.107	-0.509	0.006	-0.679	-0.204	0.334	-0.114	0.119	-2.054	-2.099	-1.993	-2.62	-1.272	-2.242	-2.339	-2.298	-2.713	-2.57733333333333	-2.66966666666667	-2.12666666666667	-2.95133333333333	-2.48433333333333
"YDL022W"	-0.769	-0.112	-0.102	3.649	3.267	2.868	2.778	2.972	3.381	3.629	-0.353	0.5675	-0.026	1.983	0.676	1.977	-0.078	1.269	1.19	4.507	1.699	2.366	4.412	4.574	4.425	3.87	4.229	4.471	0.194	0.815	3.577	0.044	-0.231	0.241	0.234	0.659	0.935	0.014	0.728	0.211	0.463	-0.29	4.64	4.362	4.724	4.466	4.678	4.418	4.396	4.5565	4.493	3.806	3.704	3.824	2.49	1.039
"YDL023C"	-0.505	-0.446	-0.45	3.334	3.318	NaN	2.598	3.003	3.335	3.546	-0.682	0.904	-0.257	1.67	0.5405	1.353	-0.152	1.231	1.095	4.129	1.594	1.758	3.553	3.813	3.556	3.398	3.409	3.475	0.296	0.388	3.64	0.074	-0.266	0.475	0.296	0.93	0.476	0.616	0.555	0.615	0.458	-0.474	4.005	4.23	4.258	3.859	2.696	2.997	4.5155	2.4205	4.2245	3.565	3.112	3.048	2.639	0.903
"YDL046W"	-0.151	0.31	0.229	1.197	1.719	1.356	1.328	0.823	1.195	1.089	0.537	0.351	0.095	2.167	0.069	2.102	0.152	0.659	0.47	1.277	0.789	0.466	0.962	0.138	1.182	0.551	0.7	0.809	0.149	0.574	0.4	0.257	0.393	0.061	-0.001	0.527	0.728	0.475	0.48	0.882	0.919	0.848	0.59	-0.156	0.255	0.202	0.969	1.178	1.243	1.736	1.942	0.691	1.732	1.799	2.119	1.915
"YDL124W"	-0.536	-0.139	-0.352	2.899	3.398	3.443	3.375	2.524	3.037	2.927	-0.1375	1.233	0.118	4.364	0.568	2.383	0.465	0.852	0.719	3.605	1.992	2.392	3.057	3.951	4.145	2.593	3.343	3.676	-0.01	0.901	2.293	-0.393	-0.729	-0.537	-0.362	0.354	0.401	0.54	0.488	0.332	0.234	-0.125	3.051	3.987	3.246	4.353	2.101	3.566	3.41	3.172	3.684	3.117	3.568	2.977	3.876	2.455
"YDL152W"	0.519	-0.086	0.338	-1.59	-3.304	-2.545	-2.782	-2.848	-3.132	-2.053	0.158	0.034	0.315	-1.821	-0.209	-2.301	-0.025	-0.764	-0.52	-1.512	-0.697	-1.388	-1.397	-2.319	-1.539	-0.699	-1.558	-1.733	0.162	-0.109	-3.422	0.272	0.724	0.1	0.04	-0.534	-0.488	0.063	-0.114	-0.049	-0.065	0.263	-1.042	-1.552	-1.63	-1.34	-1.716	-1.954	-1.277	-1.037	-2.041	-2.504	-4.602	-3.56	-3.722	-2.566
"YDL201W"	0.096	0.322	-0.239	-2.767	-2.68	2.807	-2.05	-1.932	-2.515	-1.652	0.003	-0.541	0.093	-3.282	0.199	-2.178	0.108	-0.601	-0.23	-1.066	-0.6	-1.413	-1.022	-1.275	-1.213	-0.965	-1.373	-1.767	0.33	-0.553	-2.398	0.107	0.336	0.223	0.121	-0.006	-0.253	0.138	0.008	0.042	0.291	0.183	-1.061	-1.643	-1.243	-1.649	-0.926	-1.551	-1.876	-1.005	-1.183	-3.323	-2.621	-2.04	-2.492	-1.838
"YDL222C"	-0.764	-0.264	-1.985	4.852	5.532	5.359	5.486	4.452	4.933	5.493	-0.798	0.75	-1.273	2.058	-0.762	1.591	-0.313	-0.229	-0.669	2.326	2.774	-1.112	3.739	3.922	3.845	1.796	2.785	2.677	-0.007	0.9125	5.7	-0.983	-1.401	-0.177	-0.205	0.071	0.364	-0.073	0.559	0.371	0.688	-0.145	4.063	5.24	4.374	4.923	NaN	7.619	4.601	4.364	4.427	4.903	5.632	4.011	6.788	5.657
"YDR021W"	-0.096	-0.201	-0.251	-0.564	-1.722	-1.6	-1.626	-1.7	-2.199	-1.75	-0.083	-0.222	0.0	-0.944	-0.165	-1.371	-0.1	-0.446	-0.466	-0.66	-1.169	-1.128	-0.835	-1.103	-1.052	-0.694	-0.63	-1.088	-0.01	-0.253	-1.924	0.519	0.578	0.518	0.583	0.064	-0.226	-0.182	-0.184	0.029	0.152	0.443	-2.099	-2.378	-2.629	-2.617	-4.195	-1.675	-2.3	-0.938	-1.784	-1.968	-0.262	-1.854	-1.46	-1.011
"YDR101C"	0.352	0.108	0.094	-3.098	-3.513	-3.593	-3.404	-3.0	-3.74	-3.659	-0.055	-0.086	0.278	-4.306	0.188	-2.52	0.113	-1.211	-0.841	-2.426	-1.736	-1.885	-2.295	-2.352	-1.867	-2.185	-2.477	-2.261	0.191	-0.394	-3.253	-0.222	-0.253	0.204	0.01	0.167	0.204	-0.503	-0.308	0.166	0.016	0.391	-2.313	-2.638	-2.302	-2.703	-2.51	-2.283	-2.391	-2.526	-2.423	-2.688	-3.244	-3.315	-3.048	-2.294
"YDR171W"	-0.826	-0.168	-0.5	6.617	6.083	5.884	5.56	5.126	6.153	6.24	-0.389	0.711	-1.044	5.287	0.664	2.893	0.068	1.295	1.174	4.979	3.883	3.59	4.183	4.385	4.392	4.176	4.034	4.162	0.042	-0.007	5.398	0.312	0.3765	0.587	0.58	0.703	0.427	0.6615	0.7975	0.665	0.2335	-0.4475	3.812	4.059	3.831	4.1315	3.636	3.7045	4.2405	4.457	3.991	5.862	5.035	4.403	4.639	4.566
"YDR204W"	-0.088	0.172	0.032	2.053	2.454	2.245	2.273	1.933	2.734	2.548	0.033	0.118	-0.174	3.146	0.448	0.96	-0.17	0.096	-0.088	1.481	0.905	-0.051	1.384	1.811	2.125	0.871	1.507	1.569	-0.044	0.131	2.994	0.1055	-1.05	-0.0215	-0.039	-0.017	0.064	-0.2705	0.099	-0.1275	0.216	-0.192	1.209	2.228	1.147	1.69	0.9655	1.988	2.3245	1.9725	2.326	2.135	2.346	2.774	2.826	1.883
"YDR368W"	-0.7385	-0.335	-0.447	1.171	1.207	1.088	0.689	1.063	1.274	1.273	-0.1275	0.718	0.333	0.974	0.271	1.019	-0.1745	0.212	-0.162	1.857	0.578	0.703	1.316	2.166	2.344	1.22	1.786	2.125	0.173	0.482	1.011	-0.025	-0.343	0.09	0.036	0.408	-0.438	0.298	-0.057	0.168	0.241	-0.023	1.586	1.983	1.887	2.085	1.376	1.374	2.065	1.899	2.223	1.025	1.393	2.008	1.122	0.274
"YDR496C"	-0.095	-0.3165	-0.3395	-2.7945	-5.251	-1.709	-3.9025	-3.671	-4.953	-4.7405	0.1005	-0.136	0.0635	-3.1645	-0.0525	-3.995	-0.008	-0.775	-0.358	-3.063	-1.8765	-2.09	-2.733	-3.5775	-2.461	-2.197	-3.151	-2.808	0.18	0.2125	-5.1875	0.572	0.6995	-0.0205	-0.2325	-0.174	0.8555	-0.897	-0.4975	0.168	-0.065	0.4605	-2.967	-2.715	-2.776	-2.592	-2.801	-2.8195	-2.728	-3.004	-3.117	-3.598	-3.216	-1.02	-1.917	-1.733
"YER038C"	-0.224	-0.531	0.056	2.486	1.963	2.457	2.516	1.298	1.281	2.0	-0.437	0.236	0.022	1.902	0.183	1.201	0.024	-0.628	-0.028	2.168	0.432	1.092	2.334	2.33	1.943	2.409	2.056	1.888	-0.221	0.056	1.344	0.032	0.165	0.237	0.221	-0.001	-0.479	0.106	-0.037	0.18	0.174	0.018	1.874	1.988	1.282	2.046	1.917	1.878	1.965	2.255	2.546	2.0	2.597	2.877	1.424	0.842
"YER061C"	-0.147	-0.409	0.148	0.753	0.737	0.707	0.451	0.522	1.173	0.729	0.014	-0.376	-0.359	0.847	0.001	1.303	-0.213	0.794	0.42	0.984	-0.186	0.471	0.791	0.901	0.593	0.863	0.735	0.495	0.129	0.0125	1.36	-0.07	-0.039	0.498	0.261	0.667	0.365	0.621	0.224	0.176	0.317	0.249	3.721	3.707	3.813	4.102	3.319	3.627	3.087	3.321	2.771	0.509	0.255	1.323	1.589	1.251
"YER082C"	-0.049	0.231	0.003	-3.133	-2.842	-2.415	-2.255	-1.948	-2.651	-2.474	0.302	-0.7	0.173	-2.646	-0.016	-1.244	-0.181	-0.761	-0.579	-0.956	-0.7	-1.05	-1.315	-1.843	-1.491	-0.785	-1.161	-1.57	0.279	0.867	-2.385	0.42	0.329	0.128	0.124	-0.176	-0.648	0.281	-0.178	0.225	0.122	0.201	-1.077	-1.301	-1.41	-1.081	-0.786	-1.343	-0.986	-1.272	-0.952	1.247	0.672	1.094	1.598	1.509
"YER126C"	0.495	0.224	0.256	-2.129	-3.132	-5.661	-2.634	-3.488	-4.626	-4.459	0.026	-0.329	0.033	-4.455	0.014	-2.303	0.197	-0.476	-0.297	-2.191	-0.966	-1.302	-1.979	-3.035	-2.036	-1.422	-2.942	-2.828	0.105	-0.218	-5.253	0.9195	0.9175	-0.041	0.09	0.227	0.348	0.106	-0.384	0.0785	-0.1075	0.3925	-2.1125	-2.2045	-2.0885	-2.315	-1.789	-2.484	-1.4275	-3.7255	-2.172	-3.26	-5.806	-3.166	-3.761	-2.961
"YER127W"	0.189	-0.223	0.029	-2.534	-2.809	-2.346	-2.38	-1.952	-3.051	-2.807	-0.125	-0.041	0.444	-3.292	-0.123	-1.589	0.063	-0.858	-0.27	-1.746	-1.047	-1.716	-1.62	-1.641	-0.933	-1.291	-2.207	-1.783	0.339	-0.031	-3.328	0.4265	0.6035	-0.118	-0.0035	0.191	-0.041	-0.1875	-0.076	0.099	-0.098	0.564	-1.443	-1.1305	-1.7105	-1.191	-1.492	-1.5735	-1.208	-1.702	-1.294	-5.069	-4.459	-1.991	-3.601	-3.002
"YGL037C"	-0.341	0.157	-0.439	4.841	4.922	5.031	4.738	4.635	4.777	4.892	-0.691	0.628	-0.493	4.226	0.977	2.654	-0.044	1.77	1.382	4.131	2.471	2.6	3.473	4.034	4.0	3.629	4.14	4.201	-0.328	-0.21	4.782	0.242	0.06	0.475	0.476	0.822	0.464	0.925	0.712	0.714	0.643	0.324	4.188	4.405	4.221	4.55	4.307	5.007	4.814	4.857	4.762	5.215	5.736	4.25	4.634	3.141
"YGL055W"	-0.205	-0.369	0.153	-1.948	-2.504	-2.789	-2.779	-2.446	-2.905	-1.633	-0.401	-0.156	-0.474	-2.39	0.419	0.734	0.698	0.411	0.294	-2.244	-1.096	-0.642	-2.002	-2.205	-2.67	-1.605	-1.774	-2.273	0.404	-0.143	-2.516	-0.213	-0.299	0.158	0.171	0.016	-0.282	-0.459	-0.223	-1.076	-1.245	-0.522	-0.909	-1.76	-0.94	-1.572	-1.477	-3.074	-2.039	-2.481	-1.945	-2.384	-2.832	-2.378	-1.5	2.117
"YGL104C"	0.189	0.092	0.26	1.66	2.468	1.887	2.115	1.766	2.107	1.882	0.006	0.226	-0.029	2.984	0.221	2.284	-0.112	0.3	0.463	1.763	0.619	1.024	1.606	1.832	1.746	1.432	1.504	1.585	-0.139	0.119	2.33	-0.204	-0.584	-0.054	-0.092	-0.139	0.076	0.445	0.236	0.029	0.178	-0.158	0.987	2.286	1.419	2.176	0.99	2.04	2.058	1.303	2.128	0.82	1.211	0.773	1.442	0.712
"YGL111W"	0.104	0.084	0.109	-1.886	-2.705	-2.012	-2.506	-2.165	-2.854	-2.867	0.204	-0.615	0.173	-3.668	0.262	-2.617	0.18	0.111	-0.04	-1.234	-0.608	-0.926	-1.235	-1.614	-1.309	-0.941	-1.429	-1.56	0.356	-0.49	-2.724	0.48	0.536	0.162	0.249	0.498	0.276	0.131	0.041	-0.547	-0.113	0.095	-1.083	-1.595	-1.149	-1.182	-0.87	-1.733	-0.936	-1.862	-1.54	-2.854	-3.188	-2.456	-3.063	-1.924
"YGL171W"	0.335	-0.362	0.099	-3.422	-4.302	3.479	-4.243	-2.091	-3.818	-3.208	-0.564	0.168	-0.133	-5.822	0.029	-3.704	0.044	-0.644	-0.708	-2.1	-1.418	-1.278	-2.007	-3.247	-2.573	-1.828	-2.897	-2.938	0.218	-0.192	-3.658	0.315	0.405	-0.316	-0.049	-0.13	0.074	-0.754	-0.39	-0.129	0.003	0.156	-2.045	-3.155	-2.692	-2.678	-1.532	-2.445	-2.812	-2.994	-3.129	-3.124	-3.355	-2.722	-3.848	-2.304
"YGL248W"	-0.184	0.097	0.179	0.858	1.954	-0.036	1.741	1.496	2.515	2.277	0.07	0.448	-0.167	1.948	0.422	1.473	0.13	0.187	0.287	1.394	0.799	1.492	1.304	1.683	1.613	1.067	1.539	1.561	-0.598	-0.172	2.789	-0.366	-0.524	-0.372	-0.378	0.104	-0.394	0.066	-0.002	0.413	0.095	0.051	1.216	1.905	1.192	1.681	0.803	1.675	1.769	1.201	1.429	0.756	2.037	1.994	1.395	1.43
"YGR043C"	-0.689	-0.189	-1.205	3.734	5.04	4.645	5.049	2.61	5.232	4.833	-0.499	-0.425	-1.778	5.679	-0.323	5.014	-0.215	0.379	-0.071	4.853	2.076	3.433	4.445	5.025	5.539	3.618	4.531	4.874	-0.128	0.033	5.961	-1.069	-1.179	-0.627	-0.656	-0.088	0.21	-0.321	0.377	0.169	0.467	0.044	3.806	4.694	4.377	4.705	3.152	4.843	4.573	3.904	3.572	2.557	4.675	3.31	6.098	5.083
"YGR088W"	-0.688	-0.639	-1.743	5.667	6.373	2.723	5.936	4.829	5.213	6.038	-1.08	1.229	-1.339	6.03	-0.031	4.878	0.175	1.393	0.982	5.535	3.303	4.425	4.761	5.015	4.802	4.026	4.788	5.016	-0.755	0.068	6.94	-0.659	-1.121	-0.324	-0.316	0.767	0.687	1.082	0.9	1.561	1.2	1.777	4.807	4.652	4.961	4.689	5.339	5.379	4.971	4.358	4.853	3.158	4.824	2.492	6.174	5.244
"YGR149W"	-0.575	-0.472	-0.109	1.2625	2.1315	1.8355	1.925	1.879	1.9705	1.8465	-0.233	0.141	0.144	2.361	0.256	1.898	-0.011	0.706	0.794	1.188	0.544	0.968	1.514	1.729	1.679	0.892	1.386	1.286	0.332	0.127	2.1715	-0.685	-0.985	-0.5985	-0.4835	-0.3995	-0.17	-0.194	0.076	-0.1225	-0.235	-0.422	1.566	1.509	1.4645	1.614	1.0005	1.849	1.6275	1.488	1.7435	0.999	1.856	1.524	1.906	1.3
"YGR158C"	-0.345	-0.029	0.053	-1.284	-1.5985	-1.0395	-1.3315	-0.914	-1.451	-1.544	-0.313	0.0	0.348	-2.111	0.139	-1.205	0.059	-0.407	-0.162	-1.114	-0.632	-1.119	-1.401	-1.232	-0.844	-1.103	-1.314	-1.189	0.252	-0.359	-1.6075	0.3945	0.4695	0.172	0.214	0.0635	-0.089	-0.183	0.1695	0.331	-0.096	0.2215	-0.9725	-0.658	-1.171	-1.1015	-0.7985	-1.0445	-0.924	-1.4055	-1.0895	-1.329	-1.299	-1.474	-2.299	-0.631
"YGR160W"	0.216	0.043	-0.201	-5.206	-6.235	-5.8935	-5.9475	-5.567	-6.207	-4.6575	0.1	-0.53	0.675	-4.796	0.109	-4.626	0.323	-1.342	-1.341	-3.109	-1.846	-2.876	-3.117	-3.857	-2.834	-2.737	-3.507	-3.412	0.338	-0.534	-6.3385	0.889	0.88	0.14	0.1945	0.609	0.456	-0.6145	-0.504	0.7535	0.251	0.7565	-2.346	-3.0265	-2.661	-3.017	-1.7855	-2.625	-2.6695	-4.147	-3.2215	-3.421	-4.64	-4.966	-4.708	-4.059
"YGR248W"	-1.505	-0.838	-1.256	5.5605	6.0655	6.403	5.962	5.4885	6.052	5.5355	-1.632	0.794	-1.17	5.321	0.186	4.094	0.028	1.972	0.993	4.781	3.37	4.744	3.363	4.308	4.92	3.473	4.322	5.049	-0.268	0.308	7.005	-0.762	-0.615	-0.451	-0.509	0.941	0.984	1.336	1.309	1.535	1.46	1.569	3.643	4.063	3.786	4.364	4.078	5.148	4.241	3.191	3.907	5.373	4.665	3.854	6.811	5.604
"YGR272C"	0.08	-0.243	0.072	-1.24	-2.097	-1.5415	-2.409	-2.261	-2.5195	-2.589	-0.474	-0.285	0.0	-3.298	-0.19	-2.698	0.11	-0.23	-0.348	-2.036	-1.313	-1.503	-2.311	-2.745	-2.178	-1.573	-2.493	-2.514	0.289	0.422	-1.6415	0.367	0.841	-0.325	0.04	-0.343	-0.207	-0.875	-0.479	-0.065	-0.126	0.788	-0.872	-2.313	-3.11	-2.967	-2.561	-2.095	-1.879	-2.635	-2.408	-1.904	-1.175	-1.502	-1.888	-1.468
"YHL021C"	-0.672	-0.34	-0.116	5.6195	5.88	5.7395	5.508	4.666	5.5395	5.718	-0.83	1.573	-0.536	5.13	0.393	3.904	-0.061	1.297	1.284	4.431	3.006	3.413	3.59	3.443	3.832	2.99	3.239	3.337	-0.436	0.347	5.9365	-0.844	-1.108	-0.357	-0.364	0.346	-0.345	0.547	-0.169	0.112	-0.079	-0.929	4.618	4.633	4.214	4.775	3.933	5.105	4.883	4.794	4.599	6.378	6.107	5.07	6.624	4.847
"YHR052W"	0.152	0.115	0.049	-3.848	-4.2445	-2.638	-3.5175	-3.5215	-4.3935	-3.9395	0.043	-0.036	0.384	-4.199	-0.107	-3.435	-0.033	-0.446	-0.675	-2.447	-1.119	-1.839	-2.417	-2.621	-1.95	-1.349	-2.318	-2.298	0.14	-2.413	-4.9395	0.413	0.343	0.158	0.128	0.161	0.277	0.093	0.041	0.446	-0.281	0.657	-2.069	-1.76	-1.675	-2.126	-1.334	-1.849	-1.695	-2.641	-2.604	-2.268	-2.827	-2.212	-3.47	-2.114
"YHR066W"	-0.087	-0.02	-0.052	-2.6315	-3.7505	-3.058	-3.0515	-2.9815	-3.762	-3.552	0.133	-0.413	0.103	-4.885	-0.274	-2.742	0.045	-0.637	-0.452	-2.029	-1.419	-2.058	-1.659	-2.447	-1.738	-1.335	-2.494	-2.346	0.01	0.08	-4.347	0.501	0.41	-0.231	-0.207	-0.184	0.118	-0.526	-0.644	-0.156	-0.354	0.363	-2.269	-2.765	-2.571	-2.504	-1.612	-1.998	-2.15	-3.667	-3.295	-2.551	-3.068	-2.219	-2.382	-1.908
"YHR087W"	-0.606	-0.21	-0.656	6.0195	5.7105	5.698	5.252	6.08	5.929	6.501	-1.076	0.42	-1.415	3.602	-0.365	2.42	-0.14	1.187	0.326	5.013	2.916	2.052	5.067	5.497	5.933	4.806	5.093	4.962	0.3	0.744	6.1195	-0.253	0.074	0.079	0.095	0.78	0.569	1.013	1.004	0.649	0.728	0.556	5.549	5.607	5.113	5.372	5.338	6.151	4.848	7.094	5.78	6.124	6.178	5.117	5.778	4.259
"YHR088W"	0.229	-0.223	-0.081	-2.3875	-5.1145	-5.3925	-4.6805	-3.058	-3.613	-2.3075	-0.421	-0.335	0.061	-5.002	-0.029	-1.713	-0.041	-0.668	-0.612	-1.129	-1.417	-0.596	-1.231	-3.561	-1.727	-0.823	-1.811	-2.252	-0.059	-0.144	-3.3645	0.72	0.671	0.251	0.282	0.006	-0.134	-0.523	-0.324	-0.293	-0.299	0.433	-1.503	-2.284	-1.629	-2.489	-1.298	-2.425	-3.581	-1.946	-2.323	-2.592	-2.779	-1.48	-2.768	-2.043
"YHR104W"	-0.483	-0.409	-0.289	4.5615	4.906	4.8105	4.6215	4.247	4.658	4.7775	-0.62	0.946	-0.619	3.691	0.357	2.561	-0.152	1.092	0.893	3.233	2.21	2.393	2.72	3.95	4.176	2.268	3.382	3.895	-0.06	0.007	5.319	-0.722	-1.05	-0.314	-0.434	0.513	0.035	0.306	0.448	0.598	0.346	-0.205	3.745	4.395	3.853	4.573	3.872	4.605	4.627	4.033	4.789	4.201	5.002	3.432	3.963	2.022
"YHR138C"	-0.181	-0.439	-0.261	3.098	3.445	-1.897	2.5555	2.6055	3.239	3.2655	-0.438	0.403	-0.604	1.82	0.121	2.435	-0.075	0.662	0.275	2.966	0.684	1.886	2.402	3.181	2.837	1.588	1.981	2.33	0.003	-0.083	3.7435	-0.675	-0.682	-0.509	-0.459	-0.394	-0.756	-0.593	-0.047	-0.805	-1.03	-1.673	3.257	3.918	3.527	4.045	1.067	3.157	2.838	2.457	2.477	2.711	3.561	2.666	2.652	2.302
"YHR148W"	0.318	-0.18	0.334	-1.6105	-3.0225	-1.8445	-2.0375	-2.8705	-3.2345	-2.692	-0.085	0.146	0.526	-3.086	-0.085	-1.58	-0.032	-0.631	-0.252	-2.068	-1.049	-1.697	-2.063	-2.43	-1.54	-1.509	-2.013	-1.969	0.237	-0.081	-3.95	0.038	0.367	-0.192	-0.162	0.224	-0.189	-0.261	-0.406	-0.182	-0.264	0.204	-1.372	-1.428	-2.046	-1.566	-1.198	-2.008	-1.694	-2.946	-1.944	-1.484	-2.565	-2.035	-2.893	-1.982
"YIL071C"	NaN	NaN	NaN	1.089	0.894	3.024	0.508	0.918	1.003	0.893	NaN	0.784	0.0	1.292	0.234	1.194	NaN	NaN	NaN	1.008	0.379	0.796	0.901	1.081	0.846	0.905	1.058	1.0	0.05	0.041	1.7	0.0	-0.131	0.048	-0.035	-0.178	-0.251	-0.317	0.024	0.194	0.149	-0.412	0.89	1.247	0.639	1.013	0.817	1.22	1.101	0.559	0.952	0.931	1.082	-0.69	1.294	1.312
"YIL096C"	-0.523	-0.23	-0.066	-2.468	-2.835	-0.475	-2.2225	-1.884	-0.384	-2.05	0.041	-0.123	0.23	-2.516	0.141	-1.535	0.126	0.371	-0.391	-1.181	-0.737	-1.039	-1.245	-1.959	-1.959	-0.622	-1.383	-1.453	0.356	0.056	-1.556	0.685	0.729	0.324	0.227	-0.279	0.055	-0.268	-0.465	-0.516	-0.35	0.138	-1.624	-2.11	-2.353	-2.241	-1.197	-1.898	-2.298	-1.501	-2.323	-2.015	-2.651	-2.295	-2.167	-1.25
"YIL103W"	-0.138	-0.351	-0.325	-0.971	-1.282	-0.4105	-2.1455	-0.4715	-1.163	-1.311	-0.503	0.178	0.019	-1.36	0.258	-0.074	-0.153	-0.021	-0.345	-0.528	-0.711	-1.177	-0.757	-1.041	-1.07	-0.836	-1.131	-1.318	0.219	-0.208	-0.7685	0.295	0.218	0.134	0.179	0.129	0.417	-0.308	0.287	-0.574	-0.182	0.166	-0.519	-1.158	-1.019	-1.228	-0.728	-1.179	-2.382	NaN	-1.884	-1.881	-1.623	-0.949	-1.746	-0.954
"YJL069C"	-0.211	-0.18	-0.368	-2.8925	-3.028	2.1855	-3.073	-1.3795	-2.9805	-3.0365	-0.089	-0.111	0.534	-4.742	-0.007	-2.694	-0.013	-0.7	-0.755	-2.266	-1.386	-2.149	-1.914	-2.329	-1.711	-1.707	-2.035	-1.743	0.126	-0.566	-3.224	0.299	0.174	-0.103	0.114	0.15	0.188	-0.086	-0.275	-0.012	0.178	-0.088	-1.871	-1.028	-1.791	-1.246	-1.829	-1.152	-1.257	-1.62	-1.159	-3.282	-1.862	-2.285	-2.354	-1.803
"YJL108C"	0.04	-0.391	-0.176	1.397	1.1095	1.5295	1.044	0.6735	0.9135	0.7165	-0.673	0.248	0.28	-0.751	-0.007	-0.822	-0.087	-1.249	-0.207	5.057	0.459	0.018	4.314	4.44	4.312	3.76	3.992	4.028	-0.178	-0.272	1.237	-0.653	-1.243	0.017	0.045	0.009	-0.269	0.241	-0.029	-0.454	-0.487	-0.092	4.621	3.154	4.35	3.353	5.017	3.297	2.444	2.533	2.992	0.379	-0.078	1.5575	-0.8925	-1.402
"YJR002W"	-0.0795	0.0745	0.146	-3.138	-3.52066666666667	-0.709666666666667	-2.819	-2.21066666666667	-2.34	-3.20666666666667	0.1515	-0.741	0.1115	-2.9885	0.074	-2.212	-0.0945	-0.205	-0.186	-1.4075	-0.743	-1.4575	-1.3115	-2.0865	-1.753	-0.9595	-1.7065	-1.7065	0.182	0.189	-3.31866666666667	0.233	0.0735	-0.2155	-0.203	0.051	0.3675	-0.7955	-0.109	-0.4555	-0.2675	0.0575	-1.54	-1.803	-1.913	-2.31	-1.603	-1.865	-2.1325	-0.062	-4.135	-2.667	-3.252	-2.97	-2.426	-1.264
"YJR019C"	-0.01	0.035	0.16	1.322	0.5635	1.373	1.0255	0.8655	1.3695	1.133	0.086	-0.222	-0.623	2.306	-0.65	1.38	-0.04	0.774	0.148	2.268	0.468	-0.348	1.843	2.059	1.862	1.06	1.486	1.324	0.121	0.377	1.4745	0.008	-0.501	-0.04	-0.192	0.333	0.165	0.049	-0.166	-0.392	-0.136	-0.619	1.333	1.386	1.136	1.491	1.329	1.851	1.804	1.816	2.576	-0.335	-0.279	0.665	1.275	1.67
"YJR063W"	-0.214	0.086	-0.084	-2.0025	-2.675	-1.716	-2.1255	-2.576	-2.555	-2.2705	0.032	-0.239	0.821	-3.233	-0.062	-2.236	-0.089	-0.593	-0.342	-1.662	-0.859	-1.994	-2.045	-1.804	-1.2	-1.258	-1.476	-1.422	0.146	0.009	-3.415	0.423	0.726	0.106	0.195	0.098	-0.464	0.18	-0.02	0.196	0.201	0.601	-1.47	-1.753	-1.789	-1.665	-1.824	-2.148	-1.687	-1.705	-1.471	-1.046	-1.276	-2.068	-2.958	-2.455
"YKL078W"	-0.119	-0.529	-0.444	-1.889	-3.604	NaN	-5.158	-2.3495	-3.592	-3.3985	0.261	-0.1	0.267	-5.829	-0.202	-2.695	0.119	-1.034	-1.002	-2.374	-2.114	-2.4	-1.827	-2.708	-2.548	-1.799	-2.321	-2.256	0.394	-0.291	-3.7245	0.412	0.429	0.259	0.048	-0.97	-2.068	-1.12	-0.155	-0.214	0.165	0.276	-2.342	-2.451	-2.327	-2.958	-2.415	-2.441	-1.592	-1.323	-1.948	-2.953	-3.359	-2.475	-3.291	-2.654
"YKL091C"	-0.451	-0.262	0.07	3.351	4.009	3.776	3.851	2.683	3.567	3.623	-0.259	0.987	-0.28	5.27	0.331	3.642	-0.192	0.568	0.9	3.719	2.258	2.512	2.482	3.059	3.309	2.427	3.042	3.043	-0.172	-0.063	3.699	-0.075	-0.173	-0.011	-0.088	0.877	0.532	0.73	0.906	1.309	0.853	0.184	2.098	2.411	2.025	2.836	2.41	2.549	3.123	3.564	3.452	2.005	3.205	2.597	4.146	3.248
"YKL143W"	-0.185	-0.331	-0.387	-3.105	-4.877	-5.727	-4.765	-3.755	-3.979	-3.248	-0.058	0.25	0.0	-4.748	-0.088	-2.734	0.1	-0.854	-0.61	-1.312	-1.413	-1.297	-1.641	-2.976	-2.881	-1.17	-2.458	-3.373	0.049	0.071	-4.275	0.761	0.945	0.249	0.549	-0.432	0.386	-0.649	0.013	-0.134	-0.493	0.545	-1.553	-4.177	-2.136	-4.061	-2.241	-5.338	-3.548	-2.852	-5.061	-3.454	-4.409	-2.624	-3.914	-2.07
"YKL193C"	-0.857	-0.517	-0.462	2.396	1.997	2.27	1.904	1.556	1.56	1.755	-1.004	0.813	-0.395	2.373	0.239	1.68	-0.472	0.841	0.433	0.394	0.124	1.366	1.615	1.947	1.76	1.098	1.391	1.383	-0.19	-0.155	1.803	-0.088	-0.137	-0.09	-0.01	0.118	-0.349	0.26	0.067	0.216	0.231	-0.222	1.162	1.412	1.204	1.239	1.186	1.524	1.568	1.025	1.095	1.492	1.663	1.55	2.642	1.834
"YKR024C"	-0.07	-0.469	-0.124	-2.831	-3.382	-3.249	-3.489	-2.212	-3.285	-2.848	0.186	-0.25	0.138	-4.227	-0.1	-2.134	0.252	-1.089	-0.701	-1.941	-1.485	-1.779	-1.982	-2.204	-1.977	-1.533	-1.791	-1.689	0.099	-0.232	-3.49	0.311	0.151	-0.04	0.264	-0.12	-0.441	-0.517	-0.58	0.156	-0.157	0.045	-2.248	-1.997	-2.177	-2.155	-2.312	-2.167	-1.386	-1.781	-1.463	-3.27	-1.518	-2.377	-2.389	-1.827
"YKR046C"	-0.484	-0.325	-0.008	1.403	1.623	NaN	1.465	1.316	2.034	1.513	-0.492	-0.058	-0.06	2.019	0.118	1.726	-0.061	0.482	0.328	1.233	0.111	0.338	0.816	1.561	1.521	0.139	0.948	1.168	-0.381	-0.281	2.093	0.116	-0.168	-0.065	-0.043	0.015	0.188	-0.188	0.453	0.277	0.49	0.276	0.718	1.034	0.733	0.99	0.736	1.49	1.113	-3.426	1.117	-0.399	0.327	0.497	1.834	2.303
"YKR081C"	0.172	0.11	0.454	-4.01	-4.459	-3.157	-3.308	-1.58	-3.81	-3.431	0.488	-0.313	0.252	-4.081	-0.003	-3.734	-0.04	-0.392	-0.404	-2.166	-0.988	-1.931	-1.865	-2.808	-1.645	-1.476	-2.276	-2.28	0.288	0.574	-3.505	0.547	0.467	-0.272	-0.343	-0.206	-0.597	-1.013	-0.573	-0.395	0.108	0.464	-2.195	-2.534	-1.95	-2.641	-1.907	-3.084	-2.582	-4.501	-2.789	-2.229	-2.666	-2.514	-3.261	-2.433
"YLL026W"	-1.221	-0.878	-0.954	5.272	5.873	2.796	5.276	5.224	6.223	6.124	-0.731	1.122	-0.782	3.789	0.642	3.64	-0.139	1.312	1.065	2.93	3.262	2.945	2.495	2.676	2.481	2.286	2.702	2.804	-0.311	-0.006	5.928	-0.59	-0.962	-0.106	-0.195	0.035	0.059	0.394	0.07	-0.575	-0.629	-0.972	2.508	2.551	2.76	2.63	0.697	0.704	2.908	2.684	2.886	7.05	6.217	4.322	5.223	4.61
"YLR003C"	-0.121	-0.314	0.034	-2.628	-3.442	-2.921	-2.957	-2.644	-3.201	-3.212	-0.151	-0.153	-0.006	-3.378	0.103	-3.393	-0.23	-0.554	-0.285	-1.374	-1.017	-1.689	-1.627	-1.985	-1.287	-1.157	-1.946	-1.909	-0.094	-0.371	-3.305	0.259	0.614	0.048	0.058	-0.195	-0.49	-0.55	-0.598	0.334	0.1	0.179	-1.875	-2.208	-1.952	-2.329	-2.223	-2.654	-2.502	-1.938	-1.965	-2.062	-2.573	-2.402	-3.839	-2.794
"YLR009W"	0.458	0.121	0.032	-2.705	-4.735	-4.567	-4.564	-2.897	-4.204	-3.864	0.027	-0.306	0.07	-4.675	-0.092	-3.455	0.188	-0.713	-0.578	-2.459	-1.592	-2.176	-2.563	-2.802	-2.013	-2.197	-2.902	-2.825	0.139	-0.094	-4.344	0.582	0.808	0.014	0.138	0.322	-0.126	0.257	-0.385	0.315	-0.081	0.506	-2.528	-2.856	-2.352	-2.849	-2.119	-2.61	-3.247	-2.788	-2.344	-3.489	-3.436	-1.829	-3.361	-1.953
"YLR057W"	-0.081	-0.353	-0.273	-0.622	-0.655	NaN	-1.045	-0.447	-0.35	-0.865	0.217	0.252	-0.144	NaN	0.001	-1.007	-0.379	-0.139	-0.119	-1.336	-0.449	-1.192	-1.194	-1.621	-1.239	-1.161	-1.176	-0.97	0.167	0.243	-0.205	-0.121	0.251	-0.171	-0.132	-0.489	-0.077	-0.831	-0.472	-0.061	0.549	0.138	-1.752	-1.7	-1.734	-1.388	-1.881	-1.314	-1.486	NaN	-3.031	-1.186	-1.087	-0.488	-1.663	-1.084
"YLR068W"	-0.182	-0.152	0.235	-0.945	-0.901	2.817	-1.755	-0.233	0.285	0.372	-0.019	0.0	0.291	-1.533	-0.163	-0.808	-0.122	-0.435	-0.549	-1.473	-0.678	-1.647	-1.737	-2.111	-1.743	-0.856	-1.196	-1.648	0.096	-0.142	0.693	0.085	0.452	0.155	0.23	0.252	-0.174	0.133	0.05	-0.249	0.03	0.239	-1.416	-1.496	-1.834	-1.413	-1.513	-2.126	-1.476	-1.646	-2.12	-3.037	-2.248	-2.5	-2.591	-1.515
"YLR186W"	-0.018	0.581	-0.288	-2.647	-2.522	NaN	-2.221	-2.011	-2.976	-2.122	0.382	-0.537	0.669	-4.787	-0.004	-2.372	-0.29	-0.544	-0.784	-1.656	-0.75	-1.886	-1.698	-1.642	-0.861	-1.436	-1.814	-1.695	-0.679	0.303	-3.083	0.653	0.428	0.226	0.375	0.35	0.215	0.164	-0.436	0.067	0.253	0.508	-1.947	-2.164	-2.139	-1.941	-1.418	-1.566	-1.927	-1.987	-0.848	-2.648	-2.466	-3.113	-4.173	-2.896
"YLR251W"	-1.026	-0.742	-0.711	3.436	3.829	3.267	3.611	2.862	3.682	3.696	-1.136	1.222	-0.111	3.169	-0.015	2.36	-0.187	1.08	0.511	3.53	1.643	3.116	2.699	3.251	2.767	2.371	2.789	2.853	-0.122	0.088	4.136	0.066	-0.282	0.512	0.515	0.171	0.266	1.082	0.964	1.14	0.93	0.582	2.672	3.255	2.948	3.449	2.886	4.012	2.741	2.182	1.972	2.137	1.438	2.533	2.615	1.701
"YLR252W"	-0.381	-0.507	-0.227	3.536	3.483	3.141	2.704	2.656	3.133	3.23	-0.913	0.087	-0.28	2.929	-0.268	1.93	-0.283	0.942	0.96	3.707	1.8	3.59	2.817	3.319	2.943	2.725	3.12	2.917	-0.255	0.179	3.837	-0.172	0.026	0.209	0.185	0.354	0.365	0.879	0.722	1.129	0.954	0.28	2.461	3.244	2.696	2.994	2.948	4.12	2.993	2.889	1.971	1.983	0.776	1.859	3.058	2.007
"YLR276C"	-0.13	0.054	-0.249	-3.536	-4.199	NaN	-3.855	-3.331	-3.732	-4.143	0.055	0.148	0.263	-4.467	-0.082	-3.49	-0.097	-0.82	-0.431	-2.129	-1.387	-1.433	-1.864	-2.531	-1.558	-1.558	-2.431	-2.252	0.217	0.243	-2.51	0.442	0.511	-0.131	-0.486	-0.226	-0.257	-0.599	-0.698	-0.174	0.404	0.283	-2.297	-2.375	-2.253	-2.416	-2.232	-3.239	-2.537	-3.609	-1.452	-3.95	-4.014	-2.803	-3.838	-1.145
"YLR284C"	-0.201	-0.44	0.142	NaN	NaN	NaN	NaN	2.248	NaN	NaN	-0.26	0.0	-0.282	2.165	-0.02	2.34	0.023	-0.17	0.136	1.722	0.559	0.35	1.278	1.414	1.462	1.573	1.786	1.715	0.094	0.262	NaN	-0.12	-0.397	0.207	0.267	0.057	-0.327	0.11	0.083	-0.182	-0.008	-0.336	1.5	1.861	1.192	1.996	1.336	2.136	1.922	2.18	1.809	-0.316	1.413	0.763	1.702	1.567
"YLR409C"	0.339	-0.15	-0.219	-4.088	NaN	-3.474	-3.176	-2.574	-3.696	-3.852	0.198	-0.201	0.098	-4.402	0.033	-2.708	0.054	-0.787	-0.858	-1.957	-1.229	-1.926	-1.383	-1.911	-1.548	-1.239	-1.565	-1.295	0.494	-0.313	-4.473	0.191	0.221	0.292	0.169	-0.126	0.015	0.025	-0.348	-0.373	-0.123	-0.171	-1.442	-1.735	-1.71	-1.598	-1.515	-1.543	-1.706	-1.269	-1.125	-3.152	-2.812	-2.584	-3.231	-1.992
"YML060W"	-0.152	-0.21	-0.485	-0.796	-1.4	-0.829	-2.823	-1.322	-1.662	-1.678	-0.302	0.0	-0.054	-4.954	-0.252	-1.611	0.336	-0.132	0.089	-1.436	-0.766	-0.865	-1.706	-1.949	-1.767	-1.385	-1.453	-1.541	-0.321	-0.402	-1.262	0.338	0.277	0.354	0.076	-0.02	-0.219	0.149	-0.298	-0.156	-0.141	0.49	-1.029	-1.616	-1.099	-1.928	-1.232	-2.434	-1.582	-1.557	-2.006	-2.364	-5.598	-2.284	-3.496	-1.882
"YMR110C"	-0.741	-0.587	-0.592	2.134	2.615	2.502	2.414	2.26	2.565	2.824	-0.41	-0.165	-0.479	3.925	0.201	4.042	-0.179	1.128	0.582	1.765	1.147	1.814	1.252	1.966	1.767	1.239	1.879	2.022	-0.117	0.343	2.675	-0.244	-0.572	-0.016	-0.016	0.028	0.517	0.254	0.521	0.003	0.203	-0.651	1.686	2.258	1.662	1.888	1.944	2.717	1.948	NaN	1.709	2.229	2.545	1.23	3.64	3.462
"YMR139W"	-0.673	-0.269	-0.158	1.536	1.925	2.009	1.824	1.541	2.023	1.993	-0.085	0.724	-0.093	3.263	0.002	2.543	-0.039	0.465	0.596	1.56	1.125	1.477	1.232	1.653	1.436	0.967	1.572	1.624	-0.216	0.073	1.885	-0.497	-0.578	-0.178	-0.135	-0.118	-0.413	0.404	-0.113	-0.187	-0.085	-0.377	1.491	1.844	1.434	1.912	1.513	1.656	2.407	1.745	2.385	1.511	1.96	1.497	2.001	1.737
"YMR170C"	-0.931	-0.658	-1.177	4.153	5.429	NaN	5.057	4.008	5.21	5.684	-0.602	0.916	-0.469	6.85	0.088	4.668	0.174	1.032	0.657	4.06	2.562	3.94	3.578	4.235	4.323	2.97	3.461	4.144	-0.663	-1.834	6.459	-1.016	-1.405	-0.551	-0.651	0.438	0.339	0.79	0.964	0.8	1.105	0.592	3.996	5.241	4.639	5.187	4.111	5.551	5.091	3.697	4.67	2.93	4.409	2.532	6.253	4.167
"YMR181C"	-0.056	-0.085	0.194	1.997	2.286	1.989	1.792	1.254	2.18	1.971	0.059	0.454	-0.412	3.744	-0.041	3.306	-0.094	0.648	0.792	2.075	0.919	1.889	1.933	2.61	2.301	1.126	1.782	2.014	-0.4	-0.661	1.545	-0.604	1.047	-0.387	-0.317	0.376	0.316	0.323	0.619	0.767	0.418	0.373	1.157	1.837	2.321	1.93	1.525	2.08	2.334	1.972	2.241	0.688	1.558	1.449	2.304	2.183
"YNL002C"	0.108	-0.319	-0.599	-3.547	-4.666	-4.12	-4.07	-3.305	-4.559	-4.222	-0.399	-0.004	-0.06	-5.196	0.092	-3.426	-0.152	-0.671	-0.989	-1.603	-1.402	-1.829	-1.398	-2.774	-1.803	-1.355	-2.843	-2.776	0.328	-0.095	-4.603	0.524	1.101	-0.019	-0.071	0.592	0.457	-0.63	-0.02	0.081	-0.207	0.43	-2.519	-2.334	-2.104	-2.612	-1.849	-1.375	-2.639	-3.349	-3.183	-3.249	-3.481	-3.245	-4.466	-2.41
"YNL011C"	-0.214	0.029	0.109	0.827	1.065	1.268	1.144	1.011	1.469	1.126	-0.056	0.732	0.179	1.685	0.131	1.065	-0.353	-0.092	0.216	1.652	0.871	0.986	1.452	1.38	1.065	1.847	1.405	1.081	-0.179	-0.041	1.418	0.384	-0.07	0.302	0.434	0.548	0.328	0.781	0.641	0.302	0.413	-0.181	1.327	1.053	1.31	1.542	1.794	1.743	2.068	1.76	2.006	1.345	1.636	0.862	1.172	-0.176
"YNL061W"	0.351	0.189	0.134	-3.447	-4.928	-4.17	-3.927	-4.143	-4.404	-3.948	0.508	-0.2	0.354	-4.329	0.037	-3.268	0.12	-1.185	-1.082	-2.327	-0.954	-1.324	-1.7	-2.599	-1.44	-1.586	-2.111	-2.07	-0.049	-0.016	-5.38	-0.132	0.258	-0.353	-0.207	-0.164	-0.193	-0.208	-0.562	-0.086	-0.257	0.196	-2.222	-2.816	-3.009	-2.646	-1.852	-2.079	-2.95	-1.877	-1.981	-3.059	-3.925	-2.461	-2.571	-1.387
"YNL110C"	0.156	-0.359	0.098	-3.468	-4.43	-5.407	-3.64	-3.768	-4.56	-4.991	-0.36	-0.318	-0.025	-5.108	-0.249	-4.151	-0.179	-0.709	-0.717	-2.56	-1.452	-1.665	-2.395	-3.662	-2.623	-2.07	-3.62	-3.346	0.186	-0.095	-5.064	0.835	1.101	-0.333	-0.305	0.032	0.305	-0.616	-0.563	0.342	-0.039	0.594	-2.328	-2.547	-2.48	-2.308	-1.712	-2.18	-2.701	-4.105	-2.816	-4.233	-4.907	-3.973	-4.747	-2.546
"YNL248C"	0.382	-0.277	0.187	-4.024	-4.791	-4.364	-4.315	-3.398	-4.455	-4.373	-0.059	-0.728	-0.089	-5.716	-0.131	-5.072	0.19	-0.41	-0.448	-2.721	-1.174	-1.9	-2.371	-2.958	-1.972	-1.687	-2.005	-1.857	0.139	-0.111	-4.868	0.735	0.676	0.097	0.268	0.163	0.06	-0.074	-0.133	0.091	0.131	0.481	-1.853	-2.666	-1.984	-2.526	-1.015	-2.089	-1.293	-2.931	-1.58	-3.442	NaN	-5.118	-6.193	-3.878
"YNL305C"	-0.185	-0.205	-0.099	2.702	2.659	2.473	2.292	1.962	2.585	2.924	-0.378	0.038	-0.261	1.558	-0.297	2.762	-0.115	1.204	0.492	1.337	0.806	0.756	1.395	2.037	1.739	0.889	1.365	1.505	0.033	-0.066	3.11	-0.104	-0.488	-0.252	-0.212	0.099	0.064	0.349	-0.062	-0.046	0.028	-0.482	1.809	1.678	1.612	2.186	1.198	2.069	1.908	2.609	2.687	1.536	1.802	2.439	2.226	1.702
"YNR002C"	0.376	0.287	0.12	3.157	3.999	3.28	1.509	2.301	2.855	2.921	0.337	0.508	-0.751	3.522	-0.209	2.865	-0.098	0.067	0.128	3.09	0.793	1.611	1.978	2.116	1.423	1.392	1.687	1.314	-0.083	0.618	2.872	-0.157	-0.2	0.18	0.066	0.123	-0.059	0.334	0.261	0.25	0.459	-0.06	1.683	1.508	1.709	2.139	1.385	1.144	1.222	1.976	1.393	2.049	2.957	2.197	2.62	3.924
"YNR034W"	-0.143	-0.072	-0.05	2.098	2.393	2.101	2.102	1.529	2.195	2.193	-0.203	0.644	0.2	1.1025	0.063	1.376	-0.321	-0.226	-0.167	3.547	1.248	1.719	2.755	3.39	2.794	2.477	2.793	2.466	-0.408	0.455	2.115	-0.08	-0.178	0.008	-0.261	0.633	0.08	0.271	-0.052	0.389	0.879	-0.21	2.45	2.128	2.258	2.295	3.094	2.842	2.947	3.378	2.842	1.831	2.138	1.098	1.423	1.342
"YOL010W"	0.072	-0.008	-0.234	-2.371	-2.972	7.476	-3.252	-2.711	-2.999	-2.174	-0.1	0.263	0.203	-2.573	-0.002	-3.125	-0.006	-0.723	-0.594	-2.039	-1.105	-2.518	-1.982	-2.621	-1.866	-2.021	-2.534	-2.488	0.04	-0.293	-2.479	0.362	0.327	-0.057	-0.07	-0.27	-0.237	-0.853	-0.728	-0.975	-0.805	0.102	-2.175	-1.734	-2.104	-1.572	-2.052	-2.431	-2.099	-3.554	-1.938	-4.237	-3.167	-3.1535	-3.9135	-2.207
"YOL080C"	-0.133	-0.654	-0.517	-0.379	-1.52	-0.864	-1.094	-0.948	-1.172	-1.16	-0.045	-0.695	0.376	-0.8635	0.032	-1.136	0.011	-0.655	-0.5	-2.03	-0.744	-1.533	-2.523	-1.933	-1.772	-1.946	-1.943	-1.158	0.041	0.464	-0.717	-0.385	-0.609	-0.165	-0.107	-0.779	-0.094	-0.363	-0.762	-0.452	-0.751	-0.16	-1.872	-2.093	-1.997	-1.827	-1.577	-1.534	-1.816	-1.558	-1.365	-1.719	-2.187	-2.117	-2.898	-2.291
"YOL150C"	-0.295	-0.32	-0.232	1.898	1.247	0.871	0.794	2.402	2.034	2.11	-0.301	-0.576	0.438	0.4305	-0.417	0.876	-0.443	0.14	0.061	4.365	0.768	1.068	3.292	4.208	4.324	2.898	3.699	3.404	0.052	-0.387	2.19	-0.442	-0.18	0.139	0.129	0.791	0.614	0.423	0.52	0.722	0.707	0.734	3.58	3.655	3.492	3.825	3.933	3.78	3.474	5.192	4.727	3.569	1.943	3.03	1.266	1.05
"YOL151W"	-0.789	-0.59	-0.785	1.911	1.468	0.921	0.809	2.416	2.102	2.366	-0.439	0.338	0.405	0.455	0.067	1.029	-0.38	0.169	0.023	4.096	0.642	2.213	2.871	4.044	4.365	2.993	3.741	4.092	-0.206	-0.78	2.322	-0.473	-0.691	0.277	0.133	0.684	0.536	0.757	0.69	0.523	0.52	0.434	3.597	4.009	3.656	3.884	1.417	3.028	4.14	2.938	4.94	4.21	2.484	2.407	2.082	1.592
"YOR052C"	0.018	0.258	0.08	3.429	2.928	3.193	3.124	2.471	3.237	3.288	-0.172	-0.294	-0.092	3.063	0.576	2.054	-0.303	0.655	0.627	2.537	2.197	3.015	1.497	2.173	1.949	1.223	1.904	1.806	-0.404	0.216	3.265	-0.744	-0.518	-0.113	-0.244	0.529	0.484	0.742	1.042	0.777	0.242	-0.184	2.196	2.138	1.895	1.896	2.462	2.004	NaN	2.623	1.961	2.784	3.6	2.538	2.334	1.072
"YOR054C"	0.178	0.127	-0.022	1.701	1.632	1.523	1.664	1.02	1.984	1.737	-0.121	0.305	-0.242	1.631	-0.095	1.416	-0.33	0.287	0.131	1.992	1.008	1.265	1.418	1.504	1.038	1.259	1.762	1.615	-0.076	0.403	1.895	-0.629	-0.72	-0.18	0.001	0.163	0.17	0.229	0.266	0.356	0.246	-0.259	1.528	1.492	1.377	1.337	1.974	1.397	1.384	1.503	1.371	0.398	0.951	1.428	2.229	2.032
"YOR135C"	0.172	0.084	0.248	1.82	2.426	1.306	2.034	2.393	2.713	3.178	0.485	0.899	-0.83	-3.392	0.477	2.773	0.434	0.865	0.707	0.344	0.796	1.991	-0.111	0.662	0.681	-0.79	0.052	0.518	0.404	0.186	3.316	-0.431	-0.283	-0.311	-0.25	0.145	0.292	0.092	0.464	0.639	0.859	0.446	0.766	0.436	0.603	0.342	0.886	1.622	1.22	-0.254	1.617	1.853	2.787	1.063	1.424	1.821
"YOR145C"	0.39	0.115	0.139	-3.045	-3.98	-3.649	-3.795	-2.871	-3.492	-3.402	0.261	-0.21	0.385	-4.1305	0.079	-0.787	-0.002	-0.737	-0.552	-2.247	-1.434	-1.641	-2.0	-2.938	-1.588	-2.187	-3.287	-2.536	0.119	-0.449	-3.948	1.066	1.006	0.084	0.066	0.646	0.302	-0.386	-0.301	0.212	0.265	0.806	-3.36	-3.1	-3.061	-2.784	-2.207	-2.785	-3.41	-3.77	-2.036	-3.355	-3.644	-3.265	-4.493	-1.998
"YOR146W"	0.562	0.158	0.23	-2.407	-3.231	-2.16	-2.681	-3.597	-3.42	-3.036	0.293	-0.077	0.381	-3.402	-0.005	-0.296	-0.123	-0.77	-0.535	-2.119	-1.411	-1.335	-1.605	-2.933	-1.348	-1.656	-2.496	-2.291	0.118	-0.088	-4.259	0.564	0.884	0.099	-0.242	0.127	-0.038	-0.159	-0.665	-0.336	-0.062	0.496	-2.482	-2.621	-2.951	-2.851	-2.236	-2.734	-2.747	-3.316	-1.828	-2.045	-2.594	-2.065	-2.731	-1.055
"YOR206W"	0.245	0.116	0.237	-3.294	-5.087	-4.715	-3.702	-3.585	-5.083	-4.513	0.123	-0.672	0.736	-5.827	0.141	-3.888	-0.064	-0.586	-0.399	-2.465	-1.407	-1.355	-2.438	-3.65	-2.191	-1.944	-2.398	-2.168	0.254	-0.037	-5.066	0.778	0.971	0.029	-0.013	-0.011	-0.362	-0.305	-0.576	0.207	0.154	0.317	-2.692	-2.957	-2.678	-3.013	-2.178	-2.89	-2.693	-3.011	-2.376	-3.782	-3.839	-4.003	-4.817	-2.585
"YOR243C"	0.078	-0.217	-0.107	-3.173	-3.594	-2.991	-3.234	-2.436	-3.633	-3.982	-0.063	-0.242	0.204	-3.8055	-0.145	-3.635	0.092	-0.08	-0.26	-2.009	-0.774	-1.763	-1.837	-1.872	-1.457	-1.498	-1.652	-1.335	0.236	-0.065	-4.099	0.396	0.229	0.086	0.118	-0.274	-0.305	-0.308	-0.214	-0.158	-0.049	0.028	-1.522	-1.65	-1.719	-1.815	-1.329	-1.514	-1.028	-1.855	-1.007	-2.442	-2.845	-2.616	-2.825	-2.065
"YOR294W"	-0.673	0.222	0.146	-3.856	-4.574	-3.533	-3.828	-3.73	-4.407	-3.632	0.416	-0.11	0.692	-5.6475	0.009	-1.284	-0.101	-0.929	-0.714	-3.115	-1.643	-2.141	-3.09	-3.461	-1.971	-2.747	-3.216	-3.031	0.104	-0.126	-4.852	0.446	0.753	0.525	-0.215	-0.312	-0.673	-0.424	-0.757	-0.442	-0.168	0.191	-2.448	-2.729	-3.161	-2.527	-2.113	-2.423	-3.102	-3.764	-2.77	-3.894	-4.841	-3.042	-5.145	-2.254
"YOR315W"	0.254	0.391	0.925	-1.754	-2.356	3.954	-2.611	-2.196	-1.918	-2.468	1.008	0.415	-0.478	-3.8935	0.003	-2.638	-0.665	0.007	0.061	-1.706	-0.868	-2.193	-2.047	-2.864	-2.75	-1.863	-2.342	-2.827	0.237	0.59	-2.442	0.637	0.699	0.534	0.443	0.366	0.176	-0.123	-0.296	0.587	0.473	0.817	-3.24	-3.76	-3.097	-3.604	-2.588	-4.028	-3.766	-2.983	-4.426	-2.405	-2.806	-3.042	-1.822	-2.187
"YPL012W"	0.467	-0.045	0.12	1.2775	-0.684	1.8185	2.33	-1.322	0.039	0.737	0.488	-0.196	-0.4285	-1.86466666666667	-0.298	-2.844	-0.056	-1.405	-1.014	-1.4415	-2.296	-0.6745	-1.2655	-1.316	-1.4685	-0.648	-0.9785	-0.848	0.152	0.386	0.195	0.114	0.028	0.228	0.171	-0.019	0.322	1.289	-0.083	-0.155	0.486	0.013	-2.353	-2.326	-2.129	-2.379	-3.491	-3.491	-2.999	-2.069	NaN	-2.627	-4.458	-4.6	-4.344	-3.666
"YPL043W"	-0.061	-0.145	-0.451	-2.829	-4.246	-2.686	-4.0	-3.773	-4.198	-4.087	-0.044	-0.771	-0.277	-4.668	-0.44	-3.89	-0.013	-1.027	-0.995	-2.31	-1.305	-1.843	-2.339	-2.772	-2.128	-1.506	-2.207	-2.26	0.2335	-0.087	-4.555	0.431	0.637	-0.083	0.023	-0.136	-0.012	-0.416	-0.349	0.104	-0.075	0.509	-2.795	-2.77	-2.896	-2.597	-2.451	-3.038	-2.009	-2.192	-2.094	-4.18	-3.988	-2.639	-4.308	-2.784
"YPL044C"	0.427	-0.096	-0.346	-3.287	-4.106	-2.347	-2.774	-3.653	-4.783	-4.009	0.508	-0.053	0.012	-4.1695	-0.662	-3.164	0.049	-0.502	0.047	-2.488	-1.176	-1.379	-2.268	-2.683	-1.927	-1.517	-2.327	-1.645	0.1	0.107	-4.807	0.054	0.313	-0.066	-0.257	-0.074	0.202	-0.007	-0.149	0.283	-0.178	0.194	-2.5	-2.303	-3.178	-2.587	-1.971	-2.168	-0.606	-4.166	-1.583	-1.495	-2.213	-1.495	-2.954	-2.261
"YPL093W"	0.206	-0.126	-0.202	-2.2675	-1.3915	-0.585	-4.676	-2.816	-2.793	-3.3145	0.1955	0.208	0.2045	-1.728	-0.2015	-2.4435	-0.0495	-1.078	-0.716	-1.7935	-0.955	-1.028	-1.7935	-1.7975	-0.8205	-1.139	-1.2435	-0.9085	-0.026	0.075	-3.7325	0.3135	0.2645	0.045	-0.0675	0.1065	-0.079	-0.2195	-0.637	-0.128	0.0385	0.2345	-1.9275	-1.9545	-2.2295	-1.655	-1.9135	-2.052	-1.747	-1.3835	-1.039	-2.378	-2.6515	-2.7585	-2.5385	-1.9215
"YPL126W"	0.224	0.225	-0.987	-3.103	-3.932	1.624	-1.959	-2.858	-2.989	-3.334	-0.199	-0.788	0.254	-4.3895	-0.129	-3.301	-0.202	-1.08	-0.766	-2.205	-0.825	-1.564	-1.505	-2.502	-2.203	-1.172	-1.242	-1.387	0.359	0.202	-1.407	1.048	0.142	-0.03	-0.119	-0.376	0.141	-0.494	-0.429	-0.526	-0.138	-0.187	-2.25	-2.361	-2.518	-2.865	-1.985	-2.322	-1.968	-1.683	-2.954	-3.919	-4.983	-4.497	-4.666	-2.937
"YPL154C"	-0.595	0.009	-0.187	1.807	2.195	2.236	1.961	1.899	2.149	2.103	0.062	0.316	-0.265	2.41	0.759	2.873	0.246	1.817	1.485	2.032	0.74	1.04	1.99	2.871	2.92	0.961	1.967	2.242	0.118	0.335	2.081	-0.81	-1.329	-0.661	-0.69	-0.293	-0.685	0.358	0.092	-0.346	-0.023	-0.236	1.489	1.894	1.586	1.83	1.018	1.816	2.043	2.142	3.189	2.323	2.935	2.972	2.234	2.194
"YPL183C"	-0.142	-0.522	-0.447	-2.853	-2.58	-2.117	-2.124	-2.298	-1.925	-2.585	-0.077	0.102	0.182	-3.014	0.111	-2.335	-0.154	-0.672	-0.517	-2.08	-1.202	-1.598	-1.865	-2.373	-1.906	-1.087	-1.231	-1.307	0.142	-0.249	NaN	0.196	-0.031	-0.062	-0.178	-0.346	0.055	-0.583	-0.132	-0.534	-0.172	-0.025	-1.789	-1.415	-1.662	-1.41	-1.819	-1.665	-1.458	-1.906	-1.339	-2.3645	-2.4425	-2.519	-2.8755	-2.0785
