	"53.Elutriation2:Sample2:Time2.0hrs"	"54.Elutriation2:Sample2:Time2.5hrs"	"55.Elutriation2:Sample2:Time3.0hrs"	"56.Elutriation2:Sample2:Time3.5hrs"	"78.cdc 15 010 min"	"79.cdc15 050 min"	"115.heat shock 20 min repeat"	"409.heat shock 25 to 37, 20 minutes"	"410.heat shock 21 to 37, 20 minutes"	"497.Heat Shock 000 minutes"	"781.Heat Shock 000 minutes (series 2)"	"797.Heat Shock 000 minutes (series 3)"	"819.DY1457 (wild type) 3 mM vs. 61 nM zinc"	"825.DY (zap1) 3 mM vs. 61 nM zinc"	"854.YPD_6_h_30C"	"855.YPD_8_h_30C"	"856.YPD_10_h_30C"	"857.YPD_12_h_30C"	"858.YPD_1_d_30C"	"859.YPD_2_d_30C"	"860.YPD_3_d_30C"	"861.YPD_5_d_30C"	"942.starv_in_H2O_1_h_30C"	"943.starv_in_H2O_2_h_30C"	"945.starv_in_H2O_6_h_30C"	"1012.YPD 12 h (25C)"	"1014.YPD 2 d (25C)"	"1015.YPD 3 d (25C)"	"1016.YPD 5 d (25C)"	"1017.YPD 7 d (25C)"	"1018.YPD 13 d (25C)"	"1139.DY1457 (wild type) 3 mM vs. 76 nM zinc"	"1662.cdc15 030 min"	"1679.Elutriation2:Sample2:Time6.0hrs"	"7536.25C -- 30 min"	"7537.25C -- 45 min"	"12744.heat shock 17 to 37, 20 minutes"	"17017.Cal. State Univ. Stanislaus: Rich vs. Minimal media_Expt2"	"33774.DBY8778(wt)_stationary_phase_7hours"	"33775.DBY8778(wt)_stationary_phase_9hours"	"33776.DBY8778(wt)_stationary_phase_1day"	"33779.delYPL230w_stationary_phase_5hours"	"33780.delYPL230w_stationary_phase_7hours"	"40951.H2O2_II_49_min"	"40952.H2O2_II_56_min"	"40953.H2O2_II_63_min"	"40954.H2O2_II_70_min"	"40955.H2O2_II_77_min"	"42052.L1CompR 21 hr 10 min Leucine Batch vs Chemostat Comparison"	"42066.U3Comp 25 hr 55 min Uracil Batch vs Chemostat Comparison"	"42401.L2 CompR 12 hr 59 min Leucine Batch vs Chemostat Comparison"
"YBR121C"	0.1855	0.338	0.327	0.328	NaN	NaN	-1.742	-1.752	-2.004	0.801	0.701	0.752	1.631	1.17	-2.66	-1.84	-1.582	-1.543	-2.186	-2.714	-4.037	-5.791	-2.317	-1.95	-2.465	-3.2385	-2.416	-3.155	-4.1355	-4.173	-4.5985	1.461	NaN	-0.1875	0.927	0.944	-1.964	0.337	-2.549	-2.264	-1.948	-2.22	-1.806	-1.638	-2.356	-2.391	-1.697	-1.492	0.985	1.531	1.01
"YBR271W"	0.836	0.159	-0.365	-0.105	1.215	0.803	-2.197	-2.214	-1.543	0.936	1.131	0.992	0.667	1.144	-2.206	-1.391	-1.229	-1.13	-0.881	-1.093	-1.167	-2.981	-2.156	-2.035	-0.358	-1.502	-0.911	-0.547	-0.2135	-0.758	-0.9015	0.679	1.156	-0.903	1.072	0.349	-2.281	-0.626	-1.281	-1.073	-0.511	-1.739	-1.353	-1.874	-1.37	-0.852	-1.62	-1.096	0.901	0.431	-0.017
"YCR055C"	0.705	0.734	0.096	-0.266	0.776	0.543	-3.895	-3.998	-3.454	0.8355	0.77	0.841	0.855	0.898	-6.518	-3.193	-3.059	-2.704	-1.766	-1.97	-3.878	-6.433	-3.796	-3.655	-2.311	-2.6155	-1.403	-1.6	-2.2405	-3.105	-2.4225	1.0465	0.6465	-0.69	1.479	0.285	-4.055	0.988	NaN	NaN	NaN	NaN	NaN	0.024	-1.178	-0.362	-0.709	-0.051	1.75	1.191	1.52
"YDL111C"	0.365	0.0195	-0.0235	-0.342	0.9455	0.9345	-1.2725	-1.0475	-1.226	0.1465	0.579	0.575	0.535	0.2615	-1.557	-1.7725	-1.675	-1.628	-1.9145	-1.3295	-4.07	-4.505	-1.0795	-2.186	-2.051	-1.435	-1.548	-1.4565	-1.8915	-2.1955	-1.9395	0.572	0.8095	-0.8125	0.757	0.4325	-0.7985	1.2035	-1.057	-0.73	-1.003	-1.309	-1.542	-1.1355	-0.805	-1.468	-0.5545	-0.6385	0.295	1.448	-0.098
"YDR165W"	0.471	0.465	0.261	-0.129	0.662	0.272	-2.85	-2.874	-2.762	0.933	1.095	0.852	0.499	1.323	-4.096	-2.538	-2.179	-2.247	-1.905	-2.27	-3.111	-5.309	-3.015	-2.243	-1.883	-3.057	-1.396	-1.582	-1.767	-2.409	-2.23	0.927	0.625	-0.5	0.902	0.918	-2.787	1.0225	-2.479	-2.722	-1.934	-3.205	-2.632	-1.6685	-1.005	-2.2245	-1.0505	-1.4165	0.643	0.744	0.59
"YDR211W"	0.251	0.301	0.336	0.039	0.316	0.207	-1.063	-1.237	-1.391	0.628	0.538	0.455	0.3	1.053	-2.225	-1.565	-1.024	-1.573	-0.984	-1.38	-1.706	-4.77	-2.051	-1.869	-2.096	-2.022	-1.28	-1.43	-2.119	-2.043	-3.034	0.66	0.289	-0.103	0.171	0.411	-1.378	0.4075	-1.084	-1.222	-0.724	-1.631	-1.241	-1.87	-1.8185	-1.65	-2.364	-1.2315	0.873	0.039	0.508
"YDR309C"	0.472	0.618	0.474	0.254	0.728	1.224	-1.313	-0.603	-0.655	0.646	0.538	0.339	1.228	1.14	-1.747	-0.496	-0.119	-1.853	-2.61	-0.463	-1.256	-2.394	-1.978	-1.682	-2.547	-0.72	-1.435	-3.069	-3.38	-3.735	-3.704	1.774	2.374	-1.283	-0.536	-0.096	-0.787	1.376	-1.226	-1.667	-0.408	-0.9	-1.254	-1.859	-1.786	-1.422	-1.374	-0.908	0.76	-0.583	0.132
"YDR361C"	0.813	0.3105	0.0405	-0.2165	0.979	0.575	-3.438	-3.356	-3.263	1.206	1.136	1.083	-0.006	0.778	-3.61	-2.016	-1.951	-1.707	-1.536	-2.095	-1.945	-3.634	-2.072	-1.799	-1.313	-2.343	-1.087	-1.208	-1.477	-2.005	-1.44	0.427	0.915	-0.7575	1.359	1.269	-3.92	1.231	-2.708	-2.048	-1.74	-3.998	-2.423	-3.516	-1.329	-1.153	-0.684	-1.676	-0.294	-1.55	-1.587
"YEL040W"	0.953	0.814	0.434	0.215	0.548	-0.089	-0.951	-0.854	-1.291	0.687	0.681	0.692	3.304	2.272	-3.201	-3.812	-3.508	-3.911	-4.238	-3.616	-3.786	-4.551	-2.739	-2.682	-3.816	-3.017	-4.461	-3.561	-3.111	-3.855	-3.066	2.907	0.891	-0.541	1.505	1.46	-1.606	0.4445	-2.646	-2.15	-2.796	-2.439	-2.048	-2.6355	-2.0865	-2.2665	-1.5645	-1.171	3.193	2.771	2.543
"YER117W"	1.065	0.99	0.911	0.797	-0.286	0.439	-1.868	-2.386	-3.056	1.276	1.391	0.782	1.9	0.498	-2.982	-2.613	-2.377	-1.817	-2.008	-1.95	-2.832	-5.642	-3.05	-3.141	-2.483	-3.768	-2.534	-2.571	-2.312	-2.562	-2.976	1.414	0.181	-0.112	0.981	0.372	-3.314	0.475	-3.319	-2.632	-2.403	-3.238	-3.345	-2.4485	-1.969	-2.2795	-2.252	-2.185	0.603	1.2	1.634
"YGL078C"	0.665	0.446	0.367	-0.328	0.861	0.852	-3.709	-4.399	-3.428	1.47	1.485	1.169	0.736	1.482	-4.866	-2.556	-1.916	-1.553	-1.111	-2.045	-2.215	-4.455	-2.914	-2.134	-1.979	-4.196	-1.879	-1.744	-2.103	-1.515	-2.198	1.616	1.142	-0.884	1.63	1.471	-4.147	-1.587	-3.53	-2.245	-1.151	-3.576	-1.995	-4.176	-2.945	-2.745	-2.258	-1.293	2.108	1.307	2.328
"YGL120C"	1.066	0.927	0.109	0.069	1.277	0.581	-3.231	-3.954	-3.877	1.075	1.116	0.987	-0.1	1.168	-4.557	-3.087	-2.692	-1.947	-2.077	-2.282	-4.088	-5.111	-3.171	-3.229	-2.813	-3.459	-2.178	-1.783	-2.866	-3.888	-4.137	0.531	0.913	-0.664	1.31	0.824	-3.8	2.358	-2.891	-3.416	-1.183	-3.546	-0.554	-2.25	-2.131	-5.156	-0.866	-1.554	1.006	1.596	0.795
"YGR085C"	1.039	0.995	0.829	0.685	0.228	0.824	-1.952	-2.966	-3.664	1.473	1.133	1.122	1.922	1.043	-3.713	-3.301	-2.511	-2.202	-2.29	-2.146	-3.406	-6.059	-3.071	-3.255	-2.215	-4.359	-2.625	-2.77	-3.306	-3.54	-4.179	2.15	0.571	-0.16	0.88	0.455	-2.908	-0.279	-4.004	-2.792	-2.272	-3.45	-3.003	-1.471	-1.698	-1.091	-1.884	-0.521	0.75	2.204	1.115
"YGR103W"	0.711	0.72	-0.176	-0.014	0.946	0.773	-5.229	-5.118	-3.624	1.487	1.243	1.223	0.325	1.273	-4.825	-3.051	-3.013	-2.66	-2.148	-2.349	-1.948	-5.518	-2.251	-2.402	-1.634	-4.861	-2.918	-2.95	-2.768	-3.578	-3.882	1.312	1.07	-1.419	2.11	1.99	-5.075	1.099	-3.1195	-2.6665	-1.548	-4.287	-2.4	-2.261	-4.308	-2.93	-2.48	-1.186	1.6655	0.851	1.6325
"YGR148C"	0.713	0.258	0.343	0.354	0.225	0.476	-2.184	-2.942	-3.2425	1.076	0.859	0.933	2.343	0.521	-3.45	-3.596	-3.464	-3.033	-2.31	-2.615	-3.884	-5.757	-3.141	-3.011	-2.722	-5.063	-2.508	-2.896	-3.022	-3.649	-4.092	2.221	0.285	-0.393	0.661	0.798	-2.591	3.556	-3.53	-2.779	-2.133	-3.103	-2.693	-1.5625	-1.505	-1.8415	-1.066	-1.356	1.019	1.846	1.669
"YGR158C"	0.163	0.04	-0.345	-0.029	0.101	0.181	-1.3315	-1.451	-1.544	0.972	0.674	0.497	0.902	1.135	-2.111	-0.958	-0.975	-1.675	-1.137	-1.405	-2.12	-2.421	-1.661	-1.147	-1.384	-1.205	-1.068	-1.121	-1.365	-1.801	-2.176	0.903	-0.02	-0.701	0.301	0.129	-1.6075	1.4475	-1.386	-1.133	-0.454	-2.299	-0.631	-1.874	-1.3705	-1.5995	-1.547	-0.8945	-0.117	-0.266	0.907
"YGR264C"	0.622	0.266	0.112	-0.222	0.319	0.495	-2.2015	-2.2555	-2.419	1.02	0.85	0.737	1.873	1.572	-3.787	-2.696	-3.156	-3.156	-2.945	-3.206	-5.206	-4.616	-3.505	-3.321	-3.49	-3.897	-2.707	-3.468	-4.623	-4.957	-4.753	1.904	0.042	-0.933	0.824	1.03	-2.154	0.166	-3.556	-2.673	-1.736	-3.33	-3.082	-1.979	-2.475	-2.845	-2.239	-2.046	-0.144	2.27	0.343
"YHR203C"	0.701	0.411	0.405	0.946	-0.358	0.28	-2.0645	-2.8785	-3.5975	1.231	1.011	0.884	2.714	1.292	-3.926	-2.827	-3.148	-2.671	-2.372	-2.895	-3.782	-5.944	-3.917	-3.774	-3.049	-4.669	-2.437	-2.591	-2.575	-3.081	-3.941	2.739	-0.013	0.032	1.242	0.597	-2.809	2.638	-4.467	-3.308	-2.46	-3.717	-3.449	-2.535	-3.044	-3.459	-1.406	-1.906	0.714	1.532	1.409
"YIL018W"	0.947	0.825	0.743	0.849	-0.522	-0.087	-2.4325	-3.509	-3.965	1.253	1.177	1.056	2.16	1.498	-4.365	-3.03	-2.782	-2.724	-2.488	-2.78	-3.492	-5.749	-3.362	-3.505	-3.151	-3.907	-2.218	-2.606	-2.661	-3.27	-3.914	2.689	-0.439	-0.044	0.649	0.831	-3.4165	1.224	-4.277	-3.397	-2.864	-4.06	-3.676	-2.277	-2.962	-2.689	-2.573	-2.031	1.321	0.761	2.013
"YJL069C"	0.569	0.487	-0.211	-0.18	1.193	0.45	-3.073	-2.9805	-3.0365	1.0	0.854	0.756	0.959	1.585	-4.742	-2.843	-2.261	-2.587	-2.233	-2.386	-3.072	-6.298	-1.49	-2.566	-1.513	-2.694	-1.863	-1.855	-1.613	-1.653	-2.017	0.968	0.826	-0.359	0.845	-0.61	-3.224	NaN	-1.21	-2.027	-1.846	-2.354	-1.803	-3.223	-3.75	-1.763	-2.393	-1.892	0.993	0.724	1.189
"YJL122W"	0.836	0.725	0.152	0.195	1.261	1.053	-2.6115	-3.015	-2.6085	1.424	1.147	1.228	0.476	0.541	-4.13	-2.475	-2.636	-2.364	-2.423	-1.794	-3.846	NaN	-2.718	-2.694	-2.9	-1.834	-1.889	-1.753	-1.189	-1.743	-2.04	0.695	1.357	-0.569	1.682	1.419	-2.9625	1.019	-2.529	-2.241	-1.562	-3.406	-2.805	-1.562	-2.003	-2.066	-1.293	-0.691	0.749	1.202	1.138
"YJR069C"	0.223	0.14	-0.0665	0.1225	0.447	0.337	-0.9195	-1.1045	-1.034	0.702	0.656	0.705	0.359	0.434	-2.056	-1.976	-1.414	-2.026	-2.741	-2.017	-3.527	-4.151	-1.806	-1.64	-0.539	-1.021	-1.358	-1.09	-1.656	-1.806	-1.42	0.341	0.257	-0.119	0.323	0.196	-1.066	2.077	-1.467	-1.181	-0.635	-1.685	-2.036	-1.324	-1.458	-0.579	-1.675	-1.523	0.165	1.299	0.239
"YKL009W"	0.819	0.299	0.044	-0.473	1.103	1.059	-3.58	-4.1895	-4.13	1.489	1.639	1.192	0.293	0.698	-5.997	-3.719	-3.38	-2.839	-2.973	-2.449	-3.082	-6.168	-3.144	-2.368	2.263	-4.341	-2.432	-2.856	-2.349	-3.318	-2.938	0.683	1.325	-1.054	1.597	1.385	-4.4285	1.956	-2.602	-2.728	-0.409	-4.823	-3.636	NaN	-7.56	-2.617	-5.497	-1.507	1.483	1.492	1.682
"YKL120W"	0.15	0.328	-0.089	0.0	0.341	0.456	-0.996	-1.027	-1.042	0.697	0.637	0.429	1.451	-0.128	-2.314	-1.545	-1.282	-1.271	-1.366	-0.401	-1.849	-1.571	-1.941	-1.416	-1.067	-1.132	-0.796	-0.631	-0.681	-0.911	-1.061	1.537	0.438	-0.22	0.391	0.102	-1.148	0.781	-3.329	-2.523	-1.737	-3.341	-2.584	-0.006	0.423	-1.335	-1.38	0.332	0.442	1.961	0.135
"YLL011W"	0.865	0.496	-0.462	-0.24	1.423	0.646	-1.871	-2.297	-3.65	1.3	1.238	0.917	0.424	0.773	-4.731	-2.872	-2.311	-2.362	-2.077	-2.646	-1.781	-4.961	-3.053	-2.081	-1.637	-3.178	-1.771	-1.944	-2.156	-2.442	-2.375	0.756	1.102	-0.899	1.157	0.98	-3.689	0.65	-2.144	-1.596	-1.132	-2.793	-2.117	-1.008	-1.707	-1.89	-3.014	-0.56	0.81	1.405	0.882
"YLL044W"	0.831	0.757	0.713	0.871	-0.415	0.173	-2.526	-3.582	-4.162	1.121	1.115	1.006	2.306	1.502	-4.871	-3.525	-3.158	-2.869	-2.211	-2.963	-3.79	-6.48	-3.313	-3.031	-2.156	-3.872	-2.654	-2.736	-2.724	-3.494	-3.967	2.272	-0.118	-0.205	0.996	0.87	-3.517	2.188	-3.189	-2.774	-2.055	-3.806	-2.77	-2.146	-2.632	-1.041	-0.862	-1.827	0.925	1.217	1.296
"YLL045C"	1.171	1.088	0.884	1.063	-0.33	0.361	-2.105	-3.116	-3.722	1.394	1.348	1.206	2.311	1.742	-3.851	-3.176	-2.506	-2.189	-1.64	-2.221	-3.857	-6.618	-3.169	-3.335	-2.744	-3.66	-2.604	-2.495	-2.943	-3.021	-3.731	2.059	0.084	0.228	1.273	0.9	-3.545	1.167	-3.449	-2.833	-2.875	-3.788	-3.87	-1.125	-1.421	-1.64	-1.948	-0.815	0.825	0.531	1.48
"YLR008C"	-0.022	0.117	0.194	0.137	0.713	0.076	-0.96	-1.188	-1.228	0.683	0.447	0.478	0.613	0.195	-0.786	-0.359	-0.913	-1.359	-2.075	-1.504	-2.048	-2.631	-1.785	-1.066	-1.947	-1.092	-1.736	-1.493	-1.242	-1.503	-2.347	0.485	0.428	-0.115	0.78	0.477	-1.399	1.112	-1.043	-0.138	-0.776	-0.937	-1.365	0.651	-0.465	-0.839	-0.137	0.841	-0.244	0.761	0.363
"YLR175W"	0.563	0.618	0.441	-0.124	0.362	0.327	-3.679	-4.552	-4.902	1.215	1.304	1.12	0.778	1.264	-5.607	-3.276	-2.921	-2.657	-2.484	-3.068	-3.401	-5.468	-3.996	-3.068	-3.152	-4.678	-2.762	-3.408	-3.701	-4.364	-4.96	1.55	0.345	-0.889	1.396	1.277	-4.431	0.619	-3.995	-3.16	-1.549	-4.338	-2.959	-3.423	-3.083	-2.593	-2.074	-1.981	1.272	1.575	1.418
"YLR249W"	0.886	0.943	0.698	0.359	0.276	-0.409	-3.122	-4.232	-4.758	1.359	1.219	0.978	0.728	1.381	-6.529	-4.864	-4.043	-3.482	-3.403	-3.637	-4.146	-6.742	-3.879	-4.141	-3.199	-4.679	-3.131	-3.778	-3.883	-4.549	-4.992	1.6	0.036	-1.058	1.075	1.274	-4.59	1.423	-5.053	-5.102	-2.604	-5.085	-4.9	-2.945	-3.861	-4.463	-2.262	-1.802	2.084	1.069	2.062
"YLR342W"	0.0285	0.336	0.4895	0.17	0.276	0.7275	-1.39	-1.276	-1.603	0.129	-0.077	-0.031	0.171	1.299	-1.693	-0.732	-0.704	-0.653	-1.337	-0.497	-0.873	-2.686	-1.462	-1.154	-2.412	-1.594	-1.693	-1.367	-1.208	-0.933	-1.564	0.773	0.483	-0.339	0.802	1.066	-1.514	0.739	-2.101	-1.7595	-1.2395	-1.2085	-1.453	-1.475	-1.122	-1.471	-1.673	0.367	0.0065	0.5745	0.687
"YML026C"	NaN	NaN	NaN	NaN	-0.034	0.383	-2.104	-3.139	-3.539	0.441	0.972	1.104	1.729	0.731	-3.811	-3.779	-3.236	-2.913	-2.934	-3.29	-4.268	-5.271	-3.779	-3.636	-3.217	-3.572	-2.873	-2.821	-2.898	-2.803	-2.821	1.943	0.127	NaN	0.959	1.057	-3.032	2.142	-4.522	-3.396	-2.98	-4.595	-3.765	-1.576	-3.083	-2.657	-1.677	-2.549	1.515	2.151	1.284
"YMR080C"	0.031	0.151	-0.226	-0.241	0.256	0.11	-0.965	-0.739	-0.824	0.557	0.543	0.571	0.71	1.575	-0.595	-0.903	-0.438	-0.494	-0.657	-0.563	-0.935	-2.426	-1.112	-1.124	-0.192	-0.682	-0.723	-0.733	-0.992	-0.812	-1.033	0.633	0.131	-0.481	0.663	0.894	-1.244	4.116	-0.794	-1.492	-1.374	-1.392	-1.235	-0.766	-0.517	-1.301	-1.031	-0.606	0.732	1.804	0.331
"YMR108W"	0.3885	-0.017	0.175	-0.042	-0.084	-0.189	-1.378	-1.01	-1.273	0.477	0.496	0.39	0.826	1.794	-3.633	-0.934	-0.96	-0.786	-0.739	-0.41	-1.256	-2.477	-2.287	-1.784	-1.089	-1.305	-0.582	-0.836	-0.647	-0.925	-1.957	1.089	-0.391	-0.1725	0.975	0.215	-1.28	1.537	-2.375	-2.156	-1.358	-3.767	-1.84	-0.249	-0.252	-0.785	-1.201	0.389	-0.059	0.854	-0.039
"YMR131C"	1.156	0.883	0.525	0.286	2.018	1.0	-4.183	-4.525	-4.347	1.141	0.906	0.972	0.69	1.586	-5.631	-3.641	-3.811	-2.698	-2.414	-2.914	-5.052	-6.665	-3.547	-2.98	-3.081	-4.277	-2.829	-3.214	-4.236	-5.241	-4.266	1.251	0.532	-0.948	0.745	0.569	-4.674	0.878	-1.412	-2.944	-2.054	-4.181	-2.68	-2.568	-2.513	-2.742	-3.442	-1.935	1.201	0.273	1.53
"YMR242C"	0.718	0.822	0.67	0.515	-0.839	0.51	-2.539	-3.309	-3.708	1.262	1.333	1.294	2.345	0.875	-4.702	-3.631	-3.819	-3.001	-2.522	-3.032	-3.971	-6.226	-3.832	-4.338	-3.62	-4.84	-2.59	-3.004	-2.601	-3.133	-3.475	2.029	-0.129	-0.526	0.993	0.842	-3.054	2.334	-4.158	-3.141	-2.446	-4.607	-3.588	-1.628	-2.314	-1.514	-1.417	-0.92	0.29	1.954	1.593
"YMR290C"	0.797	0.677	0.24	-0.164	1.132	0.658	-3.689	-3.89	-3.624	0.988	1.028	1.098	0.874	1.944	-5.132	-3.842	-3.455	-3.073	-2.719	-3.471	-3.509	-5.217	-3.243	-3.378	-2.846	-4.614	-3.295	-3.716	-3.219	-3.665	-2.938	1.315	0.902	-1.011	1.486	1.629	-4.129	1.495	-4.028	-3.856	-2.84	-4.544	-3.558	-2.743	-2.311	-3.104	-1.514	-0.914	1.523	0.941	1.893
"YMR309C"	0.343	0.109	0.315	-0.023	0.696	0.319	-1.773	-2.53	-3.055	1.103	1.08	1.097	1.165	2.29	-3.127	-2.334	-1.924	-1.851	-1.855	-1.52	-3.731	-3.516	-2.787	-2.363	-2.64	-3.374	-1.926	-2.303	-3.144	-3.173	-3.384	1.124	-0.539	-0.137	1.289	1.269	-2.63	1.0995	-3.723	-3.06	-2.126	-3.181	-2.122	-2.857	-2.476	-2.415	-1.323	-1.642	1.057	0.269	1.133
"YNL096C"	0.151	0.266	0.111	0.043	NaN	NaN	-2.093	-2.881	-3.202	1.017	0.749	0.741	2.487	1.383	-4.113	-3.765	-3.642	-3.235	-2.81	-3.616	-4.038	-6.106	-3.331	-3.045	-3.165	-4.716	-2.776	-3.041	-3.644	-4.096	-4.68	2.416	NaN	-0.479	1.315	1.004	-2.812	0.3735	-3.52	-2.764	-2.627	-3.087	-3.372	-2.268	-2.714	-2.548	-0.807	-1.34	0.654	1.285	1.358
"YNL119W"	0.955	0.885	0.411	0.465	0.039	0.326	-2.262	-2.438	-3.435	1.189	1.033	0.844	1.834	1.229	-6.697	-3.692	-2.694	-2.909	-2.2	-3.337	-5.354	-6.231	-3.359	-3.366	-2.998	-3.55	-1.955	-2.206	-2.822	-2.843	-3.318	2.478	0.18	-0.118	0.798	0.82	-2.524	0.2195	-3.587	-2.801	-2.871	-4.042	-2.748	-1.879	-2.164	-2.084	-1.808	-1.087	0.491	1.835	1.303
"YNL132W"	0.534	0.558	0.299	-0.15	0.923	0.521	-5.146	-3.329	-4.954	1.008	0.683	0.542	0.685	1.975	-5.826	-3.389	-2.815	-3.25	-2.572	-3.653	-4.956	-6.392	-3.285	-3.141	-2.512	-4.353	-2.799	-2.936	-3.396	-4.377	-4.049	1.586	0.881	-0.75	1.683	1.79	-3.45	0.8095	-2.994	-2.948	-2.325	-3.989	-2.673	-2.677	-2.128	-1.908	-1.989	-1.093	1.861	0.416	1.766
"YNL248C"	0.836	0.805	0.382	-0.277	1.085	0.473	-4.315	-4.455	-4.373	1.117	1.227	1.182	1.201	1.61	-5.716	-3.559	-4.488	-3.442	-2.794	-3.857	-4.575	-5.215	-3.866	-3.014	-3.947	-5.072	-2.444	-2.924	-2.98	-3.902	-3.609	1.045	0.73	-0.898	1.136	1.25	-4.868	1.867	-4.652	-4.217	-2.416	-6.193	-3.878	-3.538	-1.879	-3.595	-1.967	-0.929	2.002	1.379	1.888
"YNL313C"	0.861	0.793	0.208	-0.102	0.974	0.791	-3.026	-2.935	-3.02	0.923	0.673	0.694	0.53	1.474	-4.999	-2.695	-2.073	-2.007	-1.538	-2.126	-3.628	-5.714	-3.129	-2.948	-1.914	-2.839	-1.333	-1.551	-2.01	-2.343	-2.518	1.131	1.103	-0.82	0.614	0.849	-3.009	2.198	-1.867	-1.835	-1.525	-3.85	-2.129	NaN	-1.13	-1.4	-1.952	-0.158	0.328	1.038	-0.513
"YOL077C"	1.019	0.607	0.474	-0.221	0.908	0.774	-5.04	-5.22	-4.28	1.476	1.273	-0.096	0.472	0.979	-5.186	-0.2885	-3.087	-2.568	-2.817	-2.79	-3.02	-6.552	-4.174	-0.219	-1.374	-3.705	-2.549	-3.046	-3.299	-3.894	-4.326	1.091	0.944	-1.144	0.978	1.214	-4.7	1.478	-2.855	-2.586	-2.262	-5.145	-2.894	-3.742	-2.522	-2.623	-2.653	-1.858	1.248	0.522	1.639
"YOR168W"	0.324	0.415	0.13	0.174	0.598	0.133	-0.982	-1.309	-1.42	0.785	0.772	0.6345	1.696	1.925	-1.809	-1.703	-1.762	-1.3715	-1.261	-1.7945	-1.984	-4.808	-1.5105	-1.538	-1.355	-2.516	-1.54	-1.525	-2.348	-2.353	-2.604	1.642	0.502	-0.016	0.679	0.751	-1.415	1.712	-1.549	-1.695	-1.533	-1.407	-1.265	-2.073	-1.871	-2.446	-1.977	-1.283	2.048	0.379	1.451
"YOR206W"	0.784	0.875	0.245	0.116	0.9	0.7	-3.702	-5.083	-4.513	1.184	1.088	0.951	0.633	1.59	-5.827	-2.568	-2.0395	-1.991	-2.0975	-2.174	-3.681	-6.4785	-3.1625	-1.9445	-1.9925	-3.888	-2.451	-2.637	-3.151	-3.692	-3.694	1.152	0.882	-1.056	1.327	1.209	-5.066	0.97	-3.193	-2.539	-1.324	-4.817	-2.585	-6.119	-3.274	-2.425	-1.737	-1.906	1.733	0.989	0.696
"YOR243C"	0.267	0.226	0.078	-0.217	0.308	-0.3	-3.234	-3.633	-3.982	1.203	1.139	1.2455	0.216	1.18	-3.8055	-2.475	-2.128	-2.1915	-1.6015	-2.2855	-3.3625	-4.3935	-2.588	-2.1815	-2.414	-3.635	-2.179	-2.726	-2.865	-4.484	-3.863	0.674	-0.345	0.212	1.638	1.579	-4.099	1.833	-1.759	-1.808	-1.803	-2.825	-2.065	-3.202	-2.909	-2.358	-2.809	-1.977	1.116	0.76	0.327
"YOR254C"	0.128	0.309	0.054	0.029	0.238	0.573	-0.87	-0.904	-0.787	0.5	0.296	0.314	-0.255	0.743	-2.6515	-1.5795	-1.235	-1.406	-1.671	-1.5485	-2.192	-6.426	-2.053	-1.8245	-1.4845	-2.631	-1.904	-1.86	-2.354	-2.689	-2.309	0.182	0.388	-0.222	0.488	0.819	-0.782	1.054	-2.166	-2.254	-1.27	-2.342	-2.212	-1.64	-1.57	-1.671	-1.337	-0.98	1.278	1.519	0.824
"YOR277C"	0.323	0.052	0.246	-0.045	1.619	1.132	-2.052	-2.137	-2.041	0.737	0.518	0.8055	1.002	0.345	-2.185	-2.1265	-2.182	-2.0565	-1.713	-2.0645	-3.25	-4.571	-1.7745	-1.802	-1.8895	-2.305	-1.464	-2.047	-1.978	-2.103	-2.211	-0.519	1.601	-0.672	0.808	0.949	-2.015	1.519	-1.552	-1.709	-0.85	-1.606	-1.913	-1.736	-2.314	-2.336	-1.262	-1.548	0.895	1.14	1.666
"YPL079W"	0.283	-0.405	-0.188	-0.037	-1.3845	0.263	-2.597	-3.115	-3.828	0.688	1.126	0.917	2.125	0.764	-4.616	-4.1965	-3.787	-3.3525	-2.3565	-2.6495	-3.892	-6.4765	-3.085	-3.172	-3.112	-4.735	-2.741	-3.087	-3.015	-3.498	-4.547	1.834	0.388	-0.399	1.127	0.718	-3.135	1.717	-2.865	-2.753	-2.74	-3.573	-3.431	-1.189	-1.754	-2.843	-4.476	-0.959	0.092	2.068	1.272
"YPL090C"	0.252	0.657	0.293	0.983	-1.485	-0.28	-2.09	-3.529	-3.965	0.955	0.871	0.9415	1.925	1.044	-3.9615	-3.256	-2.7785	-2.4215	-2.57	-2.203	-4.364	-6.197	-3.398	-3.223	-3.2385	-5.307	-2.833	-2.954	-3.292	-3.309	-4.719	2.457	NaN	0.207	0.958	0.445	-3.272	1.466	-4.244	-3.265	-3.165	-4.101	-3.571	-2.5	-1.392	-1.734	-4.998	-1.241	1.187	0.444	1.728
"YPL146C"	1.116	0.737	-0.001	-0.229	1.382	0.903	-2.458	-3.003	-3.135	0.904	0.994	0.8155	-0.1455	0.8395	-2.239	-1.417	-1.1295	-1.693	-1.316	-1.1555	-2.869	-3.5085	-2.007	-1.641	-0.17	-3.297	-1.917	-1.781	-2.424	-3.141	-3.062	-0.157	1.335	-0.583	1.269	1.347	-3.416	3.43	-2.508	-1.864	-1.48	-2.955	-2.098	-1.074	-1.522	-2.161	NaN	-0.362	-0.76	0.21	-0.693
"YPL160W"	0.3255	0.359	0.1095	0.292	-0.0635	0.032	-1.5095	-1.989	-2.429	0.5835	0.598	0.415	1.35366666666667	1.85933333333333	-3.26033333333333	-2.28466666666667	-1.777	-1.608	-1.47166666666667	-2.13233333333333	-3.08233333333333	-5.284	-2.22666666666667	-2.35066666666667	-1.59566666666667	-4.0365	-2.449	-2.824	-3.1695	-3.499	-2.977	1.761	-0.1685	0.329	0.543	1.2255	-2.203	5.049	-3.477	-2.958	-2.059	-3.512	-2.719	-1.0145	-1.866	-1.7795	-2.4765	-0.7415	0.5035	1.708	-0.284
"YPL211W"	0.777	0.44	-0.003	-0.313	0.697	0.858	-3.949	-1.832	-2.713	1.059	0.954	1.1155	0.603	1.0735	-5.5605	-3.5535	-3.356	-3.4755	-2.914	-3.869	-4.4555	-5.029	-3.216	-3.3805	-3.121	-4.129	-2.918	NaN	-3.267	-2.652	-2.337	1.049	1.035	-0.934	1.826	1.599	-2.166	3.725	-2.333	-2.347	-2.063	-3.981	-2.743	-5.176	-4.397	-4.022	-4.322	-2.574	1.369	0.181	2.198
"YPL226W"	0.716	0.538	0.2565	0.1535	0.671	0.1825	-3.002	-3.229	-4.183	0.7565	0.906666666666667	0.858	0.233333333333333	1.81766666666667	-4.86566666666667	-3.38066666666667	-2.57633333333333	-2.407	-1.80333333333333	-2.21533333333333	-3.95033333333333	-5.67966666666667	-3.37333333333333	-2.503	-2.922	-4.0095	-2.3985	-2.8955	-3.407	-2.9025	-3.983	0.8915	0.354	-1.0025	1.2195	1.301	-3.215	1.942	-2.657	-3.519	-1.48	-3.811	-3.004	-2.5635	-2.1345	-2.386	-1.6895	-1.548	0.837	1.566	1.106
"YPL256C"	0.462	0.742	0.619	0.547	-0.472	2.235	-2.244	-2.342	-2.415	0.682	0.7005	0.5595	2.2095	1.369	-2.5575	-0.462	-0.2895	-0.42	-1.071	-0.7235	-2.0795	-3.624	-1.276	-1.8365	-1.575	-1.29	-1.548	-2.197	-1.257	-2.045	-2.444	2.17	1.978	-0.617	-0.188	0.34	-2.321	0.535	-1.776	-1.1975	-2.2255	-2.28	-1.733	-3.207	-1.889	-1.487	-1.963	-0.371	2.121	-0.4755	1.4785
"YPL266W"	0.876	0.8	0.26	0.016	1.293	1.083	-3.222	-3.585	-3.063	1.381	1.1895	1.17	0.674	0.539	-4.1135	-2.3835	-2.305	-2.135	-1.5555	-2.448	-4.58	-3.1595	-3.267	-2.3995	-1.4055	-2.099	-2.07	-1.477	-1.746	-1.809	-2.022	1.094	1.451	-0.603	1.183	0.675	-3.636	0.296	-3.274	-2.154	-1.743	-4.271	-2.451	-2.797	-2.362	-1.537	-1.689	-1.037	0.406	0.862	1.05
"YPL273W"	0.178	0.479	-0.039	0.02	0.313	0.7	-2.2005	-2.3665	-2.375	0.8235	0.772	0.938	1.41566666666667	1.314	-3.42133333333333	-2.60833333333333	-2.705	-2.59566666666667	-2.792	-2.96466666666667	-3.722	-5.69966666666667	-2.94366666666667	-2.86466666666667	-2.72566666666667	-2.8035	-2.4545	-3.2755	-2.794	-3.21	-3.3575	1.535	0.607	-0.409	0.9905	1.083	-2.24	0.719	-1.883	-1.961	-1.127	-3.012	-2.524	-0.72	-1.046	-1.601	-0.744	-1.152	0.188	NaN	-0.636
"YPR060C"	0.516	0.436	0.066	0.095	0.951	0.649	-1.302	-1.077	-1.389	0.26	0.5105	0.719	0.7275	0.918	-3.5465	-3.094	-2.8645	-3.075	-3.446	-3.377	-2.069	-3.801	-1.7345	-1.7935	-2.859	-2.71	-1.98	-2.627	-2.107	-3.352	-2.894	0.795	0.769	-0.521	0.506	0.168	-0.94	0.355	-2.631	-1.945	-1.996	-2.784	-2.741	-1.538	-1.816	-1.601	-1.275	-1.132	-0.919	0.543	0.157
"YPR102C"	0.799	0.667	0.521	0.4	-0.017	0.761	-2.298	-3.37	-4.232	1.367	1.2	1.1555	2.3265	0.827	-3.521	-3.2315	-3.2945	-3.3515	-2.7315	-2.6455	-4.045	-6.451	-3.5055	-4.118	-3.277	-4.644	-2.723	-3.232	-3.352	-3.749	-4.692	2.333	0.382	-0.369	0.923	0.68	-3.007	0.3	-3.927	-2.614	-2.344	-4.015	-3.517	-2.56	-3.07	-2.791	-2.274	-2.464	0.51	2.117	1.211
"YPR110C"	0.551	0.505	0.336	-0.086	0.755	0.635	-3.084	-3.52	-3.728	0.96	1.068	0.986	1.3475	1.2295	-5.7185	-3.423	-3.2115	-2.9215	-2.8345	-3.133	-3.662	-6.318	-3.01	-3.296	-2.0215	-3.88	-2.175	-2.703	-2.993	-3.212	-3.358	1.631	0.737	-0.9	1.389	1.232	-3.168	2.592	-2.851	-1.853	-0.937	-3.882	-3.113	-1.995	-2.88	-2.431	-2.452	-1.826	0.312	1.487	0.359
"YPR112C"	0.467	0.282	-0.248	-0.649	1.3425	0.8315	-2.839	-1.994	-3.273	0.0	0.781	0.823	0.2735	0.192	-3.443	-2.472	-2.345	-2.418	-1.45	-2.3385	-1.7485	-3.311	-2.1835	-2.12	-1.4615	-2.327	-1.815	-2.126	-2.141	-2.48	-1.838	0.531	1.172	-1.013	1.561	1.255	-3.648	0.635	-2.352	-1.559	-1.038	-3.372	-1.969	-3.738	-2.878	-4.031	-1.931	-2.333	-0.512	-0.202	0.769
