	"54.Elutriation2:Sample2:Time2.5hrs"	"55.Elutriation2:Sample2:Time3.0hrs"	"56.Elutriation2:Sample2:Time3.5hrs"	"58.Elutriation2:Sample2:Time5.0hrs"	"406.heat shock 37 to 37, 20 minutes"	"632.Elutriation2:Sample2:Time4.5hrs"	"810.DES460 (wild type) + heat 20 min"	"811.DES459 (mec1) + heat 20 min"	"854.YPD_6_h_30C"	"855.YPD_8_h_30C"	"856.YPD_10_h_30C"	"857.YPD_12_h_30C"	"860.YPD_3_d_30C"	"861.YPD_5_d_30C"	"942.starv_in_H2O_1_h_30C"	"943.starv_in_H2O_2_h_30C"	"944.starv_in_H2O_4_h_30C"	"984.MHY1 (crt1) vs. CRY1 (wild type) - log phase"	"1016.YPD 5 d (25C)"	"1017.YPD 7 d (25C)"	"1018.YPD 13 d (25C)"	"1167.NBW7 strain low-Pi vs. High-Pi, exp.1"	"1168.PHO81c vs. wild type, exp.1"	"1173.PHO4c vs. wild type"	"11827.Pomona College Bio164: WT/dna2-1"	"13093.Missouri Western State College 10 uM DAPI Cy3 4 hrs (exp 1)"	"32626.S1Comp 08 hr 55 min Sulfate Batch vs Chemostat Comparison"	"33774.DBY8778(wt)_stationary_phase_7hours"	"33775.DBY8778(wt)_stationary_phase_9hours"	"33776.DBY8778(wt)_stationary_phase_1day"	"33779.delYPL230w_stationary_phase_5hours"	"33780.delYPL230w_stationary_phase_7hours"	"33781.delYPL230w_stationary_phase_9hours"
"YBL027W"	0.879	0.466	0.819	0.2805	-0.241	0.2445	-1.385	-2.0365	-2.851	-2.474	-2.081	-1.613	-2.671	-5.577	-2.494	-2.654	-2.507	0.487	-1.9795	-2.114	-3.148	-0.101	0.384	-0.218	-0.045	0.2815	1.888	-3.528	-3.012	-2.469	-3.351	-3.139	-2.319
"YBL077W"	0.4645	0.38	0.236	0.1975	0.59	0.1715	-0.904	-1.5985	-3.41	-2.161	-1.694	-1.571	-3.136	-5.081	-2.763	-2.285	-2.607	0.3355	-2.816	-3.3595	-3.1945	0.055	0.389	0.023	-0.359	0.663	1.349	-2.847	-2.93	-1.236	-2.854	-2.752	-2.048
"YBR031W"	0.6455	0.7125	0.6115	0.1305	0.543	0.6665	-1.349	-2.0145	-1.692	-1.795	-2.055	-2.17	-2.879	-6.063	-2.233	-3.04	-2.831	0.1705	-1.803	-1.9345	-2.5745	-0.3	0.65	0.011	0.585	-1.304	1.087	-2.753	-2.405	-1.868	-2.518	-2.852	-2.047
"YBR206W"	-0.1635	-0.035	-0.0595	0.105	-0.788	-5.0E-4	-0.4095	-0.883	-0.522	-0.807	-0.78	-1.215	-2.307	-3.253	-1.332	-0.693	-1.171	-0.236	-1.0975	-1.694	-1.6555	-0.059	NaN	-0.009	0.664	-0.026	1.001	-0.293	0.05	-3.748	0.068	0.333	-0.102
"YCL045C"	0.085	0.268	-0.2855	0.0925	0.1935	-0.103	-0.015	-0.176666666666667	-1.369	-0.979	-0.769	-0.949	-3.044	-3.911	-1.1955	-1.4795	-1.516	-0.1555	-2.25533333333333	-2.94333333333333	-2.69566666666667	-0.079	-0.56	0.419	1.063	0.688	-0.309	-1.498	-1.65	-1.228	-1.372	-1.352	-0.797
"YCR031C"	0.836	0.799	0.391	0.385	0.342	0.416	-0.94	-1.467	-2.698	-2.025	-2.569	-2.706	-3.359	-5.91	-2.838	-3.14	-2.435	0.398	-0.3405	-1.596	-2.7125	-0.396	-0.081	-0.588	-0.579	-1.061	1.234	-2.544	-2.418	-2.404	-3.229	-3.09	-2.546
"YCR043C"	0.359	0.319	0.08	0.185	0.419	-0.011	-0.4105	-1.109	-2.068	-1.622	-1.952	-2.29	-3.689	-4.19	-1.244	-2.054	-1.541	0.381	-1.7505	-1.8875	-1.6275	-0.107	0.152	-0.284	0.106	0.132	1.103	-1.187	-1.065	-0.841	-1.275	-1.366	-0.74
"YDL075W"	0.959	0.889	0.586	0.495	0.132	0.47	-1.224	-2.53	-2.825	-3.453	-2.828	-2.896	-2.581	-3.777	-2.009	-2.729	-1.791	0.117	-2.433	-1.878	-3.427	0.227	0.048	-0.742	0.7595	-1.698	1.235	-2.895	-3.256	-2.896	-3.17	-3.026	-2.667
"YDL081C"	0.886	1.111	0.847	0.695	0.384	0.714	-1.52	-2.273	-1.365	-2.041	-1.576	-2.196	-2.445	-4.594	-2.131	-2.381	-1.732	0.089	-2.127	-2.133	-2.377	-0.385	-0.176	-0.92	-0.33	-1.611	1.15	-2.84	-2.104	-1.82	-2.39	-2.49	-2.162
"YDL082W"	0.906	0.846	0.991	0.445	0.214	0.44	-1.576	-2.569	-3.223	-2.484	-2.853	-1.739	-3.326	-5.816	-2.537	-3.01	-1.18	0.403	-2.186	-3.001	-3.589	0.048	1.851	-0.545	-0.469	-1.007	1.679	-4.398	-3.698	-2.463	-4.518	-3.314	-3.014
"YDL191W"	0.282	0.402	0.297	0.245	0.213	-0.201	-0.957	-2.056	-1.985	-2.367	-2.75	-2.497	-2.737	-5.192	-2.911	-2.813	-2.518	0.542	-1.362	-1.942	-2.86	-0.246	-0.698	-1.26	0.2385	-0.8405	0.336	-3.35	-2.399	-1.73	-3.234	-2.557	-1.83
"YDR025W"	0.945	0.819	0.514	0.466	0.183	0.731	-1.11	-2.011	-3.904	-3.548	-3.252	-2.573	-3.393	-6.697	-3.357	-3.356	-3.471	0.188	-2.503	-2.895	-3.518	-0.048	NaN	-0.141	0.5165	-1.722	1.766	-4.772	-3.127	-2.93	-3.906	-3.552	-2.869
"YDR037W"	0.529	0.404	0.056	0.135	0.146	0.115	-0.576	-1.716	-4.313	-3.427	-3.607	-3.146	-4.551	-5.224	-3.226	-2.505	-2.756	0.384	-2.916	-3.368	-3.772	-0.155	1.441	0.041	0.162	-0.506	1.472	-4.284	-3.366	-2.4	-4.204	-3.541	-2.204
"YDR157W"	0.009	-0.171	0.058	NaN	0.247	0.169	-0.649	-0.549	-1.983	-1.212	-1.276	-1.508	-1.145	-4.05	-1.333	-1.046	0.09	0.126	-0.944	-1.044	-1.267	-0.574	-0.183	-0.439	0.222	-0.501	0.59	-1.472	-1.14	-1.372	-2.013	-1.561	-1.196
"YDR504C"	0.27	0.344	0.16	0.529	-0.008	-0.061	0.933	1.201	1.564	1.125	1.55	0.948	2.329	2.09	0.467	0.602	0.978	-0.329	2.356	2.489	2.005	0.096	0.0	0.119	0.826	0.829	-1.063	1.117	0.303	1.402	1.549	0.509	1.361
"YDR507C"	0.826	0.969	0.575	0.151	-0.183	0.727	-0.528	-1.509	-3.229	-1.03	-0.143	-0.691	-2.939	-1.493	-0.805	-1.084	-1.413	-0.306	-1.959	-1.473	-1.836	0.208	-0.043	0.426	0.2	0.577	-0.384	-0.598	-0.281	-0.755	-0.797	-0.4885	-0.133
"YER117W"	0.99	0.911	0.797	0.83	0.143	0.396	-1.23	-2.019	-2.982	-2.613	-2.377	-1.817	-2.832	-5.642	-3.05	-3.141	-2.843	0.632	-2.312	-2.562	-2.976	-0.012	0.092	-0.687	0.714	0.494	1.245	-3.319	-2.632	-2.403	-3.238	-3.345	-2.147
"YER131W"	1.102	0.926	0.7	0.733	-0.215	0.503	-1.307	-2.511	-2.813	-3.262	-2.7	-2.3	-3.664	-6.55	-2.621	-2.795	-2.905	0.564	-2.105	-2.654	-3.304	0.466	-0.064	-1.363	0.4165	-2.094	1.619	-3.884	-3.237	-2.657	-3.578	-4.068	-2.732
"YGL030W"	0.519	-0.093	0.194	0.311	0.235	-0.11	-1.118	-2.277	-3.613	-2.888	-2.582	-1.861	-3.668	-5.484	-2.388	-2.751	-2.6	0.274	-1.668	-2.044	-3.011	-0.106	0.159	-0.485	-0.5685	-0.4595	1.307	-3.939	-2.871	-2.529	-3.575	-2.76	-2.198
"YGL076C"	0.542	0.594	0.289	0.377	0.541	0.445	-1.418	-2.349	-3.969	-3.136	-2.73	-2.564	-3.976	-5.667	-3.32	-2.996	-2.857	0.398	-2.836	-2.79	-3.782	-0.251	0.567	-0.297	0.4215	-1.2995	1.947	-4.003	-3.509	-2.778	-3.347	-3.315	-2.544
"YGL102C"	1.047	0.594	0.851	0.768	-0.113	0.477	-0.892	-2.115	-3.419	-2.825	-2.081	-1.973	-2.658	-5.65	-3.301	-3.227	-3.132	0.672	-1.199	-1.938	-2.13	-0.17	0.369	-0.489	0.273	-1.886	0.527	-3.42	-2.202	-1.7	-3.272	-2.955	-2.203
"YGL103W"	0.937	0.93	0.517	0.767	-0.413	0.255	-0.785	-1.799	-3.452	-3.096	-2.876	-2.468	-1.452	-5.266	-3.266	-2.763	-2.672	0.655	-1.308	-1.735	-2.438	-0.234	-0.1	-0.217	-0.106666666666667	-0.996	0.257	-2.976	-2.146	-1.398	-3.189	-2.934	-2.202
"YGL105W"	0.522	0.463	0.491	0.596	-0.352	0.374	-0.651	-0.742	-2.385	-1.577	-1.617	-1.427	-3.587	-6.011	-1.482	-1.069	-1.68	-0.097	-1.622	-1.876	-2.025	0.036	0.346	-0.168	0.53	0.357	0.25	-2.593	-2.406	-1.823	-1.217	-1.943	-1.688
"YGL123W"	1.132	1.216	1.042	0.361	0.225	0.584	-1.483	-2.649	-3.781	-3.757	-3.726	-3.265	-4.004	-5.982	-4.112	-3.654	-3.701	0.709	-2.388	-2.65	-3.558	-0.336	0.378	0.078	-1.563	-1.449	1.591	-4.217	-3.27	-2.813	-4.123	-3.488	-2.693
"YGL135W"	1.047	0.94	0.672	0.5	0.804	0.553	-1.762	-2.804	-3.221	-2.573	-2.455	-2.548	-3.418	-5.687	-3.217	-3.23	-3.119	0.532	-2.267	-2.874	-3.825	-0.295	0.094	0.021	0.709	-1.894	0.532	-3.443	-2.903	-2.236	-3.617	-3.009	-1.968
"YGL225W"	0.578	0.877	0.495	0.446	0.516	0.096	-1.104	-1.136	-2.616	-2.746	-1.792	-2.343	-0.784	-3.965	-2.503	-2.746	-2.572	-0.229	-1.445	-0.926	-1.408	0.115	0.554	-0.027	-0.411	1.122	1.699	-2.951	-2.246	-1.687	-3.038	-2.974	-1.996
"YGR034W"	0.823	0.598	0.261	0.525	0.288	0.454	-1.34	-2.272	-3.922	-3.172	-3.096	-2.637	-3.052	-6.281	-3.268	-2.935	-2.282	0.634	-1.301	-1.401	-2.48	0.384	-0.252	0.203	-0.022	-1.639	1.806	-2.986	-3.003	-2.725	-4.347	-3.643	-2.741
"YGR155W"	0.476	0.257	0.431	0.43	0.392	0.674	0.363	-0.15	-1.383	-0.902	-1.262	-0.984	-1.39	-4.396	-0.015	0.046	0.119	0.178	-1.318	-1.786	-2.407	-0.002	0.461	0.048	0.3315	1.057	-0.576	-1.97	-2.099	-1.553	-1.582	-1.769	-1.434
"YGR214W"	0.407	0.351	0.573	0.145	-0.354	0.374	-1.829	-2.515	-4.3	-2.826	-2.795	-2.24	-3.03	-5.16	-3.581	-2.953	-2.7	0.468	-0.955	-1.925	-3.246	-0.233	-0.054	-0.225	0.71	-0.765	1.872	-3.673	-2.906	-2.083	-3.805	-2.3	-2.11
"YHR025W"	0.69	0.639	0.735	0.296	0.565	0.748	-1.411	-1.377	-3.632	-1.376	-1.47	-1.274	-2.666	-5.429	-2.472	-2.269	-2.199	-0.188	-1.471	-2.319	-2.178	-0.614	-0.072	-0.016	0.502	0.943	1.013	-3.915	-2.334	-1.934	-3.0	-1.597	-1.63
"YHR127W"	0.647	0.568	0.296	0.522	-0.006	0.177	-0.404	-0.978	-1.85	-1.131	-0.613	-0.487	-1.518	-2.837	-1.385	-1.034	-0.982	0.004	-1.135	-1.011	-1.628	0.01	-0.216	-0.657	-0.366	0.874	-0.047	-0.897	-0.667	0.265	-1.399	-0.18	-0.14
"YHR142W"	0.001	0.345	0.247	-0.062	-0.0425	-0.095	0.691	0.162	-0.878	-0.403	-0.512	-0.622	-1.533	-2.576	-0.885	-0.635	-0.905	0.223	-0.607	-0.788	-0.545	-0.05	0.051	-0.022	-0.338	0.483	0.278	-1.338	-0.772	-0.939	-1.063	-1.155	-0.356
"YHR203C"	0.411	0.405	0.946	0.228	0.5205	0.563	-1.279	-2.585	-3.926	-2.827	-3.148	-2.671	-3.782	-5.944	-3.917	-3.774	-3.412	0.587	-2.575	-3.081	-3.941	-0.367	0.063	-0.034	0.705	-2.06	0.908	-4.467	-3.308	-2.46	-3.717	-3.449	-2.785
"YHR208W"	0.22	-0.085	0.276	0.118	0.5725	0.344	-1.924	-2.459	-3.191	-1.767	-1.529	-1.413	-3.12	-4.064	-2.446	-2.137	-1.934	-1.463	-2.263	-2.683	-2.939	0.196	-0.045	-0.217	-0.354	NaN	1.025	-4.041	-3.355	-2.435	-3.596	-3.088	-2.843
"YIL018W"	0.825	0.743	0.849	0.362	-0.146	0.233	-1.888	-2.824	-4.365	-3.03	-2.782	-2.724	-3.492	-5.749	-3.362	-3.505	-3.056	0.447	-2.661	-3.27	-3.914	-0.261	0.458	-0.114	1.527	-1.856	0.827	-4.277	-3.397	-2.864	-4.06	-3.676	-2.806
"YIL052C"	0.956	0.918	0.596	0.61	-0.18	0.23	-1.558	-2.49	-3.856	-3.261	-2.954	-2.61	-2.895	-6.278	-2.82	-2.793	-2.559	0.466	-2.162	-2.5	-3.158	0.126	-0.043	-0.73	0.291	-1.962	1.102	-3.32	-2.562	-2.217	-2.821	-2.677	-1.94
"YIL097W"	-0.551	-0.671	-0.682	-0.354	0.0685	-0.935	1.009	1.462	3.652	2.439	2.393	2.036	3.556	1.438	1.732	2.315	1.786	-0.569	2.674	2.268	1.763	0.04	0.319	-0.053	-0.523	NaN	-1.037	2.145	1.491	1.067	1.995	2.194	0.877
"YIL111W"	-0.881	-0.377	-0.493	-0.478	0.186	-0.543	1.454	1.308	3.567	0.705	0.653	0.054	0.131	-2.06	1.65	0.288	0.034	-0.496	1.226	1.172	0.658	-0.189	0.023	0.013	-0.159	1.226	0.991	2.437	1.759	0.968	2.635	2.316	1.215
"YIL133C"	0.08	0.154	0.081	-0.148	-0.475	0.095	-1.391	-2.661	-3.333	-3.196	-3.135	-2.331	-2.693	-5.79	-2.93	-2.571	-2.194	0.405	-2.615	-3.007	-3.393	0.002	0.041	-0.184	0.311	-1.034	1.623	-4.387	-3.183	-2.607	-4.098	-3.154	-2.466
"YIL148W"	0.634	0.421	0.389	0.39	0.152	0.15	-0.817	-1.398	-1.734	-1.482	-1.408	-1.077	-1.931	-3.41	-1.789	-2.019	-1.629	0.423	-0.901	-1.348	-2.118	0.041	0.103	-0.922	0.263	0.845	1.185	-2.58	-2.025	-1.956	-2.552	-2.609	-1.815
"YJL014W"	0.218	0.021	0.294	0.243	-0.258	0.393	-0.087	-0.423	-1.884	-1.661	-1.298	-1.283	-2.624	-3.962	-1.585	-1.866	-1.425	0.022	-2.252	-3.068	-2.866	-0.02	0.242	0.011	0.261	0.563	0.139	-2.007	-1.358	-1.024	-1.344	-1.416	-0.623
"YJL111W"	0.59	0.499	-0.566	0.435	-0.2125	0.216	-0.315	-0.035	-1.744	-1.717	-1.355	-1.285	-3.38	-6.57	-1.929	-1.669	-1.796	0.192	-1.573	-1.994	-2.239	0.018	0.203	0.16	0.383	-0.595	-0.278	-2.75	-2.343	-1.819	-1.829	-2.027	-2.019
"YJL145W"	0.168	-0.223	-0.101	0.371	0.079	-0.259	-1.103	-1.45	-2.076	-1.698	-1.277	-0.742	-2.136	-3.628	-1.713	-1.117	-1.336	0.311	-2.303	-2.334	-2.853	-0.167	0.374	-0.31	0.526	-0.483	0.998	-0.529	-0.792	-0.957	-1.581	-1.582	-1.22
"YJL179W"	0.004	0.096	-0.201	0.011	-0.082	-0.414	0.096	-0.416	-1.056	-1.704	-0.966	-1.471	-2.457	-4.843	-1.417	-1.763	-1.397	0.165	-1.17	-1.585	-0.391	-0.057	0.415	-0.368	-0.383	-0.075	0.912	-1.241	-1.288	-0.564	-1.339	-1.722	-1.504
"YJL189W"	0.381	0.194	-0.234	0.395	0.252	-0.394	-0.867	-1.93	-3.545	-2.317	-2.319	-2.282	-2.901	-4.28	-2.446	-2.278	-1.716	0.679	-1.577	-2.282	-2.837	0.038	-0.245	-0.934	-0.374	-0.933	0.32	-2.736	-2.597	-2.818	-2.888	-2.522	-2.288
"YJR064W"	0.408	0.413	0.292	0.368	-0.1135	0.432	-0.156	-0.573	-3.248	-2.118	-1.695	-2.216	-1.931	-4.297	-2.003	-2.214	-1.978	0.051	-1.961	-2.702	-2.57	0.023	0.122	0.142	-0.276	-0.662	-0.671	-1.981	-1.001	-0.402	-1.421	-1.607	-1.108
"YJR105W"	0.792	0.616	0.53	0.392	0.508	0.197	-1.04	-1.207	-2.77	-1.093	-1.685	-1.401	-1.424	-4.641	-2.087	-1.587	-2.56	0.015	-1.362	-1.023	-1.04	-0.234	0.56	0.089	0.518	-0.63	0.32	-2.371	-1.138	-1.597	-2.447	-1.661	-1.64
"YJR145C"	0.667	0.733	0.717	0.39	0.5215	0.46	-1.245	-2.537	-4.507	-3.488	-3.177	-2.731	-3.54	-6.528	-3.551	-3.547	-3.597	0.622	-2.519	-3.105	-3.178	-0.172	0.493	0.052	0.476	-0.765	1.977	-4.335	-3.373	-2.551	-4.108	-3.771	-2.74
"YKL006W"	0.738	0.65	0.785	0.032	-0.245	0.066	-1.129	-2.018	-4.299	-3.901	-3.389	-2.854	-2.835	-5.113	-3.049	-3.027	-2.997	0.947	-1.939	-2.29	-2.843	-0.003	0.065	-0.306	0.267	-1.874	2.45	-4.432	-3.39	-2.92	-4.756	-4.221	-2.993
"YKL024C"	-0.185	-0.15	0.092	-0.205	-0.2955	-0.311	-0.544	-0.521	-2.211	-1.535	-1.404	-1.438	-2.025	-5.4	-1.547	-1.696	-1.45	0.575	-0.542	-1.239	-1.798	-0.547	0.547	0.256	0.242	1.195	2.008	-1.628	-1.143	-1.034	-1.568	-2.021	-1.027
"YKL073W"	0.292	0.173	0.338	0.294	-0.037	0.375	1.573	1.468	-1.767	-1.697	-1.279	-0.85	-2.672	-3.282	-1.348	-1.282	-1.264	-0.22	-2.148	-2.623	-3.195	0.09	-0.3	0.283	-0.126	-1.339	-0.281	-2.546	-1.74	-1.566	-1.835	-1.673	-1.506
"YKL180W"	0.93	0.503	0.732	0.526	0.058	0.642	-1.825	-2.553	-2.661	-2.738	-2.549	-1.831	-2.561	-5.237	-2.625	-3.204	-2.593	0.599	-2.059	-2.04	-2.857	0.332	0.571	-0.694	-0.477	-1.015	2.281	-3.827	-3.339	-2.213	-3.071	-2.962	-2.254
"YLL045C"	1.088	0.884	1.063	0.575	0.036	0.737	-1.602	-2.573	-3.851	-3.176	-2.506	-2.189	-3.857	-6.618	-3.169	-3.335	-3.185	0.568	-2.943	-3.021	-3.731	-0.042	0.681	-0.157	0.265	-0.549	0.965	-3.449	-2.833	-2.875	-3.788	-3.87	-2.635
"YLR029C"	1.126	1.225	0.913	0.554	0.378	0.553	-1.953	-1.826	-3.174	-2.641	-3.465	-2.572	-3.615	-6.877	-2.777	-2.809	-2.78	0.631	-2.242	-2.378	-2.987	-0.016	0.493	-0.379	0.842	-1.042	0.77	-3.518	-2.733	-2.594	-3.637	-2.766	-2.153
"YLR048W"	0.908	0.855	0.833	0.556	0.759	0.742	-1.634	-2.441	-4.075	-2.679	-2.64	-2.034	-3.645	-3.72	-3.296	-3.55	-2.771	0.859	-2.294	-2.17	-3.634	-0.106	0.532	-0.086	0.379	-1.741	0.25	-4.39	-3.403	-3.16	-4.032	-3.798	-2.576
"YLR075W"	0.951	0.886	0.608	0.283	0.588	0.283	-1.593	-2.513	-4.356	-3.127	-2.622	-2.246	-1.991	-6.109	-2.552	-2.46	-2.807	0.657	-1.003	-2.135	-2.586	-0.205	0.736	0.057	-0.335	-1.304	0.576	-4.584	-2.951	-2.268	-4.051	-3.6	-2.245
"YLR167W"	0.566	0.621	0.542	0.025	0.657	0.119	-0.978	-1.294	-1.481	-2.342	-1.799	-1.963	-1.761	-4.496	-1.882	-1.934	-2.295	0.811	-1.334	-1.976	-2.263	0.143	-0.022	0.047	-0.311	-1.966	0.518	-3.929	-2.902	-2.68	-3.272	-3.393	-2.874
"YLR172C"	0.45	0.135	0.622	0.068	0.236	0.342	-1.225	-1.078	-1.435	-0.556	-0.587	-0.207	-1.228	-4.325	-1.627	-1.604	-1.201	0.285	-0.531	-1.476	-1.169	0.408	0.177	-0.649	0.079	1.091	0.995	-2.742	-1.671	-1.534	-2.202	-1.545	-1.227
"YLR185W"	0.161	-0.018	0.072	-0.038	0.69	0.481	-1.306	-2.435	-4.508	-3.498	-3.001	-2.551	-2.578	-5.928	-2.94	-2.559	-2.616	0.58	-2.015	-2.479	-3.065	-0.033	0.41	0.25	0.402	-1.651	1.77	-3.712	-3.007	-2.345	-3.488	-3.242	-2.643
"YLR212C"	0.44	0.232	0.441	0.24	-0.654	0.374	-1.058	-1.047	-1.673	-0.302	0.391	-0.109	-1.846	-6.673	-1.003	-1.234	-0.697	-0.115	-0.696	-1.095	-0.695	0.6	NaN	-0.04	-0.35	0.293	-0.247	-2.607	-2.302	-2.506	-2.98	-1.959	-1.533
"YLR293C"	0.773	0.761	0.251	0.208	0.682	0.292	-0.733	-1.011	-3.594	-2.185	-2.087	-2.565	-3.488	-6.281	-2.107	-1.751	-2.233	0.117	-2.379	-3.03	-3.186	-0.238	0.495	0.357	0.399	-0.881	1.274	-3.113	-2.525	-1.847	-2.822	-2.422	-1.899
"YLR325C"	0.508	0.586	0.216	0.212	0.301	-0.348	-1.083	-2.174	-4.528	-3.555	-3.974	-3.918	-2.337	-5.498	-3.178	-3.753	-2.76	0.978	-1.609	-1.204	-2.637	0.092	-0.735	-0.775	-0.021	-0.702	1.522	-2.769	-2.034	-1.466	-2.866	-2.701	-2.834
"YLR333C"	0.774	0.812	0.395	0.222	0.012	0.019	-1.343	-2.23	-3.93	-3.067	-2.402	-2.401	-3.011	-5.863	-3.538	-3.334	-2.939	0.96	-1.584	-2.45	-2.848	0.131	0.334	-0.63	-0.112	-1.367	1.112	-4.086	-2.673	-1.894	-3.582	-2.843	-2.359
"YLR339C"	0.778	0.79	0.558	0.075	0.751	0.179	-1.817	-2.05	-3.243	-2.951	-2.69	-2.664	-4.988	-6.865	-2.453	-3.194	-3.201	0.246	-2.461	-3.161	-3.973	-0.354	0.475	0.199	-0.076	-0.123	0.917	-4.034	-3.474	-3.052	-3.409	-3.723	-3.161
"YLR340W"	0.749	0.619	0.482	0.285	-0.33	0.756	-1.531	-1.992	-2.59	-2.224	-2.566	-1.969	-4.11	-6.819	-2.128	-2.646	-3.015	0.459	-2.702	-3.206	-4.105	-0.251	0.182	-0.145	-0.019	-1.445	1.065	-4.14	-3.346	-3.304	-3.405	-3.289	-2.708
"YLR388W"	0.79	0.559	0.74	0.738	0.428	0.473	-1.394	-2.289	-3.12	-2.544	-2.264	-1.926	-3.596	-5.506	-3.204	-3.058	-2.742	0.583	-2.232	-2.581	-3.193	0.041	0.589	0.002	-0.02	-1.639	0.876	-3.674	-2.798	-2.25	-3.762	-3.521	-2.816
"YLR448W"	0.746	0.543	0.661	0.386	-0.478	0.484	-1.486	-2.804	-4.815	-3.882	-3.116	-3.083	-3.552	-5.971	-3.425	-3.454	-3.179	0.861	-2.668	-3.192	-4.132	0.23	0.136	-0.466	-0.061	1.217	1.398	-4.85	-3.788	-3.07	-4.791	-4.505	-3.161
"YML008C"	0.061	0.079	0.013	0.059	-0.669	-0.249	-1.096	-1.443	-2.795	-2.419	-1.034	-0.545	-4.23	-4.829	-1.558	-1.093	-1.94	0.471	-3.358	-5.162	-3.504	-0.392	1.045	0.346	0.889	-0.305	-0.014	-3.199	-2.808	-2.562	-2.241	-2.487	-2.113
"YML063W"	1.029	0.706	0.422	0.314	0.601	0.206	-1.399	-2.716	-4.408	-3.73	-3.027	-2.778	-4.048	-13.273	-3.657	-3.146	-3.415	0.667	-3.123	-3.364	-4.059	-0.253	-0.033	-0.416	-0.138	-2.068	0.542	-4.819	-3.531	-2.707	-4.008	-3.578	-2.829
"YML074C"	0.093	0.16	0.042	0.047	-0.031	-0.064	-0.301	-0.623	-2.476	-2.119	-1.152	-1.538	-2.837	-5.319	-1.258	-1.23	-1.664	0.186	-2.826	-3.214	-3.466	0.045	0.699	0.094	0.322	-0.173	-0.38	-1.353	-1.494	-1.074	-1.384	-1.274	-1.659
"YMR121C"	1.158	1.33	0.824	0.488	0.469	0.502	-1.731	-1.194	-3.215	-2.875	-2.279	-2.002	NaN	-4.199	-2.574	-2.217	-2.44	0.887	-2.277	-2.155	-2.582	-0.219	0.588	-0.41	0.572	-0.786	1.081	-3.713	-2.508	-2.69	-3.436	-2.969	-2.254
"YMR123W"	0.408	0.46	0.069	0.659	0.305	0.186	-0.553	-0.636	-3.098	-1.897	-1.503	-2.225	-2.374	-3.061	-2.235	-1.468	-1.286	0.444	-1.615	-1.137	-1.512	-0.13	0.752	-0.369	-0.225	NaN	0.589	-2.52	-1.331	-1.183	-1.533	-1.272	-0.879
"YMR202W"	0.238	0.444	0.146	0.24	0.217	0.056	-0.637	-1.517	-3.652	-2.101	-2.009	-1.785	-4.391	-5.431	-1.983	-1.581	-1.907	0.309	-2.263	-2.876	-2.931	-0.24	1.009	-0.194	-0.0505	0.6675	0.237	-3.376	-2.583	-2.939	-3.34	-2.624	-2.11
"YMR242C"	0.822	0.67	0.515	0.368	0.758	0.094	-1.261	-2.703	-4.702	-3.631	-3.819	-3.001	-3.971	-6.226	-3.832	-4.338	-3.636	0.77	-2.601	-3.133	-3.475	-0.057	0.094	-0.297	1.4225	-1.4935	0.918	-4.158	-3.141	-2.446	-4.607	-3.588	-2.771
"YNL069C"	0.87	0.674	0.447	0.17	0.473	0.449	-1.327	-2.405	-3.663	-3.006	-2.506	-1.993	-4.006	-4.824	-3.44	-3.85	-3.199	0.662	-2.107	-2.509	-3.665	0.228	-0.058	-0.624	0.062	-0.862	0.598	-3.601	-3.131	-2.286	-3.741	-3.469	-3.02
"YNL089C"	0.372	0.029	0.487	0.073	-0.036	0.245	-0.195	-0.502	-1.202	-0.797	-0.46	-0.924	-2.333	-2.142	-1.254	-1.218	-1.259	0.13	-1.866	-1.819	-2.26	0.023	-0.013	-0.427	0.2405	1.03	0.259	-0.872	-0.839	-0.681	-1.474	-1.578	-0.762
"YNL090W"	0.248	0.215	0.316	0.067	-0.695	-0.338	-0.268	-0.556	-1.74	-1.206	-1.29	-1.298	-2.438	-2.292	2.369	-1.2	-1.032	0.073	-1.844	-1.862	-2.234	0.038	0.082	-0.148	-0.186	-0.178	1.015	-1.689	-0.592	-0.484	-1.311	-1.747	-0.914
"YNL113W"	1.007	0.212	0.167	0.3	-0.054	0.069	-0.2	-1.165	-5.347	-3.34	-2.736	-2.957	-2.537	-7.034	-3.971	-2.612	-1.964	0.639	-1.889	-2.222	-2.123	-0.242	-0.063	-0.342	-0.026	1.805	1.544	-2.809	-2.407	-1.621	-4.226	-2.606	-2.059
"YNL114C"	0.755	0.241	-0.027	-0.522	-0.12	-0.054	-0.363	-1.548	-5.245	-2.663	-2.941	-2.849	-3.791	-6.572	-2.827	-2.978	-1.873	0.555	-1.96	-2.004	-2.111	-0.151	-0.345	-0.323	0.137	0.595	1.162	-2.905	-1.754	-0.986	-4.14	-2.842	-1.49
"YNL162W"	0.228	0.369	0.316	-0.113	-0.791	-0.002	-1.038	-2.232	-3.953	-3.395	-3.14	-2.838	-2.858	-6.425	-2.86	-2.872	-2.421	0.758	-1.742	-2.487	-3.468	-0.316	-0.117	-0.571	-0.2175	-1.2525	0.792	-2.704	-2.701	-2.189	-3.916	-3.323	-2.825
"YNL302C"	0.807	0.769	0.514	0.095	-0.108	0.316	-1.065	-1.1985	-2.266	-2.265	-1.899	-2.1795	-2.1925	-4.746	-2.3395	-2.4085	-1.6685	0.9265	-1.1605	-1.0695	-1.549	-0.11	0.301	-0.17	0.888	-1.445	1.199	-4.107	-3.25	-2.449	-3.631	-3.426	-2.699
"YNR043W"	0.551	0.317	0.26	0.011	-0.668	0.264	-0.096	-0.636	-3.5005	-1.8155	-1.672	-1.574	-2.934	-5.1565	-2.5105	-1.9175	-1.949	0.085	-2.655	-3.803	-3.856	-0.03	0.842	0.761	0.599	-0.669	-0.418	-1.759	-1.955	-0.593	-2.193	-1.673	-1.696
"YOL039W"	0.83	1.041	1.048	0.541	-0.054	0.677	-1.333	-2.507	-0.9415	0.4395	0.183	-1.8	-2.068	-7.971	-0.1815	-0.43	-0.33	0.509	-2.476	-3.262	-3.256	0.299	-0.477	-1.38	0.203	-1.01	1.178	-3.167	-2.856	-2.746	-3.392	-3.542	-3.052
"YOL040C"	0.794	0.855	0.812	0.218	-0.742	0.373	-1.391	-2.371	-0.886	-3.313	-1.742	-1.998	-3.032	-6.413	-3.385	-0.756	-0.614	0.431	-2.028	-2.837	-3.657	0.021	-0.378	-0.592	1.0	-1.695	1.166	-4.411	-3.555	-2.716	-3.746	-3.451	-2.823
"YOL090W"	0.461	0.461	0.051	-0.068	0.049	0.084	0.86	0.607	-2.3285	-1.2775	0.1945	-0.66	-1.354	-4.777	-1.5815	-0.4475	-1.689	0.458	-3.071	-3.492	0.263	0.188	-0.113	0.155	-0.014	0.95	-2.201	-1.461	-1.331	-1.111	-1.521	-1.233	-0.94
"YOL120C"	0.874	0.713	1.014	0.36	-0.189	0.628	-1.419	-1.726	-1.9285	-0.823	-1.079	-1.9625	-0.894	-3.424	-0.1405	-0.9185	0.3255	0.662	-2.551	-3.234	-3.307	-0.392	0.354	-0.303	-0.057	-1.535	0.996	-3.446	-3.085	-3.107	-3.919	-3.387	-2.622
"YOL121C"	0.563	0.414	0.415	0.034	-0.544	0.553	-1.241	-2.48	-1.946	-2.3835	-2.652	-1.5685	-3.476	-1.754	-1.922	-1.2305	-1.7075	0.794	-2.469	-2.67	-3.83	-0.124	0.248	-0.467	-0.466	-1.872	0.465	-3.912	-2.653	-2.14	-3.465	-2.982	-2.546
"YOL127W"	0.835	0.95	0.236	0.346	-0.507	0.15	-1.401	-2.683	-4.1025	-1.8795	-2.007	-3.156	-1.335	-2.676	-1.0185	-2.851	-3.97	0.82	-1.546	-2.041	-3.172	0.049	0.003	-0.807	0.0	-1.825	0.451	-3.393	-2.333	-2.293	-3.103	-2.261	-2.342
"YOR167C"	0.367	0.278	0.307	0.347	0.112	0.488	-1.253	-2.174	-1.901	-2.041	-1.52	-1.859	-0.6035	-3.313	-2.747	-2.5365	-2.376	0.726	-2.283	-2.319	-2.712	-0.015	-0.061	-0.218	-0.79	-1.354	-0.211	-2.829	-2.745	-1.906	-3.035	-2.772	-2.46
"YOR209C"	0.054	-0.006	-0.145	-0.127	0.048	-0.241	-0.281	-0.519	-1.879	-0.84	-1.275	-1.5995	-2.998	-6.004	-1.3455	-1.865	-1.647	-0.021	-1.897	-2.681	-2.954	-0.058	0.638	0.118	0.255	0.087	-0.657	-2.517	-2.034	-1.933	-1.699	-1.928	-1.39
"YOR293W"	0.56	0.618	0.276	0.002	0.264	-0.142	-1.238	-2.307	-4.155	-3.7615	-3.19	-2.996	-2.7875	-4.496	-3.442	-3.1085	-3.0195	0.626	-1.856	-2.041	-3.118	0.086	-0.069	-0.797	-0.852	-1.727	0.402	-3.53	-3.262	-3.205	-3.853	-3.23	-2.89
"YOR323C"	0.242	-0.22	0.239	-0.089	0.183	0.381	-0.476	-0.681	-2.5575	-1.7105	-1.401	-1.757	-4.2845	-6.434	-1.9425	-2.061	-2.106	0.064	-2.742	-3.497	-3.428	-0.369	0.499	0.534	0.085	0.644	-0.328	-2.366	-2.03	-1.94	-1.927	-1.64	-1.589
"YOR369C"	0.729	0.688	0.729	0.24	-0.275	0.233	-1.267	-2.175	-3.6225	-4.255	-3.641	-2.7865	-3.724	-6.5475	-3.0405	-3.6415	-3.752	0.649	-2.456	-2.662	-3.502	-0.359	-0.444	-0.414	-0.214	-0.952	1.963	-3.362	-2.395	-1.842	-3.032	-3.003	-2.641
"YPL001W"	-0.1	-0.551	-0.325	-0.656	-0.025	-0.726	0.629	0.495	-2.5215	-1.1445	-0.9545	-1.711	-1.671	-4.084	-0.74	1.0905	-0.654	-0.205	-1.427	-1.38	-1.844	0.27	0.099	0.264	0.63	-0.72	0.597	-2.477	-1.456	-0.855	-2.386	-2.21	-1.256
"YPL142C"	0.366	0.244	0.579	0.211	-0.164	0.436	-1.35	-2.066	-3.1395	-2.973	-2.7515	-2.2525	-3.5865	-5.604	-2.825	-3.3035	-2.8235	0.55	-2.148	-2.632	-2.979	0.091	0.557	-0.876	-1.038	-1.825	0.412	-3.763	-3.021	-2.696	-3.677	-3.278	-2.971
"YPL143W"	0.549	0.365	0.206	0.423	-0.264	0.02	-0.867	-2.019	-4.4445	-3.3605	-3.232	-3.2955	-3.35	-5.0395	-3.0685	-3.1305	-2.7815	0.558	-1.391	-1.972	-2.941	-0.106	-0.187	-0.693	-0.048	-1.566	0.317	-2.893	-2.234	-1.996	-3.13	-2.792	-2.506
"YPL198W"	0.77	0.209	0.534	0.242	0.332	0.329	-1.23	-2.129	-4.269	-3.194	-2.836	-2.46	-4.3605	-6.879	-3.4825	-3.3185	-3.022	0.533	-2.487	NaN	-3.133	-0.291	0.47	0.081	-0.177	-0.927	1.156	-4.2325	-3.528	-3.0615	-3.4955	-4.5575	-2.68
"YPR009W"	0.238	0.094	-0.005	-0.164	0.248	0.054	0.378	0.065	-2.334	-1.067	-0.7365	-1.2485	-2.5965	-4.371	-0.74	-0.7415	-0.373	0.345	-1.882	-1.734	0.747	-0.174	0.105	-0.041	-0.101	NaN	-0.21	-1.185	-1.188	-0.679	-1.687	-1.524	-1.083
"YPR132W"	0.163	0.263	0.066	-0.239	0.16	0.034	-1.022	-2.014	-2.849	-3.586	-3.351	-1.806	-3.1925	-5.805	-2.5895	-3.048	-2.967	0.565	-1.968	-2.388	-3.151	-0.03	-0.276	-0.429	0.071	0.136	0.951	-2.884	-2.466	-2.174	-2.903	-2.829	-2.063
"YPR169W"	0.386	0.118	0.217	-0.048	-0.051	0.048	-0.119	-0.578	-1.142	-1.012	-0.574	-0.557	-1.3815	-3.2805	-0.772	-0.4525	-0.627	0.121	-1.098	-1.492	-1.764	0.43	-0.046	-0.464	0.07	0.497	-0.23	-2.139	-0.513	-0.822	-1.863	-1.666	-1.169
