	"854.YPD_6_h_30C"	"855.YPD_8_h_30C"	"856.YPD_10_h_30C"	"857.YPD_12_h_30C"	"860.YPD_3_d_30C"	"861.YPD_5_d_30C"	"942.starv_in_H2O_1_h_30C"	"943.starv_in_H2O_2_h_30C"	"944.starv_in_H2O_4_h_30C"	"978.wt_plus_gamma_20_min"	"979.wt_plus_gamma_30_min"	"1012.YPD 12 h (25C)"	"1014.YPD 2 d (25C)"	"1015.YPD 3 d (25C)"	"1016.YPD 5 d (25C)"	"1017.YPD 7 d (25C)"	"1018.YPD 13 d (25C)"	"1167.NBW7 strain low-Pi vs. High-Pi, exp.1"	"1172.pho80 mutant vs wild type"	"1173.PHO4c vs. wild type"	"1300.DBY7286 Low-Pi vs. High-Pi"	"1301.PHO81c vs. wild type, exp.2"	"4872.1M sorbitol - 60 min"	"11466.yO1 test hyb"	"12739.Nitrogen Depletion 30 min."	"21631..24 mM H2O2- 190 minutes"	"30773.Pomona/Brown Sir3x red"	"34360.batch 02X25 4"	"38154.03II01 batch p10"	"40965.MD_II_28_min"
"YAL003W"	-3.002	-2.293	-1.77	-1.277	-3.377	-3.392	-1.574	-1.869	-2.462	-0.74	-0.8265	-2.8395	-1.7845	-1.6755	-1.314	-1.8955	-1.8	0.278	0.149	0.028	0.011	0.016	-0.182	-1.776	-1.3655	0.18	0.094	-1.778	-0.949	0.454
"YAL035W"	-2.9955	-1.8465	-1.056	-1.6975	-2.5615	-3.6215	-1.3835	-1.5975	-1.6735	0.212	0.258	-3.02066666666667	-2.06233333333333	-2.29966666666667	-2.08033333333333	-1.92533333333333	-2.48066666666667	0.229	0.041	0.543	0.471	0.77	-0.260333333333333	-1.714	-0.994666666666667	0.193	0.155	-0.452	-0.894	0.88
"YAR074C"	-1.997	-2.524	-2.203	-1.916	-3.038	-2.968	-2.027	-2.048	-1.315	0.4915	0.9565	-1.803	-1.862	-2.226	-1.293	-1.8415	-2.013	-0.05	0.33	0.741	0.208	0.641	-0.161	-1.176	-1.5195	0.045	-0.272	-1.336	-1.581	-1.007
"YBL077W"	-3.41	-2.161	-1.694	-1.571	-3.136	-5.081	-2.763	-2.285	-2.607	-0.5025	-0.43	-2.792	-2.0335	-2.345	-2.816	-3.3595	-3.1945	0.055	0.127	0.023	0.079	0.159	0.0635	-1.547	-0.8755	-0.495	0.115	-1.204	-0.825	-0.103
"YBL087C"	-3.104	-2.44	-2.157	-1.789	-2.104	-2.516	-2.924	-3.187	-2.618	-0.6825	-0.8265	-2.933	-2.2155	-2.156	-1.5975	-2.161	-2.357	0.006	-0.081	-0.612	-0.392	-0.246	0.196	-1.4515	-1.4945	0.1885	-0.278	-1.612	-1.915	-1.1925
"YBL092W"	-3.458	-3.598	-2.824	-2.394	-2.896	-5.158	-3.0	-2.812	-2.665	-0.825	-0.868	-3.5865	-2.153	-2.4445	-1.726	-2.74	-2.8475	0.285	0.562	-0.983	-0.05	-0.053	0.097	-1.555	-1.251	0.196	0.092	-1.066	-2.182	-0.257
"YBR036C"	1.088	1.208	1.228	1.097	0.244	-0.955	0.508	0.596	0.181	-0.0905	0.1765	1.578	0.815	1.0185	1.593	1.466	1.0845	-0.074	-0.146	-0.037	-0.394	-0.109	-0.2575	0.327	0.137	0.28	0.126	0.425	0.701	-0.484
"YBR048W"	-3.385	-2.4795	-2.968	-2.171	-3.0195	-5.0065	-3.0685	-3.137	-3.295	-0.827333333333333	-0.792333333333333	-4.66033333333333	-2.77266666666667	-2.738	-2.849	-3.15166666666667	-3.929	-0.196	-0.099	-0.245	-0.467	-0.331	0.190666666666667	-2.013	-1.14866666666667	-0.00566666666666667	-0.118	-1.681	-1.783	-0.043
"YBR084W"	-4.143	-3.145	-3.201	-2.722	-4.365	-5.362	-2.317	-2.197	-1.44	-1.1045	-0.711	-2.3585	-1.9025	-2.592	-1.934	-2.75	-2.725	0.474	0.062	0.214	-0.603	-0.073	-0.015	-2.65	-0.819	-0.438	0.193	-1.73	-1.48	-0.534
"YBR121C"	-2.66	-1.84	-1.582	-1.543	-4.037	-5.791	-2.317	-1.95	-2.366	-0.654	-0.7395	-3.2385	-2.416	-3.155	-4.1355	-4.173	-4.5985	-0.015	0.551	0.407	0.166	0.495	-0.1215	-2.249	-1.068	-0.085	0.12	-0.861	-0.366	0.018
"YBR181C"	-3.762	-3.149	-2.554	-2.265	-3.798	-4.564	-3.3	-3.365	-3.159	-0.468	-0.683	-5.0305	-2.493	-2.7035	-2.654	-2.96	-3.945	0.088	0.143	-0.459	-0.329	-0.318	0.2295	-2.337	-0.724	0.1875	-0.0605	-1.982	-1.888	-1.554
"YBR191W"	-3.54	-3.222	-3.049	-2.249	-3.167	-5.241	-3.152	-3.411	-2.563	-0.925	-0.989	-4.5465	-2.496	-2.5175	-2.3795	-2.6255	-3.136	0.079	0.013	-0.707	-0.409	-0.289	0.1555	-1.3105	-1.667	-0.004	-0.1725	-1.925	-1.935	-0.304
"YCL037C"	-4.172	-2.907	-2.398	-3.02	-2.555	-3.932	-2.218	-1.842	-1.711	-0.654	-0.293	-3.1075	-2.8585	-3.054	-2.457	-2.4225	-2.617	0.386	0.248	-1.229	-0.426	0.378	-0.06	-2.864	-1.6815	-0.552	0.295	-0.905	-1.682	-0.815
"YCR038C"	1.161	0.777	0.856	1.394	-1.096	-1.681	0.562	0.713	0.967	0.026	-0.278	0.7135	0.968	0.922	0.158	-0.172	0.0625	0.108	0.034	0.192	0.546	0.545	0.0825	0.404	0.2105	0.302	0.129	-0.609	0.382	0.628
"YDL051W"	-3.639	-2.402	-2.024	-1.821	-2.856	-3.563	-2.198	-1.985	-2.131	-0.458	-0.593	-2.973	-1.892	-1.804	-1.557	-2.325	-2.819	-0.035	0.137	-0.487	-0.915	-0.339	0.163	-1.28	-1.449	-0.006	0.14	-1.373	-1.13	0.43
"YDL075W"	-2.825	-3.453	-2.828	-2.896	-2.581	-3.777	-2.009	-2.729	-1.791	-0.372	-0.649	-3.016	-2.472	-2.785	-2.433	-1.878	-3.427	0.227	0.375	-0.742	-0.974	-0.343	-0.084	-2.554	-0.992	0.08	-0.1475	-2.081	-1.374	0.4305
"YDL083C"	-3.139	-3.706	-3.045	-3.08	-3.106	-3.908	-3.133	-3.246	-3.0	-0.552	-0.643	-2.474	-2.301	-2.71	-2.252	-2.052	-3.014	-0.087	0.362	-0.308	-2.102	0.002	-0.076	-2.197	-1.797	0.032	-0.263	-1.937	-1.601	0.222
"YDR025W"	-3.904	-3.548	-3.252	-2.573	-3.393	-6.697	-3.357	-3.356	-3.471	-0.896	-0.834	-4.504	-1.915	-2.886	-2.503	-2.895	-3.518	-0.048	0.505	-0.141	0.446	-0.037	-0.035	-1.7675	-1.529	-0.0015	-0.1195	-1.818	-1.535	0.015
"YDR037W"	-4.313	-3.427	-3.607	-3.146	-4.551	-5.224	-3.226	-2.505	-2.756	-0.632	-0.297	-1.971	-2.681	-2.313	-2.916	-3.368	-3.772	-0.155	0.653	0.041	-0.406	-0.076	-0.13	-2.523	-0.541	-0.25	0.185	-1.67	-1.915	0.394
"YDR064W"	-3.874	-3.241	-2.585	-2.577	-3.761	-5.03	-3.208	-3.138	-2.511	-0.329	-0.803	-3.65	-2.718	-2.943	-2.527	-2.531	-3.199	-0.285	-0.112	-0.482	-0.506	-0.388	-0.36	-1.996	-1.917	-0.4425	-0.4825	-2.475	-1.898	0.3425
"YDR101C"	-4.306	-3.203	-3.082	-2.55	-4.145	-4.667	-3.385	-2.743	-1.752	-1.183	-0.743	-2.52	-1.96	-2.252	-2.862	-3.177	-3.516	-0.128	-0.047	0.04	-0.887	-0.081	0.107	-2.013	-2.077	-0.528	-0.103	-1.941	-2.303	-1.68
"YDR245W"	0.179	-1.6455	-1.349	-1.899	-1.932	-3.6715	-1.483	-1.5815	-1.5755	-0.5215	-0.471	-1.5075	-1.4085	-1.39	-1.7115	-2.2845	-2.201	-0.0335	0.1405	-0.1035	-0.1375	-0.3185	0.0415	-1.29866666666667	-0.0535	-0.436666666666667	0.155	-0.5935	-0.2635	-0.3885
"YDR277C"	2.397	2.377	2.388	2.097	3.712	3.975	3.116	3.287	2.556	0.185	0.141	2.28	2.071	2.921	2.764	3.981	3.816	-0.292	0.151	-0.362	1.502	-0.153	-0.002	1.765	-0.011	0.634	-0.313	-0.423	1.027	-0.804
"YDR284C"	2.017	1.49	0.929	0.991	-1.533	-1.912	0.528	-0.094	-0.342	0.417	0.458	1.47	0.387	0.425	-0.716	-0.73	-1.084	-0.062	0.034	0.117	0.597	0.318	0.083	0.426	0.533	0.072	-0.111	0.911	0.742	-1.625
"YDR341C"	-3.559	-2.27	-1.485	-1.763	-3.212	-5.262	-2.587	-2.171	-2.134	-1.163	-0.778	-2.942	-1.942	-2.263	-3.262	-3.294	-3.559	0.178	0.318	0.134	0.139	0.365	0.1	-1.562	-0.551	-0.185	0.213	-1.239	-1.139	0.272
"YDR417C"	-3.705	-2.778	-2.992	-2.407	-4.279	-5.062	-3.58	-3.209	-2.864	-1.06	-0.801	-4.223	-2.573	-2.986	-2.861	-3.022	-3.606	-0.213	0.327	-0.109	-0.273	-0.278	0.078	-2.149	-1.992	0.319	-0.093	-1.903	-1.276	0.082
"YDR447C"	-4.882	-3.934	-3.531	-3.26	-3.659	-5.332	-3.574	-3.565	-2.813	-0.86	-0.676	-4.249	-2.432	-2.817	-2.53	-2.625	-3.552	0.04	0.509	-0.816	-0.646	-0.57	0.176	-2.1165	-1.083	-0.0465	-0.285	-1.622	-1.595	-1.217
"YDR500C"	-2.796	-2.33	-2.289	-1.732	-2.587	-2.649	-2.364	-2.622	-2.006	-0.742	-0.5	-3.376	-1.925	-1.831	-1.422	-1.041	-2.16	0.077	-0.195	-0.51	-0.423	-0.247	-0.104	0.1945	-1.578	0.2205	-0.255	-1.558	-1.755	0.6985
"YEL009C"	0.378	1.491	1.25	1.067	1.316	-1.281	0.109	0.121	0.004	0.082	-0.09	1.294	1.018	1.047	1.254	0.823	-0.183	-0.111	0.514	0.02	0.102	0.136	-0.024	0.499	-0.046	0.028	0.0825	0.168	0.608	0.224
"YEL040W"	-3.201	-3.812	-3.508	-3.911	-3.786	-4.551	-2.739	-2.682	-3.347	-0.88	-0.609	-3.017	-4.461	-3.561	-3.111	-3.855	-3.066	-0.073	0.166	-0.07	-0.55	0.093	-0.591	-3.1215	-1.038	-0.4165	0.1445	-2.371	-1.564	-1.196
"YER074W"	-3.675	-3.209	-3.607	-2.262	-3.067	-3.854	-3.085	-3.135	-0.968	-0.814	-0.523	-5.146	-2.823	-2.735	-2.339	-2.829	-3.947	0.071	-0.093	-0.856	-0.3	-0.352	0.089	-2.253	-1.418	0.159	-0.336	-0.519	-0.314	0.468
"YER102W"	-3.932	-3.965	-3.177	-2.924	-3.64	-6.434	-3.101	-3.625	-3.37	-0.814	-0.72	-4.286	-2.613	-2.593	-2.579	-3.326	-3.859	-0.405	0.276	-0.08	-0.18	-0.151	0.299	-2.388	-1.178	0.326	0.011	-1.998	-1.112	0.803
"YER179W"	NaN	2.7	-2.0	NaN	1.807	NaN	NaN	NaN	1.0	0.472	0.406	1.424	0.823	0.147	1.15	1.151	0.568	-0.062	-0.512	0.12	0.778	0.413	0.008	0.4225	0.477	0.517	0.036	-0.526	-0.325	0.545
"YFR001W"	-1.395	-1.155	-1.321	-0.995	-2.138	-3.337	-1.717	-1.419	-1.062	-0.423	0.019	-2.122	-1.188	-1.741	-1.731	-2.216	-2.13	0.139	0.271	-0.675	-0.73	-0.117	0.206	-1.231	-0.455	-0.272	0.11	-1.012	-0.58	-0.642
"YFR031BC"	-4.567	-3.823	-3.84	-2.931	-4.702	-7.029	-3.328	-3.949	-3.594	-0.974	-0.887	-4.74	-2.521	-2.912	-3.164	-3.863	-4.146	-0.37	0.251	-0.155	-0.229	-0.064	-0.05	-2.438	-2.095	0.007	-0.147	NaN	NaN	NaN
"YGL030W"	-3.613	-2.888	-2.582	-1.861	-3.668	-5.484	-2.388	-2.751	-2.6	-0.763	-1.007	-3.284	-2.592	-2.534	-1.668	-2.044	-3.011	-0.106	-0.074	-0.485	-0.191	-0.102	-0.101	-1.6485	-2.023	0.035	-0.534	-1.372	-1.805	0.189
"YGL031C"	-3.366	-4.285	-3.732	-2.9	-3.683	-5.763	-3.041	-2.881	-3.063	-0.757	-0.681	-5.191	-2.475	-2.899	-2.92	-3.061	-3.473	0.12	0.255	-0.781	-0.155	-0.449	0.114	-2.655	-0.57	0.295	0.142	-1.277	-1.75	-0.245
"YGL051W"	1.242	1.323	0.735	0.431	-0.478	-1.216	0.227	0.275	-0.043	-0.117	0.162	1.533	0.908	0.984	0.69	0.316	0.096	0.048	0.033	0.031	0.412	0.432	-0.057	0.027	0.114	0.328	0.062	-0.017	0.647	-0.295
"YGL076C"	-3.969	-3.136	-2.73	-2.564	-3.976	-5.667	-3.32	-2.996	-2.857	-1.184	-1.012	-4.142	-2.568	-2.648	-2.836	-2.79	-3.782	-0.251	0.017	-0.297	-0.264	-0.231	-0.016	-1.8735	-1.62	0.157	-0.0315	-2.332	-1.751	0.2725
"YGL077C"	-2.268	-0.218	-0.644	-1.05	-3.716	-3.533	-0.962	-0.99	-1.313	-0.047	-0.457	-0.726	-1.683	-1.693	-2.529	-2.903	-2.463	0.011	0.282	0.107	-0.068	-0.19	0.431	-1.243	-0.336	-0.117	0.251	-1.247	-0.087	-0.401
"YGL097W"	-1.806	-1.291	-1.065	-1.469	-3.311	-5.124	-1.704	-1.407	-1.338	-0.719	-0.424	-0.928	-0.786	-1.446	-1.203	-1.641	-1.241	-0.234	0.068	0.048	-0.327	-0.091	0.065	-1.755	-0.538	-0.335	0.389	-0.337	-0.752	-0.926
"YGL123W"	-3.781	-3.757	-3.726	-3.265	-4.004	-5.982	-4.112	-3.654	-3.701	-0.988	-0.955	-3.511	-2.414	-2.278	-2.388	-2.65	-3.558	-0.336	0.348	0.078	-0.086	-0.033	0.027	-2.357	-1.745	0.356	0.216	-1.729	-1.46	-0.378
"YGL148W"	-3.561	-2.137	-1.719	-1.873	-2.826	-3.915	-2.983	-2.53	-2.64	-0.898	-0.863	-2.555	-2.049	-2.327	-1.666	-1.996	2.781	-0.059	-0.053	-0.049	-0.038	0.302	0.038	-2.275	-0.945	-0.301	0.018	-1.847	-0.892	0.399
"YGL157W"	-3.669	-4.154	-3.753	-4.456	-3.578	-6.107	-1.481	-1.996	-1.999	0.472	0.673	-1.941	-2.738	-2.628	-2.488	-2.817	-3.666	-0.055	0.273	0.224	0.93	0.608	0.279	-2.632	1.016	0.656	-0.128	-0.109	-0.928	0.204
"YGR034W"	-3.922	-3.172	-3.096	-2.637	-3.052	-6.281	-3.268	-2.935	-2.282	-0.803	-0.804	-3.635	-2.022	-2.01	-1.301	-1.401	-2.48	0.384	-0.031	0.203	-0.193	0.344	0.049	-1.469	-1.611	-0.153	-0.694	-0.146	-1.784	-0.075
"YGR085C"	-3.713	-3.301	-2.511	-2.202	-3.406	-6.059	-3.071	-3.255	-3.013	-0.672	-0.661	-4.359	-2.625	-2.77	-3.306	-3.54	-4.179	0.027	-0.182	0.027	0.365	0.283	0.278	-2.156	-1.073	-0.292	0.177	-1.736	-1.448	-0.239
"YGR148C"	-3.45	-3.596	-3.464	-3.033	-3.884	-5.757	-3.141	-3.011	-2.956	-0.684	-0.673	-5.063	-2.508	-2.896	-3.022	-3.649	-4.092	0.13	0.174	-0.927	-0.289	-0.475	0.022	-2.7095	-0.573	0.2	0.117	-1.221	-0.946	-0.018
"YGR185C"	-3.192	-1.697	-1.695	-1.31	-5.306	-6.361	-1.442	-1.736	-2.6	-0.79	-0.709	-2.754	-2.531	-2.944	-4.576	-4.871	-5.006	-0.163	0.125	-0.196	-0.076	0.107	0.181	-2.438	-0.288	0.261	0.247	-1.353	-0.217	0.325
"YGR228W"	-0.989	-1.174	-0.93	-1.867	-3.591	-3.357	-1.584	-1.333	-2.083	-0.212	-0.094	-2.018	-1.636	-2.0	-1.052	-2.915	-2.078	0.075	0.418	-0.086	0.076	0.466	0.034	-0.946	0.102	-0.228	-0.588	-0.176	0.661	0.704
"YGR229C"	-0.832	-0.57	-0.382	-0.754	-2.847	-4.256	-1.104	-1.1	-1.987	0.153	0.153	-1.823	-1.569	-1.658	-2.401	-2.58	-3.391	-0.145	0.018	-0.037	-0.15	-0.033	0.076	-1.347	0.104	-0.244	0.164	-0.881	-0.191	-0.143
"YGR234W"	-2.039	2.015	1.269	0.337	-3.567	-3.847	-1.833	-0.67	-1.031	-1.177	-0.93	-1.598	-2.118	-3.518	-3.826	-4.345	-4.526	0.247	1.111	0.093	0.755	0.703	-0.767	-1.864	-0.781	0.542	0.153	-0.105	0.708	-0.878
"YGR239C"	-0.44	1.991	1.916	1.295	-0.696	-2.321	-0.306	0.05	1.754	0.0	0.197	1.245	0.19	0.7	2.298	4.067	1.467	-0.013	-0.826	-0.128	-0.078	-0.054	-0.046	0.183	0.408	0.113	0.145	-0.408	1.111	0.448
"YGR264C"	-3.787	-2.696	-3.156	-3.156	-5.206	-4.616	-3.505	-3.321	-2.811	-1.001	-0.645	-3.897	-2.707	-3.468	-4.623	-4.957	-4.753	-0.072	0.166	0.162	-0.388	-0.101	-0.079	-2.468	-1.342	-0.521	0.669	-2.494	-0.831	-0.165
"YHR068W"	-3.316	-2.566	-2.252	-2.251	-4.28	-6.532	-2.873	-2.52	-2.526	-0.85	-0.676	-2.945	-1.927	-2.429	-2.724	-3.669	-3.425	-0.125	-0.257	0.215	0.145	0.309	0.241	-2.29	-0.905	0.142	0.103	-2.232	-1.183	0.367
"YHR123W"	-1.168	-0.611	-0.799	-1.05	-3.763	-4.132	-1.118	-1.492	-1.439	-0.248	-0.486	-2.216	-1.965	-2.024	-2.917	-2.775	-2.647	0.1	0.183	-0.267	0.196	0.181	0.254	-1.21	-0.303	0.14	0.095	-1.184	-1.017	0.59
"YHR141C"	-2.32	-2.364	-2.143	-1.635	-2.472	-3.64	-2.31	-2.677	-2.575	-0.323	-0.47	-2.888	-1.753	-1.569	-1.819	-1.838	-2.014	-0.044	-0.396	-0.854	-0.557	-0.507	0.039	-1.582	-1.283	0.012	-0.321	-1.228	-1.609	-0.699
"YHR163W"	-1.664	-2.277	-2.022	-1.925	-2.869	-4.663	-1.13	-0.699	-1.832	-0.475	-0.352	-0.834	-1.314	-1.439	-0.397	-2.471	-2.366	-0.173	0.276	0.231	0.071	0.045	-0.216	-1.939	0.036	0.083	0.093	-0.998	-0.904	-0.889
"YHR203C"	-3.926	-2.827	-3.148	-2.671	-3.782	-5.944	-3.917	-3.774	-3.412	-1.14	-0.981	-4.669	-2.437	-2.591	-2.575	-3.081	-3.941	-0.367	0.079	-0.034	-0.289	-0.091	0.264	-2.302	-1.168	0.363	0.138	-2.05	-1.066	-0.071
"YIL052C"	-3.856	-3.261	-2.954	-2.61	-2.895	-6.278	-2.82	-2.793	-2.559	-0.793	-0.819	-4.174	-2.271	-2.546	-2.162	-2.5	-3.158	0.126	0.386	-0.73	-0.151	-0.126	0.24	-1.743	-0.844	0.112	-0.255	-1.331	-2.032	-0.295
"YIL078W"	-2.907	-2.075	-2.018	-2.219	-5.192	-6.059	-2.282	-2.288	-2.5	-0.178	-0.509	-3.786	-2.436	-3.226	-4.41	-4.902	-4.944	0.181	0.117	0.233	-0.087	0.437	0.141	-2.348	-0.463	-0.436	0.351	-0.96	-0.364	0.201
"YIL177C"	0.798	0.724	0.402	0.572	0.482	-1.105	-0.459	-0.249	0.211	0.215	0.321	0.727	0.923	0.407	1.533	1.328	1.678	0.529	0.223	0.223	0.487	0.736	-0.124	0.683	-0.352	-0.366	-0.522	-0.0705	0.426	NaN
"YJL080C"	-2.655	-2.64	-1.679	-1.79	-3.029	-3.232	-1.693	-1.793	-1.545	-0.123	-0.127	-2.248	-2.293	-2.334	-2.401	-2.866	-3.001	0.285	0.318	0.289	0.139	0.189	0.026	-1.086	-0.816	-0.443	0.064	-0.637	-0.95	0.038
"YJL177W"	-4.132	-3.846	-3.2	-2.981	-3.255	-5.49	-3.409	-3.772	-3.428	-1.067	-0.871	-5.074	-2.525	-2.421	-1.768	-2.278	-2.905	0.11	0.206	-0.537	-0.215	-0.366	0.25	-2.348	-1.477	0.224	-0.127	-1.853	-1.743	-1.183
"YJL189W"	-3.545	-2.317	-2.319	-2.282	-2.901	-4.28	-2.446	-2.278	-1.716	-0.396	-0.393	-3.49	-1.78	-2.141	-1.577	-2.282	-2.837	0.038	0.103	-0.934	-0.462	-0.374	-0.058	-1.034	-0.955	-0.202	-0.775	-1.14	-1.465	-0.303
"YJL190C"	-3.794	-3.553	-3.267	-2.958	-3.585	-6.079	-3.969	-3.744	-3.536	-0.793	-0.897	-4.469	-3.105	-3.227	-2.941	-3.365	-3.524	0.086	-0.025	-0.375	-0.099	-0.081	0.048	-2.43	-2.107	-0.154	0.084	-2.045	-2.179	-1.193
"YJL191W"	-3.452	-1.944	-1.991	-1.784	-2.009	-3.556	-2.533	-2.223	-1.537	-0.953	-0.745	-2.213	-1.749	-1.921	-0.939	-1.399	-2.138	-0.168	0.186	-0.298	-0.204	-0.081	0.078	-0.482	-1.951	-0.106	-0.498	-1.172	-1.517	-0.975
"YJR003C"	-2.372	-2.025	-1.727	-1.346	-2.48	-3.457	-1.107	-1.02	-0.552	-0.791	-0.467	-2.02	-0.824	-0.91	-2.176	-2.349	-2.42	-0.259	-0.174	-0.055	-0.688	-0.219	-0.218	-0.882	-0.693	-0.395	0.136	-0.651	-0.397	-1.603
"YJR007W"	-2.169	-1.704	-1.629	-2.107	-3.21	-8.057	-1.588	-1.339	-1.824	-0.579	-0.524	-1.755	-1.848	-2.051	-2.909	-3.009	-3.616	0.096	0.531	-0.174	-0.019	0.115	-0.054	-1.685	-0.563	-0.433	-0.02	-0.767	-0.572	0.64
"YJR145C"	-4.507	-3.488	-3.177	-2.731	-3.54	-6.528	-3.551	-3.547	-3.597	-0.926	-0.706	-4.857	-2.396	-2.336	-2.519	-3.105	-3.178	-0.172	-0.043	0.052	-0.36	-0.065	0.381	-2.312	-1.214	-0.217	0.106	-1.724	-1.447	-1.104
"YJR147W"	-1.529	0.213	-1.754	-0.347	-2.408	-1.534	-0.361	-0.682	-0.75	-0.714	-0.791	-0.878	-0.915	-1.514	-0.198	-0.553	-0.503	0.511	-0.518	0.365	-0.064	0.407	0.031	-0.747	-0.475	0.011	0.094	-0.708	0.153	-1.219
"YKL006W"	-4.299	-3.901	-3.389	-2.854	-2.835	-5.113	-3.049	-3.027	-2.997	-0.831	-0.665	-4.545	-2.442	-2.791	-1.939	-2.29	-2.843	-0.003	0.042	-0.306	-0.259	-0.277	0.2	-2.458	-1.774	0.283	-0.795	-1.683	-2.032	0.721
"YKL021C"	-2.005	-1.086	-1.265	-0.931	-2.503	-3.469	-1.026	-1.339	-1.103	-0.307	-0.058	-2.158	-1.655	-1.492	-2.25	-2.126	-2.619	-0.105	0.023	-0.175	-0.519	0.056	-0.065	-1.502	-0.688	0.149	-0.11	-0.86	-0.521	-0.08
"YKL056C"	-3.205	-2.603	-3.118	-2.355	-3.426	-5.119	-1.914	-2.359	-2.371	-0.458	-0.491	-2.468	-1.741	-2.281	-2.754	-3.265	-3.483	-0.357	0.398	0.139	-0.103	0.253	0.072	-1.777	-1.371	-0.028	0.125	-0.479	-1.135	0.098
"YKL072W"	-4.227	-2.337	-1.737	-2.396	-3.695	-3.566	-0.625	-0.835	-0.054	0.019	0.146	-1.052	-0.337	-0.796	-1.028	-1.93	-1.302	0.121	-0.221	-0.02	-0.171	-0.08	0.028	-0.11	0.16	-0.799	0.008	-0.49	-0.795	-1.391
"YKL081W"	-3.858	-3.184	-2.035	-2.096	-4.49	-5.155	-3.28	-3.157	-3.837	-0.598	-0.334	-3.635	-3.222	-3.654	-2.997	-2.811	-3.497	-0.326	-0.432	0.315	-0.341	0.485	-0.042	-2.502	-1.88	-0.007	0.208	-1.568	-1.242	1.007
"YKL172W"	-4.354	-2.219	-1.661	-1.733	-2.813	-5.305	-2.545	-1.257	-1.964	-0.491	-0.058	-3.248	-1.613	-2.079	-2.271	-2.723	-3.135	0.294	0.422	-0.812	-1.0	-0.01	0.34	-1.592	-0.523	-0.342	-0.124	-1.029	-1.836	-0.611
"YKR098C"	2.896	1.537	1.232	0.967	-2.481	-2.091	1.743	1.512	0.521	1.0	0.834	2.198	0.561	0.479	1.14	0.551	1.032	0.455	-0.245	0.263	-0.061	0.683	0.014	0.413	1.163	0.303	-0.063	NaN	-0.926	-1.135
"YLL044W"	-4.871	-3.525	-3.158	-2.869	-3.79	-6.48	-3.313	-3.031	-3.269	-1.128	-1.047	-3.872	-2.654	-2.736	-2.724	-3.494	-3.967	-0.082	0.509	-0.275	-0.05	-0.078	-0.086	-2.227	-1.532	0.374	0.202	-2.417	-2.756	-0.054
"YLL045C"	-3.851	-3.176	-2.506	-2.189	-3.857	-6.618	-3.169	-3.335	-3.185	-1.0	-0.929	-3.66	-2.604	-2.495	-2.943	-3.021	-3.731	-0.042	0.306	-0.157	-0.053	0.016	0.223	-2.165	-1.497	0.499	0.142	-2.053	-2.09	-0.483
"YLR008C"	-0.786	-0.359	-0.913	-1.359	-2.048	-2.631	-1.785	-1.066	-1.258	-0.252	0.042	-1.092	-1.736	-1.493	-1.242	-1.503	-2.347	-0.319	-0.722	-0.186	-0.264	-0.147	-0.364	-1.283	-0.481	-0.22	-0.421	-0.188	-0.101	0.746
"YLR061W"	-4.925	-4.297	-4.115	-3.603	-4.939	-6.591	-3.239	-3.818	-3.021	-0.752	-0.693	-4.326	-2.433	-2.88	-3.309	-3.833	-3.91	-0.033	-0.12	-0.182	-0.377	-0.326	0.078	-2.482	-1.581	-0.374	0.031	-1.487	-2.073	-0.26
"YLR062C"	-4.53	-4.418	-3.352	-3.067	-5.705	-6.896	-3.6	-3.985	-3.965	-1.052	-0.936	-4.96	-3.209	-3.706	-4.299	-4.293	-5.234	0.366	-0.081	-0.574	-0.086	-0.063	0.023	-2.675	-1.833	0.021	0.034	-1.905	-2.5	0.547
"YLR063W"	-4.309	-2.751	-2.588	-1.912	-3.764	-4.23	-1.564	-1.394	-0.882	-0.841	-0.594	-1.711	-1.498	-1.192	-1.891	-1.771	-1.06	-0.189	0.01	0.419	-0.638	0.662	-0.05	-0.911	-0.536	-0.619	-0.346	0.522	-1.169	-2.633
"YLR065C"	-1.734	-1.826	-1.451	-1.638	-1.93	-3.028	-1.082	-1.343	-1.411	-0.183	-0.354	-1.44	-1.07	-1.137	-1.477	-1.554	-1.642	-0.129	0.112	0.16	0.054	0.51	0.002	-0.712	-0.331	0.077	-0.089	-0.786	-0.14	-0.213
"YLR185W"	-4.508	-3.498	-3.001	-2.551	-2.578	-5.928	-2.94	-2.559	-2.616	-0.892	-0.824	-4.019	-2.136	-2.209	-2.015	-2.479	-3.065	-0.033	-0.353	0.25	0.29	0.086	-0.006	-2.023	-1.422	0.016	-0.133	-1.832	-1.615	0.569
"YLR264W"	-3.105	-2.523	-2.018	-1.862	-2.597	-5.152	-2.945	-2.94	-2.616	-0.574	-0.635	-3.525	-2.241	-2.158	-1.649	-2.334	-2.391	0.004	-0.201	-0.781	-0.223	-0.672	-0.175	-1.833	-1.622	-0.408	0.154	-1.505	-1.148	-0.802
"YLR333C"	-3.93	-3.067	-2.402	-2.401	-3.011	-5.863	-3.538	-3.334	-2.939	-0.68	-0.409	-4.032	-2.092	-2.057	-1.584	-2.45	-2.848	0.131	0.176	-0.63	-0.063	-0.101	0.246	-1.748	-1.209	0.245	-0.722	-1.107	-1.31	-0.154
"YLR342W"	-1.693	-0.732	-0.704	-0.653	-0.873	-2.686	-1.462	-1.154	-1.198	0.178	-0.008	-1.594	-1.693	-1.367	-1.208	-0.933	-1.564	-0.346	-0.675	-0.253	-0.165	0.253	0.268	-0.569	-0.996	-0.024	0.024	-0.3815	-1.3015	0.873
"YLR367W"	-3.848	-3.069	-3.283	-2.91	-2.78	-6.716	-3.055	-2.602	-2.335	-0.932	-0.821	-3.649	-2.591	-2.935	-2.165	-2.476	-3.007	0.004	0.38	-0.077	-0.145	-0.02	0.19	-1.95	-1.648	-0.169	0.097	-1.566	-2.019	0.105
"YLR448W"	-4.815	-3.882	-3.116	-3.083	-3.552	-5.971	-3.425	-3.454	-3.179	-0.98	-0.672	-4.891	-2.521	-2.621	-2.668	-3.192	-4.132	0.23	0.196	-0.466	-0.373	-0.048	0.011	-2.337	-1.514	0.279	-0.053	-1.946	-1.818	0.909
"YML106W"	-1.425	-0.881	-0.346	-0.774	-2.297	-3.649	-1.636	-1.809	-2.071	-0.469	-0.495	-1.366	-1.501	-1.583	-1.423	-1.467	-1.771	-0.186	-0.094	-0.246	0.018	-0.053	0.268	-0.025	-0.944	-0.143	0.074	-0.824	-1.111	-0.128
"YMR116C"	-3.012	-3.687	-4.292	-3.142	-4.551	-6.865	-2.937	-3.905	-3.535	-0.971	-1.092	-3.586	-2.851	-2.888	-2.906	-3.561	-4.003	-0.124	0.474	-0.07	-0.271	-0.379	-0.542	-2.539	-1.882	-0.287	0.168	-1.73	-2.236	-0.964
"YMR214W"	-1.431	-3.24	-2.045	-2.69	-4.239	-2.422	-1.585	-1.327	-0.361	0.235	0.188	-1.601	-1.17	-1.827	-1.377	-1.21	-0.98	-0.02	-0.214	-0.017	-0.182	0.397	0.061	-1.2915	-0.431	0.008	0.2115	0.21	-0.047	-0.226
"YMR235C"	-1.54	-1.45	-1.143	-1.493	-3.534	-5.187	-1.622	-1.883	-1.879	-0.101	0.167	-1.679	-2.046	-2.046	-2.838	-3.21	-3.756	-0.086	0.098	0.015	-0.043	-0.037	0.196	-1.782	0.4	-0.174	0.1645	-0.752	-0.039	0.179
"YMR242C"	-4.702	-3.631	-3.819	-3.001	-3.971	-6.226	-3.832	-4.338	-3.636	-0.792	-0.91	-4.84	-2.59	-3.004	-2.601	-3.133	-3.475	-0.057	0.087	-0.297	-0.418	-0.031	0.442	-2.4615	-1.243	0.216	0.1305	-1.905	-1.655	0.846
"YMR247C"	-1.184	-0.471	0.356	-0.257	-1.4055	-2.271	-0.701	-0.339	-0.286	0.0595	0.041	-1.0935	-1.069	-1.032	-2.104	-2.2935	-2.7345	-0.037	-0.081	-0.168	0.116	0.168	0.0375	-0.0393333333333333	-0.557	-0.0425	0.034	0.018	-0.116	0.4455
"YMR290C"	-5.132	-3.842	-3.455	-3.073	-3.509	-5.217	-3.243	-3.378	-2.625	-1.31	-1.005	-4.614	-3.295	-3.716	-3.219	-3.665	-2.938	0.01	0.392	0.054	-0.801	-0.052	-0.092	-2.957	-2.409	-0.372	0.1175	-2.21	-2.141	0.367
"YMR318C"	-2.436	-2.298	-2.292	-2.382	-3.467	-3.423	-1.463	-1.406	-1.826	0.736	0.535	-1.737	-3.398	-2.822	-2.227	-2.227	-2.879	-0.112	-0.632	0.36	-0.091	0.034	0.164	-1.814	0.17	0.149	0.254	-1.383	-1.112	-0.964
"YNL067W"	-4.019	-2.871	-2.193	-2.054	-2.84	-5.731	-2.866	-3.241	-2.399	-0.841	-0.909	-4.131	-2.506	-2.759	-1.884	-1.906	-2.76	-0.029	0.031	0.087	-0.322	-0.179	0.53	-1.5625	-1.214	-0.105	-5.0E-4	-1.875	-1.238	-1.301
"YNL069C"	-3.663	-3.006	-2.506	-1.993	-4.006	-4.824	-3.44	-3.85	-3.199	-0.81	-0.796	-4.269	-2.199	-2.466	-2.107	-2.509	-3.665	0.228	-0.062	-0.624	-0.36	-0.412	0.164	-2.137	-1.722	0.085	0.0335	-1.852	-1.996	-0.608
"YNL087W"	-1.855	-1.557	-0.896	-1.321	-1.605	-3.407	-1.34	-1.25	-1.432	0.176	0.074	-1.992	-2.327	-1.937	-1.983	-2.611	-2.819	0.428	-0.029	-0.095	0.241	0.153	0.132	-1.579	-0.559	-0.977	0.083	-0.464	-0.236	-0.302
"YNL089C"	-1.202	-0.797	-0.46	-0.924	-2.333	-2.142	-1.254	-1.218	-1.259	-0.102	-0.177	-0.686	-1.872	-1.565	-1.866	-1.819	-2.26	0.023	-0.031	-0.427	-0.011	-0.17	0.023	-0.868	0.237	0.143	0.1055	-0.395	-0.284	-0.27
"YNL096C"	-4.113	-3.765	-3.642	-3.235	-4.038	-6.106	-3.331	-3.045	-2.761	-1.289	-1.018	-4.716	-2.776	-3.041	-3.644	-4.096	-4.68	-0.04	0.037	-0.113	-0.267	-0.262	-0.057	-2.8625	-1.727	-0.082	0.112	-2.208	-1.178	-0.205
"YNL113W"	-5.347	-3.34	-2.736	-2.957	-2.537	-7.034	-3.971	-2.612	-1.964	-0.553	-0.369	-3.24	-1.673	-1.782	-1.889	-2.222	-2.123	-0.242	0.177	-0.342	-1.058	-0.445	-0.176	-1.302	-0.959	-0.407	-0.0015	-1.817	-1.645	0.357
"YNL153C"	-0.54	-1.355	-0.952	-0.942	-2.968	-3.338	-1.165	-1.382	-1.461	-0.165	-0.45	-1.544	-1.594	-1.341	-1.523	-2.302	-1.649	-0.195	-0.044	-0.406	-0.286	-0.067	-0.096	-1.5535	0.254	-0.692	0.089	-0.291	-0.649	-0.245
"YNL162W"	-3.953	-3.395	-3.14	-2.838	-2.858	-6.425	-2.86	-2.872	-2.421	-0.684	-0.539	-3.999	-2.0	-2.0	-1.742	-2.487	-3.468	-0.316	-0.258	-0.571	-0.657	-0.633	-0.03	-1.852	-1.582	0.04	-0.5945	-0.901	-1.809	0.198
"YNL178W"	-4.244	-3.755	-3.785	-3.505	-4.338	-6.62	-3.239	-3.307	-3.272	-1.098	-1.14	-4.97	-2.899	-2.981	-2.958	-3.483	-3.871	-0.118	0.241	-0.413	-0.421	-0.041	0.438	-2.479	-1.057	-0.404	0.2625	-1.799	-2.545	0.103
"YNL181W"	0.41	0.31	0.37	0.351	-1.86	-3.847	-0.44	-0.254	-0.606	0.606	0.57	-0.26	-0.753	-0.888	-1.588	-2.16	-1.612	-0.171	-0.138	-0.156	0.058	0.192	-0.046	-0.455	0.626	0.295	0.226	0.183	0.576	0.471
"YNL183C"	1.252	1.503	1.406	1.226	1.403	1.899	0.786	0.932	0.775	0.734	0.196	1.487	0.977	1.718	1.194	0.858	0.745	0.037	-0.077	0.286	0.918	0.548	-0.13	0.9425	1.243	0.002	0.308	0.245	0.641	-0.576
"YNL303W"	-2.545	-2.523	-2.68	-1.903	-2.836	-3.619	-2.1	-2.56	-1.485	-0.964	-1.199	-2.672	-2.383	-2.466	-2.533	-2.398	-3.2	-0.014	-0.239	-0.241	-0.134	-0.109	-0.411	-1.139	-1.524	0.399	0.062	-1.099	-1.551	1.094
"YOL060C"	1.314	3.0615	1.4245	1.329	1.706	-0.201	0.7185	0.618	1.1465	0.679	0.35	0.843	0.962	1.259	1.212	2.259	1.423	0.392	-0.751	-0.017	0.102	0.127	-0.074	0.775	0.354	0.773	0.38	-0.526	0.875	0.458
"YOR220W"	3.7725	2.959	2.657	2.843	4.0665	3.0645	3.113	2.4945	2.2515	-0.389	-0.089	3.838	2.692	2.751	3.747	4.082	3.593	0.015	-0.343	0.144	0.443	0.941	-0.504	1.74	0.805	0.772	0.15	1.672	1.838	-1.251
"YOR293W"	-4.155	-3.7615	-3.19	-2.996	-2.7875	-4.496	-3.442	-3.1085	-3.0195	-0.949	-0.863	-4.233	-2.533	-2.507	-1.856	-2.041	-3.118	0.086	0.102	-0.797	-0.49	-0.6	-0.036	-1.85	-1.601	0.057	0.035	-1.762	-1.809	-0.372
"YOR312C"	-3.8645	-3.381	-2.919	-2.263	-3.3005	-4.8175	-2.99	-3.177	-3.0	-0.784	-0.674	-4.638	-2.511	-2.402	-2.039	-1.569	-3.224	0.081	-0.093	-0.549	-0.474	-0.529	0.298	-1.883	-1.289	0.182	-0.008	-1.564	-1.926	0.493
"YOR369C"	-3.6225	-4.255	-3.641	-2.7865	-3.724	-6.5475	-3.0405	-3.6415	-3.752	-1.055	-1.05	-3.998	-2.858	-2.986	-2.456	-2.662	-3.502	-0.359	0.288	-0.414	-0.263	-0.168	0.217	-2.309	-1.697	-0.348	-0.123	-2.121	-3.043	-0.92
"YPL050C"	-1.673	-1.242	-0.8915	-1.0575	-2.2165	-4.275	-1.6985	-1.5115	-1.9345	-0.077	-0.366	-1.498	-1.195	-1.188	-1.143	-1.8	-1.614	0.117	-0.067	-0.298	-0.238	-0.316	-0.158	-0.945	-0.042	-0.113	0.0	-0.829	-0.229	0.084
"YPL079W"	-4.616	-4.1965	-3.787	-3.3525	-3.892	-6.4765	-3.085	-3.172	-3.0255	-1.163	-1.097	-4.735	-2.741	-3.087	-3.015	-3.498	-4.547	-0.109	-0.072	-0.757	-0.616	-0.692	0.031	-1.673	-1.506	0.053	-0.574	-1.449	-1.662	-0.431
"YPL081W"	-4.5065	-3.3595	-3.199	-3.083	-3.4025	-6.801	-2.5355	-2.916	-2.428	-0.591	-0.444	-4.022	-2.849	-2.929	-2.789	-2.909	-3.725	-0.143	-0.194	-0.415	-0.531	-0.656	0.099	-1.844	-1.583	-0.048	-0.095	-1.902	-1.555	-1.297
"YPL090C"	-3.9615	-3.256	-2.7785	-2.4215	-4.364	-6.197	-3.398	-3.223	-3.3795	-0.836	0.347	-5.307	-2.833	-2.954	-3.292	-3.309	-4.719	0.147	0.056	-0.396	-0.373	-0.288	-0.045	-2.061	-1.184	0.325	0.123	-1.747	-1.851	-0.26
"YPL142C"	-3.1395	-2.973	-2.7515	-2.2525	-3.5865	-5.604	-2.825	-3.3035	-2.8235	-0.55	-0.641	-4.155	-2.303	-2.376	-2.148	-2.632	-2.979	0.091	-0.18	-0.876	-0.295	-0.314	0.2	-2.011	-1.409	0.152	0.142	-1.359	-1.942	-0.643
"YPL143W"	-4.4445	-3.3605	-3.232	-3.2955	-3.35	-5.0395	-3.0685	-3.1305	-2.7815	-0.807	-1.074	-4.372	-2.155	-2.195	-1.391	-1.972	-2.941	-0.106	0.171	-0.693	-0.474	-0.332	0.005	-2.07	-1.751	0.165	-0.161	-1.325	-2.05	0.37
"YPL198W"	-4.269	-3.194	-2.836	-2.46	-4.3605	-6.879	-3.4825	-3.3185	-3.022	-0.838	-0.799	-3.875	-2.227	-2.449	-2.487	NaN	-3.133	-0.291	0.066	0.081	-0.253	-0.235	-0.237	-1.633	-1.576	-0.214	0.206	-2.0715	-2.162	-0.557
"YPL230W"	5.7835	4.1855	4.254	4.299	6.6385	4.1485	4.669	3.9765	3.797	0.75	0.803	4.417	4.16	3.897	5.844	6.611	5.087	0.251	-0.137	0.178	0.313	0.055	-0.203	2.633	0.704	0.564	0.099	2.588	2.406	0.032
"YPL231W"	-2.83233333333333	0.570666666666667	-0.487666666666667	-0.570666666666667	-0.832	-3.48	-0.9435	-0.433	-0.405	0.1765	-0.0385	-1.1255	-0.7695	-0.6705	-0.892	-1.4855	-1.278	-0.199	0.018	-0.028	-0.112	-0.172	-0.192	-1.188	-0.593	0.045	-0.118	-0.058	0.4725	-0.629
"YPL235W"	-0.842666666666667	-1.108	-1.02966666666667	-1.09866666666667	-0.762333333333333	-3.62066666666667	-0.891333333333333	-0.818666666666667	-1.12333333333333	-0.4425	-0.3415	-1.209	-1.0275	-1.3	-1.5825	-1.8145	-2.0025	-0.566	0.082	0.388	0.298	0.244	-0.3475	-0.9125	0.207	-0.2585	-0.05	-0.073	0.3225	-0.7915
"YPL237W"	-2.6285	-1.9335	-2.0395	-2.3465	-2.875	-5.7585	-1.791	-1.39	-1.8945	-0.369	-0.393	-2.288	-1.817	-1.927	-2.006	-2.44	-3.024	-0.163	-0.072	-0.079	0.093	-0.387	0.071	-1.537	0.225	0.239	-0.081	-0.716	-0.317	0.27
"YPL238C"	-1.898	-1.7665	-1.5655	-1.85	-2.431	-4.788	-1.551	-1.391	-0.8025	-0.299	-0.29	-2.451	-2.037	-1.989	-1.843	-2.517	-2.586	0.274	0.013	-0.247	-0.223	-0.434	-0.219	-2.063	0.061	0.101	0.08	-0.594	-0.694	0.507
"YPL245W"	-2.523	-2.6785	-2.5975	-2.684	-3.98	-3.717	-1.167	-1.9545	-1.596	-0.664	-0.739	-0.908	-1.32	-1.548	-0.959	-2.016	-1.767	-0.279	-0.004	0.166	-0.004	0.666	-0.197	-1.34	-0.627	-0.799	0.135	-0.291	-1.156	-1.023
"YPR033C"	-2.7945	-1.8465	-1.291	-1.908	-4.8805	-7.94	-2.32	-2.0735	-2.759	-0.657	-0.635	-2.203	-2.096	-2.55	-3.951	-4.382	-4.54	-0.256	0.042	-0.034	-0.247	-0.179	0.015	-2.107	-0.609	0.035	0.327	-1.3345	-0.49	-0.178
"YPR041W"	-1.871	-1.85166666666667	-1.45933333333333	-1.579	-2.36366666666667	-4.07266666666667	-2.403	-2.45	-2.41033333333333	-0.5575	-0.483	-1.646	-1.658	-1.0965	-1.805	-1.8775	-2.441	NaN	-1.725	-1.893	-0.907	-0.542	-0.1465	-1.977	-0.589	-0.0795	0.114	-1.53	-0.569	-0.308
"YPR132W"	-2.849	-3.586	-3.351	-1.806	-3.1925	-5.805	-2.5895	-3.048	-2.967	-0.799	-0.796	-3.788	-2.214	-2.292	-1.968	-2.388	-3.151	-0.03	0.037	-0.429	-0.424	-0.426	0.125	-2.217	-1.071	-0.034	0.031	-1.437	-1.542	-0.475
