	"497.Heat Shock 000 minutes"	"781.Heat Shock 000 minutes (series 2)"	"797.Heat Shock 000 minutes (series 3)"	"854.YPD_6_h_30C"	"855.YPD_8_h_30C"	"856.YPD_10_h_30C"	"857.YPD_12_h_30C"	"858.YPD_1_d_30C"	"859.YPD_2_d_30C"	"860.YPD_3_d_30C"	"861.YPD_5_d_30C"	"942.starv_in_H2O_1_h_30C"	"1016.YPD 5 d (25C)"	"1017.YPD 7 d (25C)"	"1018.YPD 13 d (25C)"	"1302.diauxic shift timecourse: 15.5 hr"	"1303.diauxic shift timecourse: 0 hr"	"1311.diauxic shift timecourse: 11.5 hr"	"1312.diauxic shift timecourse: 13.5 hr"	"6824.Sporulation t0"	"8291.wt+pRS315 vs. wt+pRS-MCM7"	"17676.Na+FK 45min (4)"	"21660..24 mM H2O2- 120 minutes"	"27101.P1Comp 07 hr 5 min Phosphate Batch vs Chemostat Comparison"	"33774.DBY8778(wt)_stationary_phase_7hours"	"33775.DBY8778(wt)_stationary_phase_9hours"	"33776.DBY8778(wt)_stationary_phase_1day"	"33779.delYPL230w_stationary_phase_5hours"	"33780.delYPL230w_stationary_phase_7hours"	"33781.delYPL230w_stationary_phase_9hours"	"34347.wt_hypo_osmotic_shock_0min"	"34360.batch 02X25 4"	"37282.CC SP 1B  Sulfate-Phosphate Chemostat Comparison"	"37284.CC SP 2B  Sulfate-Phosphate Chemostat Comparison"	"37285.CC SP 3B  Sulfate-Phosphate Chemostat Comparison"
"YAL003W"	0.2735	0.831	0.678	-3.002	-2.293	-1.77	-1.277	-0.665	-1.407	-3.377	-3.392	-1.574	-1.314	-1.8955	-1.8	-0.707	0.305	-0.129	-0.444	0.285	0.518	-2.7005	0.192	0.4165	-3.085	-2.67	-1.335	-3.484	-2.401	-2.326	0.084	-1.778	0.48	0.396	0.339
"YAL038W"	0.595	0.686	0.504	-1.646	-2.233	-1.38	-0.311	-0.403	-0.02	-2.4	-6.086	-1.723	-1.42	-1.859	-3.2025	-0.169	0.152	0.212	-0.166	0.28	0.339	-1.0725	-0.291	0.3505	-2.741	-2.734	-1.463	-1.219	-2.874	-3.088	0.397	-1.069	-0.34	-0.276	-0.386
"YAR073W"	0.65	0.936	0.768	-1.516	-1.811	-1.998	-1.561	-1.593	-2.506	-3.191	-3.447	-1.549	-1.876	-2.5165	-2.5015	-0.226	0.395	0.422	0.113	0.489	0.404	-2.2135	-0.332	0.049	-2.457	-3.27	-2.209	-3.131	-3.183	-2.273	-0.06	-2.879	-0.012	-0.126	-0.057
"YAR074C"	0.5465	0.513	0.533	-1.997	-2.524	-2.203	-1.916	-2.289	1.547	-3.038	-2.968	-2.027	-1.293	-1.8415	-2.013	-0.38	0.385	0.193	-0.237	-0.121	-0.026	-2.0805	-0.202	-0.236	-1.309	-2.068	-1.439	-2.165	-2.493	-1.653	-0.116	-1.336	-0.11	-0.066	-0.215
"YBL027W"	1.4805	1.274	1.424	-2.851	-2.474	-2.081	-1.613	-2.0	-1.606	-2.671	-5.577	-2.494	-1.9795	-2.114	-3.148	-0.006	0.102	0.332	0.04	0.25	0.779	-1.362	0.0945	0.740333333333333	-3.528	-3.012	-2.469	-3.351	-3.139	-2.319	-0.03	-1.501	0.671	0.582	0.58
"YBL087C"	1.1915	1.463	0.964	-3.104	-2.44	-2.157	-1.789	-1.74	-1.761	-2.104	-2.516	-2.924	-1.5975	-2.161	-2.357	-0.023	0.214	0.439	0.126	0.209	-0.059	-2.14333333333333	-0.5485	0.218666666666667	-2.434	-2.559	-1.662	-3.415	-2.879	-2.169	-0.403	-1.612	0.799	0.64	0.62
"YBL092W"	1.0255	0.97	0.727	-3.458	-3.598	-2.824	-2.394	-2.138	-2.929	-2.896	-5.158	-3.0	-1.726	-2.74	-2.8475	-0.112	0.487	-0.201	-0.127	-0.107	0.345	-1.4255	0.095	0.229	-2.124	-2.013	-1.866	-2.599	-2.171	-2.311	0.655	-1.066	0.846	0.816	0.717
"YBR031W"	1.114	1.106	0.886	-1.692	-1.795	-2.055	-2.17	-2.059	-2.397	-2.879	-6.063	-2.233	-1.803	-1.9345	-2.5745	0.339	0.256	0.632	0.504	0.185	0.115	-1.7425	-0.326	0.155	-2.753	-2.405	-1.868	-2.518	-2.852	-2.047	-0.308	-1.488	0.336	0.318	0.256
"YBR048W"	1.223	1.0345	0.2985	-3.385	-2.4795	-2.968	-2.171	-2.248	-2.2475	-3.0195	-5.0065	-3.0685	-2.849	-3.15166666666667	-3.929	-0.76	0.224	-0.002	-0.211	-0.076	0.142	-1.433	-0.501	0.4895	-4.043	-3.545	-3.133	-4.089	-3.69	-2.483	0.456	-1.681	0.467	0.42	0.362
"YBR084W"	0.407	0.888	0.738	-4.143	-3.145	-3.201	-2.722	-2.908	-4.006	-4.365	-5.362	-2.317	-1.934	-2.75	-2.725	-0.129	0.347	0.314	-0.117	-0.442	0.56	-2.135	-0.222	0.8175	-3.705	-2.757	-2.544	-4.104	-3.283	-2.324	-0.676	-1.73	-0.418	-0.283	-0.151
"YBR106W"	0.9	0.904	1.138	-2.949	-2.026	-1.695	-1.83	-2.108	-1.986	-3.354	-5.052	-2.258	-2.3225	-3.147	-3.2985	0.274	0.284	0.124	0.245	-0.197	0.484	-2.414	0.248	0.1995	-3.114	-2.846	-1.897	-2.825	-2.779	-2.225	-0.238	-0.718	0.256	0.257	0.225
"YBR121C"	0.801	0.701	0.752	-2.66	-1.84	-1.582	-1.543	-2.186	-2.714	-4.037	-5.791	-2.317	-4.1355	-4.173	-4.5985	-0.19	0.492	0.174	-0.23	0.328	0.38	-1.273	-0.138	0.487	-2.549	-2.264	-1.948	-2.22	-1.806	-1.543	0.022	-0.861	0.161	0.074	0.048
"YBR175W"	0.297	0.468	0.098	-1.668	-0.933	-0.77	-1.027	-1.084	-1.46	-2.52	-3.152	-1.563	-1.284	-1.094	-0.661	-0.199	-0.131	-0.031	-0.174	0.132	0.014	0.92	-0.372	-0.374	-1.521	-1.232	-0.984	-1.967	-1.397	-1.061	-0.548	-0.747	0.434	0.419	0.303
"YBR191W"	1.0965	1.388	0.879	-3.54	-3.222	-3.049	-2.249	-1.912	-2.071	-3.167	-5.241	-3.152	-2.3795	-2.6255	-3.136	-0.318	0.16	-0.02	-0.051	0.405	0.247	-1.649	-0.309	-0.175	-3.687	-3.657	-2.538	-2.427	-3.266	-2.298	0.154	-1.925	0.749	0.664	0.583
"YBR199W"	-0.345	-0.1775	-0.2415	0.9305	0.4925	0.2575	0.688	0.648	0.795	0.5775	0.0475	0.1855	0.664	0.656	0.409333333333333	0.568	0.012	-0.062	0.309	-0.068	0.198	1.129	0.428	-0.136	0.567	0.033	0.616	1.071	0.738	0.106	0.052	0.122	0.02	0.014	-0.039
"YCL014W"	-0.089	0.064	-0.093	-1.417	-1.027	-0.405	-0.943	-1.009	-1.274	-2.197	NaN	-1.333	-1.391	-2.056	-2.042	0.171	-0.155	-0.264	-0.195	0.09	0.106	-0.416	-0.427	0.036	-0.4735	-0.6385	-1.478	-0.9605	-0.8095	-0.254	0.137	0.231	0.0155	0.0105	-0.0985
"YCLX02C"	0.831	0.896	0.951	-4.118	-2.592	-2.422	-1.69	-1.466	-1.998	-2.283	-2.85	-2.734	-1.8265	-2.441	-2.4035	-1.104	0.049	-0.352	-0.955	0.112	0.741	-2.286	-0.406	0.015	-2.749	-2.605	-1.55	-3.541	-2.722	-1.445	-0.488	-1.832	0.171	0.162	0.077
"YCR054C"	0.199	0.3235	0.2075	-0.9195	-0.6245	-0.4695	-0.445	-0.786	-0.517	-2.031	-2.7445	-1.2765	-0.758	-1.422	-0.057	-1.3625	-0.1855	-0.408	-0.8515	0.013	0.096	0.714	0.071	0.7505	-1.393	-1.825	-1.229	-1.262	-1.932	-1.22	-0.845	-0.918	-0.268	-0.175	-0.253
"YCRX16C"	0.996	0.974	0.803	-1.763	-1.298	-1.252	-1.93	-1.172	-1.015	-0.184	-2.452	-1.432	0.3175	0.5675	0.5285	0.011	0.559	0.457	0.271	-0.034	-0.678	-2.377	-0.512	-0.15	-1.091	-0.878	-0.52	-2.277	-1.755	-1.149	-0.199	-1.144	0.345	0.204	0.202
"YDL081C"	0.974	0.967	0.926	-1.365	-2.041	-1.576	-2.196	-1.67	-0.921	-2.445	-4.594	-2.131	-2.127	-2.133	-2.377	0.38	0.135	0.298	0.304	0.194	0.273	-1.19	-0.724	-0.114	-2.84	-2.104	-1.82	-2.39	-2.49	-2.162	0.738	-1.305	1.129	1.007	0.92
"YDL082W"	0.763	1.092	0.863	-3.223	-2.484	-2.853	-1.739	-1.446	-1.723	-3.326	-5.816	-2.537	-2.186	-3.001	-3.589	-0.263	0.258	-0.214	-0.156	0.119	0.194	-1.9985	0.0835	0.2455	-4.398	-3.698	-2.463	-4.518	-3.314	-3.014	0.457	-2.089	0.74	0.749	0.684
"YDL109C"	0.0	NaN	-0.592	-0.218	-1.043	-0.629	0.695	-0.361	0.7	0.451	-1.371	-0.363	0.469	0.07	0.358	-0.085	0.016	-0.098	-0.136	0.185	0.18	-0.428	-0.036	-0.199	0.654	0.329	0.133	0.913	0.86	1.258	0.209	-0.655	0.164	-0.041	-0.091
"YDL191W"	0.553	0.722	0.713	-1.985	-2.367	-2.75	-2.497	-1.853	-1.975	-2.737	-5.192	-2.911	-1.362	-1.942	-2.86	0.106	0.185	0.059	-0.034	-0.026	0.497	-1.7165	-0.089	0.251	-3.35	-2.399	-1.73	-3.234	-2.557	-1.83	-0.3	-1.532	0.59	0.515	0.424
"YDR012W"	1.023	1.071	1.068	-2.155	-1.485	-1.479	-1.394	-1.856	-2.093	-3.045	-5.83	-2.057	-1.122	-1.902	-2.058	0.252	0.161	0.186	0.321	0.165	0.264	-1.108	-0.395	0.283	-2.406	-2.811	-2.369	-2.322	-2.731	-2.04	-0.007	-1.453	0.33	0.245	0.319
"YDR025W"	0.692	1.014	0.806	-3.904	-3.548	-3.252	-2.573	-2.592	-2.705	-3.393	-6.697	-3.357	-2.503	-2.895	-3.518	-0.534	0.198	-0.268	-0.597	0.144	0.059	-1.7115	-0.4555	0.5125	-4.772	-3.127	-2.93	-3.906	-3.552	-2.869	0.301	-1.818	0.676	0.688	0.682
"YDR037W"	0.71	0.672	0.502	-4.313	-3.427	-3.607	-3.146	-3.858	-3.458	-4.551	-5.224	-3.226	-2.916	-3.368	-3.772	-0.287	0.135	-0.202	-0.356	0.016	0.658	-1.465	-0.189	0.301	-4.284	-3.366	-2.4	-4.204	-3.541	-2.204	0.247	-1.67	-1.008	-0.336	-0.305
"YDR064W"	1.178	0.993	1.04	-3.874	-3.241	-2.585	-2.577	-2.639	-2.597	-3.761	-5.03	-3.208	-2.527	-2.531	-3.199	-0.324	0.005	-0.161	-0.335	-0.088	0.415	-2.156	-0.5765	0.017	-2.292	-2.803	-2.319	-2.891	-2.804	-2.287	0.134	-2.475	0.535	0.542	0.325
"YDR087C"	0.873	1.227	0.989	-4.139	-2.976	-2.337	-1.909	-2.277	-3.312	-3.817	-4.944	-2.528	-1.73	-3.407	-2.893	-0.913	0.139	0.504	-0.559	-0.3	0.588	-1.631	-0.244	0.36	-2.338	-2.16	-1.413	-3.396	-3.436	-2.083	-0.759	-1.812	0.057	0.171	0.023
"YDR165W"	0.933	1.095	0.852	-4.096	-2.538	-2.179	-2.247	-1.905	-2.27	-3.111	-5.309	-3.015	-1.767	-2.409	-2.23	-0.743	0.386	0.335	-0.511	-0.097	-0.442	-1.7495	-0.2085	-0.0555	-2.479	-2.722	-1.934	-3.205	-2.632	-2.085	-0.333	-1.941	0.099	0.152	0.245
"YDR184C"	0.902	1.162	0.854	-3.504	-1.845	-2.067	-1.607	-1.31	-1.491	-1.802	-1.842	-1.444	-1.148	-2.113	-1.087	-1.307	0.033	-0.383	-0.756	0.032	0.789	-1.7455	0.0055	0.1025	-1.676	-1.481	-0.401	-3.208	-1.663	-0.945	-0.516	-2.208	-0.05	-0.107	-0.176
"YDR236C"	0.069	-0.365	0.476	-0.624	-0.094	-0.145	-1.098	-0.436	0.136	0.0	NaN	-0.296	-0.493	-0.318	-0.479	NaN	NaN	NaN	NaN	NaN	-0.065	0.8865	-0.1425	-0.128	0.739	0.525	0.701	0.078	0.318	0.09	-0.055	0.363	0.232	0.236	0.226
"YDR321W"	0.767	0.698	0.858	-3.554	-2.231	-2.695	0.364	-2.84	-3.04	-3.093	-4.43	-3.362	-2.704	-2.582	-2.75	-0.19	0.049	0.157	-0.363	-0.085	0.218	-2.227	-0.537	0.391	-2.082	-2.119	-1.153	-3.214	-2.261	-1.861	-0.186	-2.319	0.111	0.23	0.129
"YDR361C"	1.206	1.136	1.083	-3.61	-2.016	-1.951	-1.707	-1.536	-2.095	-1.945	-3.634	-2.072	-1.477	-2.005	-1.44	-0.581	0.24	0.292	-0.274	0.018	-0.097	-1.975	-0.236	0.029	-2.708	-2.048	-1.74	-3.998	-2.423	-1.849	-0.586	-1.706	0.216	0.326	0.475
"YDR385W"	0.964	0.949	0.864	-2.252	-1.858	-1.887	-1.775	-1.783	-1.985	-3.158	-5.463	-2.682	-1.848	-2.214	-3.65	-0.074	0.187	0.135	0.285	-0.104	0.548	-2.207	-0.479	-0.147	-2.699	-3.05	-2.033	-1.626	-2.518	-1.929	0.177	-1.928	-0.244	-0.196	-0.105
"YDR417C"	1.045	0.832	0.691	-3.705	-2.778	-2.992	-2.407	-2.511	-3.327	-4.279	-5.062	-3.58	-2.861	-3.022	-3.606	-0.001	0.349	0.002	-0.144	-0.289	0.551	-2.517	-0.094	1.088	-3.553	-2.61	-1.768	-3.585	-3.332	-2.261	0.341	-1.903	0.565	0.334	0.569
"YDR418W"	1.215	1.21	1.134	-3.707	-3.13	-2.7	-2.237	-2.192	-2.976	-3.074	-5.866	-3.315	-2.866	-3.091	-4.066	0.017	0.275	0.218	0.051	-0.076	-0.407	-1.715	-0.167	0.58	-4.005	-2.423	-1.873	-3.263	-3.057	-2.027	0.238	-1.732	0.466	0.509	0.507
"YDR447C"	1.205	1.022	0.931	-4.882	-3.934	-3.531	-3.26	-2.507	-2.465	-3.659	-5.332	-3.574	-2.53	-2.625	-3.552	-0.069	0.103	-0.328	-0.311	-0.032	0.09	-3.0695	-0.338	0.648	-3.67	-2.356	-1.471	-4.358	-3.418	-2.211	-0.316	-1.622	0.646	0.703	0.658
"YDR451C"	0.263	0.161	0.243	-0.575	0.152	0.93	-0.167	-1.737	-1.085	-1.683	-2.638	0.196	-0.963	-1.513	-1.205	-0.128	0.25	0.409	0.57	0.073	-0.189	0.729	0.209	0.141	-1.636	-1.17	-1.568	-1.721	-1.545	0.148	-0.353	-0.593	0.52	-0.286	0.537
"YDR471W"	1.0	1.177	1.016	-3.952	-3.834	-3.394	-2.619	-2.514	-2.857	-3.599	-4.747	-3.144	-0.472	-2.405	-2.908	0.078	0.431	0.088	-0.311	-0.108	0.024	-1.802	-0.062	0.4385	-3.645	-2.464	-1.986	-3.608	-3.311	-2.499	-0.336	-2.116	0.627	0.666	0.635
"YEL054C"	1.093	1.203	1.075	-3.654	-2.711	-2.761	-1.871	-1.511	-2.981	-2.98	-7.056	-3.039	-2.504	-3.005	-3.554	-0.261	0.26	0.254	-0.094	0.171	0.023	-1.8245	-0.001	0.3265	-4.422	-2.487	-3.239	-3.815	-2.936	-2.194	0.858	-1.911	0.972	0.757	0.448
"YER055C"	1.085	1.029	1.012	-3.198	-2.991	-2.662	-2.51	-2.576	-1.65	-2.242	-5.075	-0.301	-1.279	-2.06	-2.707	0.186	0.187	0.495	0.24	0.073	-0.275	-2.881	-0.538	0.122	-2.631	-2.627	-1.803	-2.981	-2.572	-2.387	0.478	-2.191	-0.234	0.147	0.045
"YER102W"	1.351	1.084	1.107	-3.932	-3.965	-3.177	-2.924	-2.3	-2.578	-3.64	-6.434	-3.101	-2.579	-3.326	-3.859	-0.32	NaN	1.322	0.118	0.068	0.685	-0.714	0.025	0.533	-3.324	-2.758	-2.202	-2.385	-2.329	-2.436	0.048	-1.998	0.482	0.661	0.501
"YER117W"	1.276	1.391	0.782	-2.982	-2.613	-2.377	-1.817	-2.008	-1.95	-2.832	-5.642	-3.05	-2.312	-2.562	-2.976	0.125	0.206	0.111	0.337	0.308	0.479	-1.603	-0.152	0.1665	-3.319	-2.632	-2.403	-3.238	-3.345	-2.147	-0.362	-1.531	0.991	0.94	0.889
"YER118C"	0.606	0.622	0.472	-2.119	-1.275	-0.813	-0.898	-0.913	-1.822	-2.598	-3.457	-1.55	-1.371	-2.206	-1.965	-0.517	0.417	0.253	-0.197	0.118	0.457	-1.1845	0.092	-0.2445	-2.813	-1.824	-2.516	-2.915	-2.193	-1.683	-0.404	-1.221	0.152	0.118	0.204
"YER127W"	1.253	1.264	0.934	-3.292	-2.064	-1.821	-1.672	-1.949	-2.155	-2.611	-4.439	-2.835	-1.098	-2.485	-1.946	-0.858	-0.115	0.126	-0.27	-0.025	0.541	-1.702	-0.206	-0.137	-2.692	-2.59	-1.44	-3.601	-3.002	-2.038	-0.434	-2.336	0.327	0.202	0.091
"YER131W"	1.224	1.29	1.25	-2.813	-3.262	-2.7	-2.3	-1.895	-2.47	-3.664	-6.55	-2.621	-2.105	-2.654	-3.304	0.225	0.43	0.399	0.265	-0.265	0.866	-2.035	0.172	0.565	-3.884	-3.237	-2.657	-3.578	-4.068	-2.732	0.218	-1.756	0.363	0.537	0.405
"YER145C"	0.644	0.604	0.34	-2.927	0.064	-0.805	-0.47	-1.834	-1.544	-3.836	-5.091	-1.471	-1.536	-2.549	-2.941	-1.045	0.207	-0.507	-0.432	0.095	0.962	-1.317	-0.6845	-1.339	-2.336	-1.588	-2.143	-4.076	-2.311	-0.642	-0.504	-2.581	0.665	0.597	0.564
"YER165W"	1.281	1.127	0.795	-1.493	-1.285	-1.682	-0.854	-0.72	-0.845	-1.518	-4.713	-2.088	-0.603	-1.075	-2.004	-0.98	0.443	-0.074	-0.805	0.014	0.554	-1.629	-0.2135	-0.06	-2.394	-2.391	-1.98	-2.173	-1.701	-1.589	0.441	-1.13	0.278	0.1	0.207
"YGL014W"	0.844	0.805	0.538	-0.534	-0.267	-0.278	-0.37	-0.431	0.096	-0.388	-2.189	-0.746	-0.259	-0.05	-0.493	-0.52	0.173	-0.28	-0.56	0.19	0.055	-1.214	0.122	0.775	-0.7335	-1.1965	-0.7145	-0.8585	-0.4365	-0.2555	0.052	-0.805	0.426	-0.123	0.1005
"YGL030W"	1.262	1.167	1.037	-3.613	-2.888	-2.582	-1.861	-2.363	-2.008	-3.668	-5.484	-2.388	-1.668	-2.044	-3.011	-0.1	-0.027	-0.026	-0.235	0.155	0.447	-2.0635	-0.085	0.471333333333333	-3.939	-2.871	-2.529	-3.575	-2.76	-2.198	0.443	-1.372	0.684	0.646	0.631
"YGL076C"	1.317	1.147	1.006	-3.969	-3.136	-2.73	-2.564	-2.446	-2.401	-3.976	-5.667	-3.32	-2.836	-2.79	-3.782	-0.616	0.147	-0.093	-0.597	-0.125	0.259	-2.081	-0.33	0.582666666666667	-4.003	-3.509	-2.778	-3.347	-3.315	-2.544	0.592	-2.332	0.159	0.212	0.245
"YGL086W"	-0.422	-0.1785	-0.0045	0.3685	0.408	0.1345	0.237	0.1995	0.0345	-0.5145	-1.8165	0.1495	-0.2275	-0.7735	-0.8325	-0.072	0.128	-0.147	-0.122	0.127	-0.033	0.021	-0.266	0.4495	-1.36	-1.339	-1.738	-1.207	-1.114	-1.227	-0.154	0.26	0.205	0.016	-0.159
"YGL102C"	1.138	1.09	0.982	-3.419	-2.825	-2.081	-1.973	-2.112	-2.356	-2.658	-5.65	-3.301	-1.199	-1.938	-2.13	0.2	0.09	0.088	0.215	-0.26	0.307	-1.71	0.01	0.091	-3.42	-2.202	-1.7	-3.272	-2.955	-2.203	-0.071	-1.217	0.647	0.726	0.755
"YGL103W"	1.058	1.082	0.935	-3.452	-3.096	-2.876	-2.468	-2.373	-2.344	-1.452	-5.266	-3.266	-1.308	-1.735	-2.438	-0.065	0.281	-0.015	0.062	0.098	0.701	-2.02066666666667	0.00266666666666666	0.23975	-2.976	-2.146	-1.398	-3.189	-2.934	-2.202	-0.294	-1.378	0.442	0.561	0.686
"YGL123W"	1.27	1.264	1.189	-3.781	-3.757	-3.726	-3.265	-2.802	-3.62	-4.004	-5.982	-4.112	-2.388	-2.65	-3.558	0.002	0.174	0.358	0.094	-0.079	0.058	-1.335	-0.425	0.319	-4.217	-3.27	-2.813	-4.123	-3.488	-2.693	-0.31	-1.729	0.588	0.465	0.35
"YGL135W"	1.167	1.101	0.43	-3.221	-2.573	-2.455	-2.548	-2.301	-2.942	-3.418	-5.687	-3.217	-2.267	-2.874	-3.825	0.071	0.278	0.633	0.298	0.082	0.236	-1.702	-0.551	0.1295	-3.443	-2.903	-2.236	-3.617	-3.009	-1.968	-0.177	-1.68	0.853	0.772	0.786
"YGL148W"	1.117	0.837	0.827	-3.561	-2.137	-1.719	-1.873	-1.574	-2.182	-2.826	-3.915	-2.983	-1.666	-1.996	2.781	-0.194	0.151	0.211	0.051	-0.463	0.177	-3.147	0.162	0.091	-3.932	-2.547	-2.177	-3.123	-2.69	-2.266	0.005	-1.847	-0.059	0.004	0.076
"YGR027C"	1.159	1.017	0.858	-3.433	-2.572	-1.843	-1.632	-1.57	-1.697	-2.797	-5.39	-3.005	-1.187	-1.867	-2.368	0.491	0.279	0.3	0.428	0.197	0.512	-2.048	-0.725	0.1595	-2.956	-3.132	-1.687	-3.188	-2.624	-2.011	0.299	-1.052	0.849	0.65	0.357
"YGR085C"	1.473	1.133	1.122	-3.713	-3.301	-2.511	-2.202	-2.29	-2.146	-3.406	-6.059	-3.071	-3.306	-3.54	-4.179	0.079	0.313	0.281	0.164	0.29	0.759	-1.94	0.273	0.697	-4.004	-2.792	-2.272	-3.45	-3.003	-2.048	0.204	-1.736	0.462	0.544	0.583
"YGR118W"	1.216	0.973	0.996	-2.621	-2.692	-2.681	-2.455	-2.097	-1.993	-2.204	-5.471	-2.458	-1.76	-2.214	-3.141	0.507	0.496	0.305	0.408	-0.191	0.531	-1.3075	-0.0855	0.606	-2.477	-2.162	-1.82	-2.13	-2.249	-1.697	-0.176	-1.242	0.599	0.772	0.617
"YGR123C"	1.116	0.996	0.986	-4.447	-2.7	-2.234	-2.041	-1.249	-2.224	-3.794	-4.328	-2.878	-1.42	-2.413	-2.243	-0.494	0.04	-0.106	-0.587	-0.129	0.631	-2.099	0.061	0.7875	-2.403	-3.664	-1.262	-3.836	-3.389	-2.052	-0.732	-1.757	-0.223	-0.141	0.068
"YGR148C"	1.076	0.859	0.933	-3.45	-3.596	-3.464	-3.033	-2.31	-2.615	-3.884	-5.757	-3.141	-3.022	-3.649	-4.092	-0.032	0.258	-0.026	-0.091	-0.28	0.711	-1.5045	0.1015	0.6955	-3.53	-2.779	-2.133	-3.103	-2.693	-1.897	0.229	-1.221	0.646	0.576	0.437
"YGR155W"	0.785	0.874	0.586	-1.383	-0.902	-1.262	-0.984	-0.517	-0.062	-1.39	-4.396	-0.015	-1.318	-1.786	-2.407	-0.743	0.272	-0.073	-0.415	-0.075	0.328	-1.2655	-0.217	0.2745	-1.97	-2.099	-1.553	-1.582	-1.769	-1.434	0.677	0.106	1.389	1.334	1.326
"YGR214W"	1.051	0.967	0.903	-4.3	-2.826	-2.795	-2.24	-1.862	-2.776	-3.03	-5.16	-3.581	-0.955	-1.925	-3.246	-0.062	0.323	0.371	-0.154	-0.244	0.364	-2.627	-0.365	0.38	-3.673	-2.906	-2.083	-3.805	-2.3	-2.11	0.029	-2.152	0.585	0.523	0.51
"YHL011C"	1.122	1.023	0.785	-2.604	-1.684	-1.225	-1.072	-0.736	-1.162	-2.023	-3.592	-2.503	-1.25	-1.552	-1.5	-0.489	0.144	0.246	-0.331	0.292	0.444	-1.872	-0.35	-0.069	-2.033	-1.74	-0.172	-2.086	-0.98	-1.253	-0.094	-2.085	0.342	0.334	0.365
"YHR025W"	0.819	0.702	0.281	-3.632	-1.376	-1.47	-1.274	-1.993	-1.868	-2.666	-5.429	-2.472	-1.471	-2.319	-2.178	-0.154	0.153	0.576	0.227	0.003	0.04	-0.67	-0.462	-0.237	-3.915	-2.334	-1.934	-3.0	-1.597	-1.63	0.953	-1.633	0.116	0.14	0.153
"YHR142W"	0.037	0.411	0.353	-0.878	-0.403	-0.512	-0.622	-0.661	-0.483	-1.533	-2.576	-0.885	-0.607	-0.788	-0.545	0.0	0.27	0.431	0.216	-0.094	0.15	-0.481	-0.152	-0.718	-1.338	-0.772	-0.939	-1.063	-1.155	-0.356	0.173	-0.029	0.601	0.378	0.278
"YHR154W"	-0.111	-0.585	0.2505	-2.435	-1.2245	-1.4375	-0.9775	-0.838	-1.232	-1.6125	-2.0835	-1.001	0.5415	0.648	0.934	-0.105	0.039	0.162	0.19	-0.088	0.0	-0.812	-0.222	0.444	-1.576	-0.833	-0.871	-1.573	-1.0795	-0.777	-0.243	-0.098	0.0985	-0.095	-0.1125
"YHR170W"	1.401	1.292	0.893	-4.51	-1.901	-2.071	-1.573	-1.404	-2.063	-2.573	-4.858	-2.759	-2.036	-2.758	-2.443	-0.418	0.154	0.232	-0.07	0.245	0.114	-1.963	-0.35	0.136	-3.186	-2.544	-2.601	-3.601	-2.58	-2.061	-0.459	-0.333	0.729	0.142	0.193
"YHR196W"	1.131	1.299	1.007	-3.061	-2.692	-2.23	-1.968	-1.4	-1.573	-2.447	0.884	-2.461	-2.264	-2.831	-2.681	-0.578	0.279	0.087	-0.38	0.142	0.271	-1.239	-0.379	-0.185	-1.605	-2.037	-1.725	-2.306	-2.006	-1.626	-0.65	-1.21	0.194	0.167	0.245
"YHR197W"	1.102	1.045	0.968	-2.813	-2.52	-2.262	-1.863	-1.629	-2.817	-2.76	-2.808	-2.457	-1.737	-2.343	-2.822	-0.396	0.265	0.312	0.072	0.285	-0.02	-1.419	-0.294	-0.287	-1.648	-2.215	-2.032	-2.625	-2.002	-1.608	-0.549	-2.224	-0.483	-0.463	-0.288
"YHR203C"	1.231	1.011	0.884	-3.926	-2.827	-3.148	-2.671	-2.372	-2.895	-3.782	-5.944	-3.917	-2.575	-3.081	-3.941	0.108	0.39	0.243	-0.087	0.058	-0.052	-1.971	-0.165	0.702	-4.467	-3.308	-2.46	-3.717	-3.449	-2.785	-0.097	-2.05	0.56	0.497	0.591
"YHR204W"	0.745	0.67	0.62	-1.236	-0.465	-0.285	-0.373	-0.09	-0.642	-1.658	-2.025	-1.294	-0.668	-0.88	-1.121	-0.066	0.204	0.069	-0.076	-0.188	0.172	0.601	-0.411	0.396	-1.518	-1.648	-1.07	-1.497	-1.541	-1.259	-0.313	-0.526	-0.326	-0.436	-0.532
"YHR216W"	1.01	0.917	0.816	-2.62	-2.056	-2.143	-1.201	-1.128	-2.045	-3.15	-4.943	-1.762	-2.237	-2.621	-2.913	-0.112	0.363	0.269	-0.273	-0.081	0.259	-1.833	-0.596	0.089	-2.109	-3.074	-2.509	-3.001	-2.823	-2.765	0.136	-3.045	0.138	0.1	0.118
"YIL018W"	1.253	1.177	1.056	-4.365	-3.03	-2.782	-2.724	-2.488	-2.78	-3.492	-5.749	-3.362	-2.661	-3.27	-3.914	0.085	0.361	0.193	-0.012	-0.089	0.349	-1.905	-0.308	0.224	-4.277	-3.397	-2.864	-4.06	-3.676	-2.806	0.0	-1.765	0.802	0.674	0.561
"YIL047C"	0.44	0.52	0.057	-0.908	0.345	-0.029	0.58	1.056	1.044	1.963	2.254	-1.229	2.807	3.997	3.773	-0.357	-0.064	0.064	0.113	0.219	0.22	-0.776	-0.306	-0.077	-1.526	-0.349	0.524	-2.269	-0.779	-0.647	-0.404	0.102	0.446	-0.189	-0.079
"YIL090W"	0.367	0.181	0.233	-0.54	0.504	0.205	0.299	0.078	0.396	-0.286	-1.085	-0.948	-0.345	-0.554	-0.68	-0.266	-0.037	-0.093	-0.148	0.09	0.261	-2.539	-0.446	0.154	-0.906	-1.004	-1.557	-0.461	-0.699	-0.862	-0.346	-0.507	0.394	0.165	0.273
"YIL110W"	1.05	0.92	0.477	-2.095	-1.733	-1.333	-1.395	1.513	-0.964	-2.455	-3.072	-1.151	-1.775	-2.473	-2.492	0.612	0.075	-0.021	-0.194	-0.336	0.409	NaN	0.199	0.347	-2.022	-1.619	-1.081	-2.182	-1.8	-1.251	-0.568	-2.239	0.157	0.236	0.155
"YIL133C"	1.02	0.983	0.899	-3.333	-3.196	-3.135	-2.331	-2.167	-2.883	-2.693	-5.79	-2.93	-2.615	-3.007	-3.393	-0.119	0.405	0.134	-0.135	-0.165	0.241	-2.184	-0.308	0.894	-4.387	-3.183	-2.607	-4.098	-3.154	-2.466	-0.073	-1.856	0.458	0.439	0.455
"YJL087C"	0.222	0.37	0.686	-0.701	-1.038	-0.42	-0.272	-0.879	-0.481	-2.195	-2.16	-2.062	-1.856	-1.935	-1.807	-0.121	-0.144	-0.19	-0.206	-0.057	0.224	-1.101	-0.232	-0.137	-1.308	-1.3545	-1.6995	-1.904	-1.377	-1.1085	-0.576	-0.209	0.093	-0.0515	0.0605
"YJL111W"	1.059	0.527	0.821	-1.744	-1.717	-1.355	-1.285	-1.375	-1.323	-3.38	-6.57	-1.929	-1.573	-1.994	-2.239	-0.137	0.346	-0.012	-0.134	-0.482	0.556	-1.871	0.177	0.279	-2.75	-2.343	-1.819	-1.829	-2.027	-2.019	-0.219	-1.102	0.006	-0.163	-0.009
"YJL183W"	0.489	0.42	0.582	-2.65	-1.47	-1.069	-2.032	-2.434	-1.944	-2.097	-4.986	-2.067	-1.66	-2.208	-2.121	-0.023	0.369	0.089	0.057	-0.268	0.069	-0.46	-0.272	-0.163	-2.838	-2.286	-1.656	-2.116	-1.595	-1.189	-0.482	-0.544	0.859	0.606	0.654
"YJL188C"	1.008	1.159	0.709	-2.525	-2.39	-2.043	-1.864	-1.323	-1.808	-2.786	-4.633	-2.24	-2.169	-2.54	-2.776	0.058	0.088	-0.039	0.246	0.298	0.583	-1.505	0.842	0.369	-2.879	-1.947	-2.436	-2.777	-2.447	-2.254	0.219	-1.398	0.901	0.821	0.663
"YJL189W"	1.089	0.91	0.731	-3.545	-2.317	-2.319	-2.282	-1.647	-1.644	-2.901	-4.28	-2.446	-1.577	-2.282	-2.837	-0.022	0.045	-0.47	-0.404	-0.016	0.352	-1.288	0.462	0.176	-2.736	-2.597	-2.818	-2.888	-2.522	-2.288	0.292	-1.14	0.766	0.631	0.558
"YJL190C"	1.36	1.453	1.126	-3.794	-3.553	-3.267	-2.958	-2.413	-3.287	-3.585	-6.079	-3.969	-2.941	-3.365	-3.524	0.148	0.177	0.24	0.298	0.1	-0.032	-2.112	-0.836	0.457	-4.772	-3.912	-3.608	-4.874	-4.273	-3.311	-0.227	-2.045	0.641	0.593	0.559
"YJL195C"	0.193	0.228	0.507	-2.268	-1.333	-1.245	-1.218	-1.305	-1.371	-1.651	NaN	-0.897	0.31	-0.086	0.184	-1.193	0.058	-1.235	-1.072	-0.097	-0.176	0.107	0.193	0.845	-1.263	-0.917	-1.518	-1.875	-1.319	-0.84	-0.408	0.195	-0.551	-0.163	-0.268
"YJL208C"	0.758	0.922	0.522	-2.326	0.095	-0.447	-0.827	-1.206	-1.191	-2.879	-3.324	-1.817	-1.647	-2.188	-1.371	-0.404	0.098	-0.206	0.002	0.069	0.203	-1.315	-0.424	0.139	-3.074	-1.825	-1.581	-3.351	-1.603	-0.997	-0.218	-1.377	-0.02	-0.079	-0.063
"YJR016C"	NaN	0.911	0.344	-4.202	-1.993	-1.491	-1.274	-1.146	-1.028	-2.006	-5.079	-3.415	-0.939	-1.747	-2.976	-0.351	0.408	0.069	-0.384	0.165	0.342	-2.73	-0.583	0.06	-2.8	-1.964	-0.994	-2.779	-2.158	-1.538	0.507	-3.013	-0.043	-0.095	0.148
"YJR032W"	0.379	0.051	0.086	-2.197	-1.721	-0.908	-1.348	-1.137	-1.097	-2.635	-3.054	-1.562	-1.546	-1.609	-1.727	0.236	0.13	0.105	-0.093	0.401	0.34	-0.555	-0.151	0.24	-1.432	-1.954	-0.978	-2.495	-1.712	-1.064	-0.219	-0.585	0.433	0.388	0.485
"YJR042W"	0.048	-0.111	0.7245	-0.579	-0.309	0.4115	-0.863	-1.05	0.09	-1.7145	-1.7805	-0.5365	-0.4935	-0.3795	-0.1555	-0.301	-0.075	-0.185	-0.203	0.026	-0.018	-1.412	-0.2715	0.522	-0.459	-0.869	-1.0165	-0.7765	-0.563	-0.8	0.26	0.3495	0.0395	0.0405	-0.3805
"YJR047C"	0.828	0.68	0.494	-1.68	-1.561	-0.57	-0.362	-0.423	-0.619	-1.06	-3.054	-0.793	-0.66	-1.285	-2.504	-0.244	0.214	-0.162	-0.277	-0.323	0.265	-1.248	-0.184	0.623	-1.973	-1.411	-1.555	-1.978	-1.688	-1.092	0.666	0.218	0.755	0.732	0.686
"YJR054W"	0.207	0.353	0.573	-2.133	-1.476	-0.652	-1.292	-1.086	-0.967	-1.262	-2.301	-1.302	-1.305	-2.0	-1.547	-0.586	0.145	-0.451	-0.337	-0.062	0.031	-0.945	-0.259	-0.628	-2.156	-2.072	-1.384	-2.504	-1.804	-1.541	0.177	0.771	-0.098	0.016	-0.073
"YJR070C"	1.246	1.272	1.129	-5.317	-3.975	-3.514	-3.056	-2.526	-3.68	-3.511	-7.226	-3.471	-1.463	-2.254	-2.322	0.174	0.257	0.289	-0.495	-0.414	0.464	-3.782	-0.998	0.309	-3.069	-2.355	-1.434	-3.754	-3.104	-2.692	-0.118	-2.357	0.326	0.176	0.34
"YJR123W"	1.3	1.246	1.081	-3.844	-3.276	-3.279	-3.375	-2.46	-3.124	-4.381	-9.147	-3.809	-2.639	-3.543	-4.006	-0.173	0.165	0.09	-0.184	-0.57	-0.141	-2.759	-0.341	0.658	-4.305	-3.113	-2.761	-3.711	-4.025	-2.566	0.164	-1.533	0.391	0.291	0.314
"YJR124C"	1.0	0.633	0.643	-2.856	-1.786	-1.605	-1.729	-2.069	-2.068	-2.359	-2.412	-1.609	-1.401	-1.723	-2.242	-0.557	-0.04	0.403	-0.283	-0.304	0.352	-1.013	-0.619	0.152	-1.665	-1.941	-1.098	-3.078	-2.439	-1.866	-0.699	-1.495	-0.012	-0.089	-0.125
"YJR145C"	1.17	1.341	0.963	-4.507	-3.488	-3.177	-2.731	-2.328	-2.413	-3.54	-6.528	-3.551	-2.519	-3.105	-3.178	-0.185	0.134	-0.333	-0.365	0.112	-0.168	-3.157	0.091	0.803	-4.335	-3.373	-2.551	-4.108	-3.771	-2.74	-0.107	-1.724	0.61	0.573	0.516
"YKL060C"	0.893	0.662	0.475	-2.383	-1.744	-0.364	-0.454	-0.207	-0.401	-1.412	-4.684	-0.705	-0.564	-1.392	-2.196	0.289	0.193	-0.003	0.196	0.065	0.008	-0.854	0.04	-0.169	-2.26	-1.568	-0.858	-1.374	-1.758	-1.542	0.318	-0.251	0.221	-0.299	0.136
"YKL081W"	1.515	1.025	0.724	-3.858	-3.184	-2.035	-2.096	-2.542	-3.137	-4.49	-5.155	-3.28	-2.997	-2.811	-3.497	-0.487	0.19	-0.072	-0.7	-0.212	-0.179	-1.189	-0.671	0.483	-3.076	-3.449	-2.509	-3.386	-3.054	-2.989	0.352	-1.568	0.042	-0.067	-0.056
"YKL113C"	0.343	0.5745	0.7735	-2.701	-1.2675	-0.4395	-0.323	-0.7775	-0.721	-2.6995	-2.644	-2.212	-1.4465	-1.3135	-1.721	-0.558	0.349	0.069	-0.07	-0.288	0.228	-1.054	-0.086	-0.02	-2.369	-1.556	-1.993	-3.3	-1.92	-0.94	-0.589	-0.074	0.653	0.341	0.224
"YKL154W"	0.426	0.727	0.541	-1.585	-1.703	-1.223	-1.327	-1.486	-1.312	-2.701	-3.89	-1.149	-1.765	-2.132	-2.222	0.314	0.132	0.168	0.247	0.157	0.215	-0.316	-0.004	0.328	-2.361	-2.137	-1.684	-2.702	-2.572	-1.419	-0.507	-0.427	0.464	0.41	0.433
"YKL180W"	1.141	1.368	0.983	-2.661	-2.738	-2.549	-1.831	-1.633	-1.857	-2.561	-5.237	-2.625	-2.059	-2.04	-2.857	0.305	0.09	-0.118	0.086	0.441	-0.05	-2.497	-0.38	0.734	-3.827	-3.339	-2.213	-3.071	-2.962	-2.254	0.366	-1.732	0.586	0.59	0.534
"YKL225W"	-0.485	-0.433	-1.078	NaN	NaN	1.0	NaN	NaN	NaN	0.17	NaN	NaN	1.249	1.07	0.903	-0.118	-0.047	-0.267	0.069	-0.313	-0.232	NaN	0.111	-0.676	0.88	1.753	1.196	0.668	0.51	0.376	0.069	0.615	-0.048	-0.04	-0.436
"YKR013W"	0.541	0.271	0.186	-2.29	0.17	0.856	-0.056	-1.541	-0.64	-3.03	-2.894	-1.04	-0.508	-0.788	-2.208	-0.005	0.02	0.206	0.095	0.016	0.024	-0.484	0.186	-1.065	-1.706	-0.942	-1.089	-2.752	-1.641	-0.256	0.159	-0.672	-0.049	-0.292	-0.158
"YKR026C"	0.833	0.523	0.517	-3.144	-2.386	-1.661	-2.212	-1.705	-1.843	-2.863	-3.755	-1.979	-1.858	-2.363	-2.231	-0.144	0.439	-0.065	0.061	0.224	0.237	-1.214	-0.003	0.172	-2.323	-1.851	-0.992	-1.972	-2.064	-1.268	-0.39	-1.269	0.441	0.351	0.383
"YKR076W"	-1.827	-1.823	-0.018	3.875	3.412	4.51	4.77	4.76	3.109	4.215	-0.113	2.875	4.985	4.234	3.654	0.547	-0.135	0.269	0.576	0.117	0.041	0.155	-0.267	0.612	3.013	2.863	1.964	4.538	3.998	2.687	0.161	1.017	-0.572	-0.491	-0.595
"YKR094C"	0.976	0.977	0.785	-3.138	-2.914	-2.619	-2.274	-1.978	-2.41	-2.464	-4.383	-2.102	-1.792	-2.197	-2.387	-0.112	-0.036	-0.21	-0.2	-0.246	-0.055	-3.122	-0.353	0.617	-3.423	-2.549	-1.96	-3.694	-3.422	-2.865	-0.397	-1.704	0.545	0.622	0.526
"YLL044W"	1.121	1.115	1.006	-4.871	-3.525	-3.158	-2.869	-2.211	-2.963	-3.79	-6.48	-3.313	-2.724	-3.494	-3.967	-0.461	0.327	-0.248	-0.238	-0.024	0.547	-2.458	-0.643	0.611	-3.189	-2.774	-2.055	-3.806	-2.77	-2.196	0.388	-2.417	0.595	0.521	0.575
"YLL045C"	1.394	1.348	1.206	-3.851	-3.176	-2.506	-2.189	-1.64	-2.221	-3.857	-6.618	-3.169	-2.943	-3.021	-3.731	0.17	0.243	-0.171	0.099	0.258	0.182	-2.44	-0.249	0.757	-3.449	-2.833	-2.875	-3.788	-3.87	-2.635	-0.009	-2.053	0.56	0.472	0.444
"YLR029C"	1.094	0.903	0.831	-3.174	-2.641	-3.465	-2.572	-2.334	-3.108	-3.615	-6.877	-2.777	-2.242	-2.378	-2.987	0.306	0.511	0.385	0.572	0.37	0.136	-1.866	0.087	0.22	-3.518	-2.733	-2.594	-3.637	-2.766	-2.153	0.015	-1.718	0.532	0.559	0.503
"YLR048W"	1.193	1.041	0.762	-4.075	-2.679	-2.64	-2.034	-2.257	-1.88	-3.645	-3.72	-3.296	-2.294	-2.17	-3.634	-0.066	0.394	0.356	0.081	-0.249	0.225	-2.114	-0.418	0.028	-4.39	-3.403	-3.16	-4.032	-3.798	-2.576	0.016	-2.177	0.322	0.261	0.255
"YLR057W"	0.0	0.142	0.049	NaN	NaN	-0.911	-2.409	-2.365	-3.663	-1.719	-4.294	-1.018	-1.683	-1.94	-2.121	-0.139	-0.005	-0.398	-0.119	0.159	-0.026	NaN	-0.374	0.156	-1.58	-1.1	-0.963	-1.663	-1.084	-0.746	-0.982	-0.619	-0.684	-0.331	-0.08
"YLR062C"	1.164	1.05	1.07	-4.53	-4.418	-3.352	-3.067	-3.127	-4.077	-5.705	-6.896	-3.6	-4.299	-4.293	-5.234	0.136	0.245	-0.028	-0.138	-0.324	0.189	-2.165	-0.184	0.648	-3.806	-3.723	-3.681	-4.54	-4.001	-2.894	-0.273	-1.905	0.558	0.577	0.576
"YLR075W"	1.136	1.067	1.166	-4.356	-3.127	-2.622	-2.246	-2.047	-2.366	-1.991	-6.109	-2.552	-1.003	-2.135	-2.586	0.115	0.172	0.014	0.024	-0.197	0.3	-1.53	0.375	0.01	-4.584	-2.951	-2.268	-4.051	-3.6	-2.245	-0.346	-1.555	0.465	0.486	0.316
"YLR076C"	0.754	1.03	0.762	-3.332	-2.564	-2.261	-1.808	-1.463	-1.839	-1.78	-4.142	-1.405	-1.198	-1.871	-1.996	-0.072	0.283	0.015	0.274	0.114	0.15	-0.264	0.212	0.183	-4.238	-2.762	-2.446	-3.867	-3.418	-2.353	-0.081	-1.361	0.667	0.564	0.642
"YLR083C"	0.768	0.765	0.758	-3.703	-2.067	-1.922	-1.598	-2.021	-2.216	-3.767	-5.137	-2.718	-2.29	-3.88	-3.36	0.207	0.278	0.334	0.254	0.128	0.152	-1.961	-0.585	0.072	-3.186	-2.942	-1.706	-3.492	-2.869	-2.182	-0.538	-2.271	-0.095	0.008	0.072
"YLR129W"	0.833	0.944	0.869	-4.83	-2.28	-3.089	-2.498	-2.028	-2.718	-2.877	-4.914	-3.12	-2.714	-2.42	-3.068	-0.667	-0.281	-0.376	-0.722	-0.185	0.335	-1.808	-0.663	0.43	-3.422	-2.781	-1.86	-4.119	-2.843	-2.213	-0.836	-1.753	-0.149	-0.011	-0.095
"YLR150W"	1.346	1.264	0.864	-2.804	-2.168	-1.847	-1.165	-1.319	-1.005	-2.579	-6.397	-2.284	-1.785	-1.84	-2.771	-0.068	0.455	-0.111	0.151	-0.31	0.359	-2.015	0.117	0.601	-3.064	-2.211	-1.554	-2.235	-2.285	-1.844	0.639	-1.093	0.6	0.425	0.504
"YLR183C"	0.428	0.457	0.554	-3.26	-2.307	-0.689	-1.607	-1.65	-1.912	-3.664	-3.782	-1.854	-1.791	-3.695	-3.132	0.028	0.156	0.357	0.089	-0.18	0.071	-1.281	0.333	0.193	-1.962	-2.055	-2.425	-3.342	-2.647	-1.395	-0.861	-0.63	-0.025	0.139	0.258
"YLR185W"	1.047	1.135	0.922	-4.508	-3.498	-3.001	-2.551	-2.201	-2.749	-2.578	-5.928	-2.94	-2.015	-2.479	-3.065	0.109	0.406	0.09	0.109	-0.035	-0.065	-2.147	-0.262	0.658	-3.712	-3.007	-2.345	-3.488	-3.242	-2.643	-0.245	-1.832	0.544	0.663	0.539
"YLR188W"	0.334	0.519	0.173	-1.007	0.127	0.243	0.057	0.201	-0.146	-1.732	-2.848	-0.804	-0.637	-1.07	-1.029	-0.098	0.056	-0.214	-0.074	0.064	-0.006	NaN	-0.054	0.388	-2.305	-1.115	-1.301	-1.402	-1.335	-1.126	-0.103	-0.586	-0.04	-0.176	-0.151
"YLR264W"	0.631	0.922	0.819	-3.105	-2.523	-2.018	-1.862	-1.529	-1.693	-2.597	-5.152	-2.945	-1.649	-2.334	-2.391	0.066	0.2	0.514	0.45	0.354	0.294	-1.162	-0.924	0.037	-3.507	-2.202	-1.49	-3.145	-2.797	-2.013	-0.293	-1.505	0.583	0.465	0.465
"YLR293C"	0.886	0.877	1.013	-3.594	-2.185	-2.087	-2.565	-2.207	-2.675	-3.488	-6.281	-2.107	-2.379	-3.03	-3.186	-0.556	0.45	-0.186	-0.54	-0.14	0.475	-0.934	0.009	0.382	-3.113	-2.525	-1.847	-2.822	-2.422	-1.899	0.629	-1.162	0.372	0.457	0.406
"YLR333C"	1.149	0.802	0.708	-3.93	-3.067	-2.402	-2.401	-1.851	-2.342	-3.011	-5.863	-3.538	-1.584	-2.45	-2.848	0.478	0.19	0.155	0.317	-0.163	0.246	-1.828	-0.45	0.106	-4.086	-2.673	-1.894	-3.582	-2.843	-2.359	-0.212	-1.107	0.833	0.84	0.705
"YLR339C"	0.906	0.66	0.586	-3.243	-2.951	-2.69	-2.664	-3.285	-3.76	-4.988	-6.865	-2.453	-2.461	-3.161	-3.973	-0.403	0.375	0.214	0.006	-0.057	0.058	-2.141	-0.58	-0.059	-4.034	-3.474	-3.052	-3.409	-3.723	-3.161	0.013	-1.795	0.263	0.318	0.291
"YLR340W"	1.063	1.164	0.822	-2.59	-2.224	-2.566	-1.969	-2.963	-2.876	-4.11	-6.819	-2.128	-2.702	-3.206	-4.105	-0.219	0.266	0.399	0.112	-0.455	-0.273	-1.649	-0.59	0.16	-4.14	-3.346	-3.304	-3.405	-3.289	-2.708	0.456	-1.809	0.416	0.483	0.338
"YLR344W"	1.172	0.989	0.717	-3.262	-2.447	-2.374	-1.944	-1.903	-1.785	-3.139	-4.414	-3.245	-1.824	-2.383	-3.724	-0.331	-0.001	-0.44	-0.494	-0.034	0.107	NaN	-0.332	0.525	-3.46	-2.977	-2.583	-4.22	-3.608	-2.781	-0.033	-1.789	0.627	0.683	0.555
"YLR355C"	1.174	1.252	0.973	NaN	-3.638	NaN	-3.036	-0.712	-1.153	-5.125	-6.009	-3.526	-1.878	-1.989	-3.088	-1.005	0.425	-0.542	-1.047	0.057	-0.061	-3.118	-1.028	0.338	-3.857	-2.137	-2.153	-4.176	-2.151	-2.062	0.447	-3.092	0.223	0.099	0.056
"YLR372W"	0.939	1.022	0.965	-4.565	-3.104	-2.096	-2.432	-2.818	-3.001	-2.731	-4.512	-3.069	-2.844	-3.456	-3.544	0.343	0.168	0.575	0.151	0.01	-0.07	-2.933	-0.726	0.031	-3.386	-2.674	-2.156	-3.936	-3.603	-2.623	-0.503	-2.133	0.576	0.622	0.499
"YLR388W"	1.213	1.145	0.956	-3.12	-2.544	-2.264	-1.926	-1.98	-1.738	-3.596	-5.506	-3.204	-2.232	-2.581	-3.193	0.074	0.395	0.428	0.299	0.204	0.091	-1.781	-0.349	-0.078	-3.674	-2.798	-2.25	-3.762	-3.521	-2.816	-0.098	-1.536	0.883	0.795	0.727
"YLR430W"	0.0465	0.311	-0.0375	-0.4255	-0.118	0.165	0.128	-0.606	-0.4585	-0.045	-1.768	-0.445	-0.4805	-1.0295	0.23	-0.095	-0.012	-0.086	-0.162	-0.035	-0.018	0.1495	0.078	-0.1995	-0.8295	-0.5815	-0.61	-1.052	-0.479	-0.4065	-0.2105	-0.3515	0.112	0.058	0.041
"YLR432W"	0.975	0.949	0.793	-2.58	-2.16	-2.424	-1.536	-1.818	-2.129	-3.532	-5.65	-2.412	-1.934	-2.482	-3.034	-0.165	0.424	0.302	-0.101	-0.117	0.002	-2.238	-0.346	-0.116	-3.491	-3.179	-2.252	-3.412	-2.927	-2.885	0.095	-3.235	0.108	-0.016	0.05
"YLR435W"	1.251	1.0	0.731	-4.216	-2.534	-2.556	-2.839	-2.421	-2.684	-2.8	-3.819	-1.506	-2.038	-2.387	-2.149	0.08	0.026	0.164	-0.754	0.091	0.286	-2.285	-0.375	0.132	-2.298	-2.662	-2.618	-4.563	-2.595	-2.03	-0.348	-0.794	0.27	0.008	0.048
"YLR441C"	1.252	1.221	0.945	NaN	-3.118	-6.259	NaN	-0.19	-1.352	NaN	-12.655	-3.365	-3.329	-3.986	-4.389	0.254	0.149	0.068	-0.042	0.036	0.528	-2.126	0.394	0.639	-4.558	-3.19	-2.531	-3.957	-3.819	-2.681	0.22	-1.474	0.477	0.341	0.414
"YLR448W"	1.062	0.837	0.739	-4.815	-3.882	-3.116	-3.083	-2.052	-2.688	-3.552	-5.971	-3.425	-2.668	-3.192	-4.132	-0.504	0.394	-0.306	-0.404	-0.209	0.146	-0.962	-0.058	0.803	-4.85	-3.788	-3.07	-4.791	-4.505	-3.161	0.476	-1.946	0.422	0.339	0.365
"YML018C"	1.047	0.914	1.055	-3.624	-2.452	-2.174	-2.315	-1.808	-2.038	-2.284	-3.383	-1.603	-1.452	-1.922	-2.274	-0.142	0.342	0.627	-0.175	-0.715	-0.079	-2.928	-0.538	-0.086	-2.241	-2.024	-1.829	-3.046	-1.902	-2.258	-0.131	-1.421	1.688	1.626	1.552
"YML037C"	0.241	0.304	-0.025	-0.778	-0.717	-0.033	0.224	-0.307	3.044	-1.42	-3.869	-0.16	-0.602	-0.714	-0.836	-0.208	-0.156	-0.239	-0.283	-0.3	-0.132	-1.594	-0.406	0.793	-0.457	-0.594	-0.386	-1.27	-0.853	-0.602	-0.285	0.104	0.15	0.096	0.014
"YML063W"	1.401	1.17	1.219	-4.408	-3.73	-3.027	-2.778	-2.416	-2.904	-4.048	-13.273	-3.657	-3.123	-3.364	-4.059	0.199	0.278	0.298	0.202	0.003	0.268	-2.033	0.469	0.72	-4.819	-3.531	-2.707	-4.008	-3.578	-2.829	-0.066	-1.582	0.37	0.336	0.42
"YML103C"	0.661	-0.0625	0.373	-0.6295	-1.4415	-0.4125	-0.95	-0.68	-0.798	-1.649	-1.519	-0.0135	-1.437	-0.885	-0.9345	-0.567	0.053	-0.032	-0.302	-0.272	0.037	0.2325	-0.41	0.6265	-1.2065	-1.304	-0.783	-0.863	-0.852	-0.8295	-0.023	-0.2755	0.1665	0.174	-0.07
"YMR010W"	0.558	0.434	0.329	-0.879	-0.7	-0.471	-0.908	-1.284	-0.883	-1.643	-4.183	-1.002	-1.189	-1.308	-1.893	0.017	0.23	0.206	0.032	0.142	-0.12	1.08	0.316	0.617	-2.599	-1.8	-0.918	-1.583	-1.497	-1.252	0.152	-1.041	-0.373	-0.153	-0.246
"YMR123W"	0.782	0.578	0.532	-3.098	-1.897	-1.503	-2.225	-2.491	-2.616	-2.374	-3.061	-2.235	-1.615	-1.137	-1.512	-0.453	-0.071	-0.202	-0.062	-0.148	0.021	-0.689	0.177	0.551	-2.52	-1.331	-1.183	-1.533	-1.272	-0.879	0.22	-0.531	0.499	0.6	0.401
"YMR202W"	0.632	0.617	0.743	-3.652	-2.101	-2.009	-1.785	-2.236	-2.852	-4.391	-5.431	-1.983	-2.263	-2.876	-2.931	0.271	0.432	0.299	0.06	0.369	0.175	-1.477	-0.244	-0.606	-3.376	-2.583	-2.939	-3.34	-2.624	-2.11	-0.305	-0.314	0.745	0.677	0.519
"YMR239C"	1.348	0.907	0.902	-4.414	-2.819	-2.693	-2.296	-1.587	-2.209	-2.176	-3.323	-2.372	-2.236	-2.42	-2.415	-0.77	0.112	0.043	-0.689	-0.244	0.723	-1.262	0.35	0.625	-3.048	-3.138	-2.128	-4.048	-2.804	-2.334	-1.096	-1.419	-0.012	0.005	0.149
"YMR242C"	1.262	1.333	1.294	-4.702	-3.631	-3.819	-3.001	-2.522	-3.032	-3.971	-6.226	-3.832	-2.601	-3.133	-3.475	0.037	0.362	0.25	0.061	0.115	0.317	-2.152	0.025	0.891	-4.158	-3.141	-2.446	-4.607	-3.588	-2.771	-0.183	-1.905	0.573	0.505	0.501
"YNL001W"	0.911	0.764	0.811	-0.834	-1.185	-0.646	-0.823	-1.065	-0.887	-1.318	-3.241	-0.89	-1.116	-1.395	-1.761	0.023	-0.124	-0.112	-0.144	0.27	0.151	-0.331	0.435	0.399	-0.858	-0.96	-0.981	-1.187	-0.754	-1.034	-0.73	-0.241	0.28	0.221	0.239
"YNL049C"	0.249	0.139	-0.067	-2.113	-1.251	-0.799	-0.864	-0.74	-0.673	-2.162	-4.607	-0.939	-1.564	-1.776	-1.25	-0.39	-0.006	-0.366	-0.284	-0.255	0.091	-0.098	-0.248	0.217	-2.403	-1.941	-1.268	-2.3	-1.6	-1.171	-0.305	-0.409	-0.071	-0.186	-0.089
"YNL062C"	1.074	0.899	0.774	-4.157	-2.785	-2.295	-2.256	-1.556	-2.835	-3.07	-6.263	-2.304	-1.717	-2.639	-2.206	-0.45	-0.123	-0.091	-0.317	-0.121	0.791	-1.603	-0.254	0.114	-2.698	-2.338	-1.801	-2.838	-2.509	-1.871	-0.659	-1.431	0.363	0.273	0.301
"YNL067W"	1.17	1.166	0.859	-4.019	-2.871	-2.193	-2.054	-1.807	-2.908	-2.84	-5.731	-2.866	-1.884	-1.906	-2.76	-0.012	0.091	-0.224	-0.184	0.171	0.715	-1.22	0.191	0.639	-2.698	-2.15	-2.329	-3.107	-2.534	-2.013	-0.156	-1.875	0.594	0.722	0.553
"YNL069C"	1.134	0.991	0.906	-3.663	-3.006	-2.506	-1.993	-1.978	-2.285	-4.006	-4.824	-3.44	-2.107	-2.509	-3.665	0.134	-0.048	0.216	0.005	0.012	0.167	-1.327	-0.424	0.311	-3.601	-3.131	-2.286	-3.741	-3.469	-3.02	0.162	-1.852	0.547	0.432	0.474
"YNL119W"	1.189	1.033	0.844	-6.697	-3.692	-2.694	-2.909	-2.2	-3.337	-5.354	-6.231	-3.359	-2.822	-2.843	-3.318	0.014	0.189	0.251	-0.011	-0.54	0.107	-1.853	0.084	0.576	-3.587	-2.801	-2.871	-4.042	-2.748	-2.546	-0.765	-1.972	0.578	0.514	0.536
"YNL162W"	1.123	1.003	1.055	-3.953	-3.395	-3.14	-2.838	-2.175	-2.163	-2.858	-6.425	-2.86	-1.742	-2.487	-3.468	-0.063	-0.276	-0.445	-0.352	-0.226	0.423	-2.304	0.246	0.656	-2.704	-2.701	-2.189	-3.916	-3.323	-2.825	-0.532	-0.901	0.541	0.569	0.454
"YNL175C"	1.14	1.152	0.899	-4.877	-2.65	-2.975	-2.4	-2.146	-2.117	-2.872	-6.011	-2.575	-2.404	-3.809	-2.849	-0.738	0.262	0.064	-0.46	0.585	0.579	-2.87	-0.182	0.349	-0.8535	-1.5355	-1.0065	-2.5475	-1.882	-1.502	-0.1745	-0.823	-0.143	-0.077	-0.2
"YNL221C"	-0.331	0.141	0.046	-1.599	-1.208	-0.966	-0.606	-0.293	-0.375	-2.485	-3.396	-0.839	-0.896	-2.055	-1.934	-0.473	-0.151	-0.238	-0.281	-0.047	-0.116	-0.937	-0.187	-0.133	-0.845	-1.234	-1.253	-1.785	-1.583	-0.942	-0.345	-0.634	0.203	-0.002	0.127
"YNL248C"	1.117	1.227	1.182	-5.716	-3.559	-4.488	-3.442	-2.794	-3.857	-4.575	-5.215	-3.866	-2.98	-3.902	-3.609	-0.41	0.275	0.284	-0.448	-0.372	0.826	-2.931	-0.359	0.36	-4.652	-4.217	-2.416	-6.193	-3.878	-3.385	-0.129	-3.661	0.342	0.31	0.171
"YNL301C"	1.125	1.063	1.048	-2.992	-2.551	-2.514	-2.036	-1.241	-3.266	-5.123	-6.272	-2.943	-2.652	-2.985	-3.448	-0.32	0.276	0.161	-0.09	-0.001	0.227	-2.257	-0.168	0.038	-4.167	-3.163	-3.507	-4.02	-3.032	-2.764	-0.33	-1.771	0.683	0.711	0.613
"YNL302C"	0.265	1.061	0.8545	-2.266	-2.265	-1.899	-2.1795	-1.762	-1.752	-2.1925	-4.746	-2.3395	-1.1605	-1.0695	-1.549	0.366	0.715	0.279	0.247	0.126	0.432	-1.815	0.178	0.185	-4.107	-3.25	-2.449	-3.631	-3.426	-2.699	-0.057	-1.67	0.717	0.713	0.774
"YNR075W"	0.046	-0.433	-0.0565	-0.6535	-0.539	-0.2095	-0.3975	-0.7665	-0.638	-0.3305	-2.3245	-0.0655	0.81	0.124	-0.25	-0.968	0.189	-0.096	-0.216	0.057	-0.145	0.463	-0.257	-0.489	0.066	-0.8695	-1.4965	-0.81	-1.021	-1.001	-0.024	0.0915	-0.3305	-0.5905	-0.6485
"YOL006C"	0.131	0.024	-0.6985	-1.2725	-0.9525	-0.9185	-0.526	-0.206	-0.501	-1.364	-2.867	-0.9795	-1.562	-2.301	-2.095	-0.07	0.137	0.132	-0.156	0.041	0.192	-0.488	0.009	-0.265	-2.072	-2.323	-2.188	-3.244	-1.565	-1.324	-0.391	-0.024	0.356	0.338	0.259
"YOL021C"	0.668	0.757	0.344	-0.353	-1.049	0.1945	0.1075	-0.0775	0.0245	-1.2185	-1.766	-0.3245	-2.168	-2.518	-2.302	-0.53	-0.099	-0.508	-0.534	0.104	0.484	-1.512	-0.497	0.676	-1.7175	-1.9765	-1.943	-1.8355	-1.754	-1.3315	-0.624	-0.5415	-0.064	-0.1155	0.0085
"YOL039W"	0.917	1.044	1.1605	-0.9415	0.4395	0.183	-1.8	-0.399	-2.363	-2.068	-7.971	-0.1815	-2.476	-3.262	-3.256	0.233	0.115	0.02	0.168	-0.256	0.194	-1.044	-0.707	0.297	-3.167	-2.856	-2.746	-3.392	-3.542	-3.052	0.096	-1.381	0.866	0.934	0.716
"YOL040C"	0.975	1.057	0.9	-0.886	-3.313	-1.742	-1.998	-0.3965	-0.1425	-3.032	-6.413	-3.385	-2.028	-2.837	-3.657	-0.331	0.167	-0.229	-0.217	-0.087	-0.119	-1.655	0.007	0.826	-4.411	-3.555	-2.716	-3.746	-3.451	-2.823	0.379	-1.611	0.564	0.609	0.45
"YOL127W"	1.172	1.054	0.8155	-4.1025	-1.8795	-2.007	-3.156	-1.312	-1.0525	-1.335	-2.676	-1.0185	-1.546	-2.041	-3.172	0.137	0.247	0.035	-0.006	-0.275	-0.152	-2.573	-0.056	0.223	-3.393	-2.333	-2.293	-3.103	-2.261	-2.342	0.501	-1.577	0.576	0.662	0.713
"YOL141W"	0.667	0.467	0.273	-1.935	-0.7855	0.255	-0.603	-0.4725	-1.037	-0.0209999999999999	0.798	-1.444	-1.056	-1.843	-1.373	-1.386	-0.143	0.168	-0.872	-0.245	0.73	-0.434	-0.748	0.686	-1.469	-1.199	-2.44	-2.852	-1.52	-1.309	-0.386	-1.155	-0.63	-0.598	-0.637
"YOR026W"	0.564	0.398	0.16	-0.0475	-2.095	-0.9785	0.0735	-0.1265	0.158	-1.56	-3.005	-0.741	-1.398	-2.371	-2.132	-0.602	-0.016	0.177	0.016	0.216	0.289	0.269	-0.099	0.717	-0.631	-0.506	-0.948	-1.67	-0.798	-0.352	-0.723	-0.563	0.525	0.574	0.635
"YOR143C"	0.924	0.873	0.761	-1.3305	-1.258	-0.9805	-0.8235	-1.087	-0.9955	-1.9845	-2.7675	-0.608	-1.238	-1.659	-0.839	0.148	0.086	0.426	0.015	-0.501	-0.085	-1.327	-0.115	-0.499	-1.358	-1.59	-1.652	-1.73	-1.668	-1.2	-0.196	-1.131	0.665	0.585	0.658
"YOR197W"	0.485	0.262	0.0945	-1.8265	-0.664	-0.497	-1.0065	-1.1345	-1.492	-1.971	-3.178	-0.799	-1.165	-1.398	-1.64	-0.045	0.386	0.032	-0.426	0.274	0.421	-0.693	0.057	-0.405	-1.618	-1.408	-1.807	-1.578	-0.69	-1.05	0.101	0.414	0.157	-0.268	-0.207
"YOR233W"	0.482	0.493	0.481	-2.481	-1.647	-1.294	-1.205	-2.3215	-1.0315	-2.672	-3.781	-2.3125	-1.124	-0.919	-0.984	-0.372	-0.054	-0.23	-0.679	-0.184	-0.046	-1.472	-0.276	0.017	-2.549	-1.796	-1.787	-2.621	-1.978	-1.207	-0.596	-0.298	0.031	-0.123	0.017
"YOR243C"	1.203	1.139	1.2455	-3.8055	-2.475	-2.128	-2.1915	-1.6015	-2.2855	-3.3625	-4.3935	-2.588	-2.865	-4.484	-3.863	-0.08	0.211	0.455	-0.26	-0.194	0.253	-1.855	-0.22	0.132	-1.759	-1.808	-1.803	-2.825	-2.065	-1.562	0.067	-1.862	-0.158	-0.131	0.04
"YOR254C"	0.5	0.296	0.314	-2.6515	-1.5795	-1.235	-1.406	-1.671	-1.5485	-2.192	-6.426	-2.053	-2.354	-2.689	-2.309	0.004	0.061	-0.304	0.002	-0.192	0.299	-0.521	-0.03	0.281	-2.166	-2.254	-1.27	-2.342	-2.212	-1.537	-0.304	-1.445	-0.384	-0.504	-0.281
"YOR287C"	1.303	0.905	0.848	-3.973	-1.9405	-1.3085	-1.2635	-0.8975	-1.385	-1.4075	-2.752	-2.833	-1.379	-1.621	-2.266	-0.145	0.051	0.149	-0.57	0.676	0.28	-1.65	0.151	-0.286	-2.365	-2.712	-1.181	-3.411	-1.923	-1.759	-0.88	-0.642	0.188	0.084	0.143
"YPL043W"	0.604	1.064	1.0935	-4.668	-2.8315	-2.8295	-2.0985	-2.036	-2.04	-2.4695	-3.79	-3.157	-1.995	-2.623	-2.739	-1.027	0.286	0.335	-0.995	-0.15	0.5	-2.192	-0.523	0.008	-3.093	-2.958	-2.833	-4.308	-2.784	-2.516	-0.106	-0.833	0.339	0.224	0.282
"YPL050C"	0.45	0.423	0.6185	-1.673	-1.242	-0.8915	-1.0575	-1.3725	-1.293	-2.2165	-4.275	-1.6985	-1.143	-1.8	-1.614	-0.015	0.016	0.104	-0.222	0.089	0.6	-1.016	-0.009	0.328	-2.307	-1.635	-1.108	-2.003	-1.757	-1.195	-0.408	-0.829	0.232	0.207	0.233
"YPL079W"	0.688	1.126	0.917	-4.616	-4.1965	-3.787	-3.3525	-2.3565	-2.6495	-3.892	-6.4765	-3.085	-3.015	-3.498	-4.547	0.155	0.055	0.483	-0.123	-0.072	0.254	-2.442	-0.247	0.754	-2.865	-2.753	-2.74	-3.573	-3.431	-2.725	-0.249	-1.449	0.573	0.499	0.511
"YPL090C"	0.955	0.871	0.9415	-3.9615	-3.256	-2.7785	-2.4215	-2.57	-2.203	-4.364	-6.197	-3.398	-3.292	-3.309	-4.719	0.307	0.321	0.456	0.4	-0.096	0.62	-2.36	-0.148	0.414	-4.244	-3.265	-3.165	-4.101	-3.571	-2.951	-0.132	-1.747	0.512	0.472	0.476
"YPL142C"	1.023	1.2695	1.009	-3.1395	-2.973	-2.7515	-2.2525	-1.78	-1.891	-3.5865	-5.604	-2.825	-2.148	-2.632	-2.979	-0.195	0.153	0.026	0.08	0.271	0.09	-1.706	-0.319	0.527	-3.763	-3.021	-2.696	-3.677	-3.278	-2.971	0.086	-1.359	1.041	0.954	0.869
"YPL146C"	0.904	0.994	0.8155	-2.239	-1.417	-1.1295	-1.693	-1.316	-1.1555	-2.869	-3.5085	-2.007	-2.424	-3.141	-3.062	-0.303	0.208	0.164	-0.197	0.117	0.431	-1.298	0.271	0.268	-2.508	-1.864	-1.48	-2.955	-2.098	-1.463	-0.594	-1.342	-0.097	0.019	-0.182
"YPL186C"	-2.379	-2.2015	-2.18	4.53	4.047	3.681	4.3765	4.288	4.8665	3.9855	4.699	3.634	2.83	3.48	3.115	0.497	-0.002	0.267	0.295	0.06	0.201	2.578	0.046	-0.076	3.028	3.716	3.007	3.997	3.587	1.863	-0.111	3.178	0.16	-0.738	-0.664
"YPL198W"	1.284	0.94	0.968	-4.269	-3.194	-2.836	-2.46	-2.218	-2.395	-4.3605	-6.879	-3.4825	-2.487	NaN	-3.133	-0.383	0.136	-0.058	-0.466	0.128	0.342	-1.92	-0.208	0.864	-4.2325	-3.528	-3.0615	-3.4955	-4.5575	-2.68	0.043	-2.0715	0.1385	0.203	0.1645
"YPL220W"	1.277	1.154	1.2	-3.389	-2.4215	-2.18	-2.214	-2.1715	-2.2495	-3.187	-6.1465	-3.0375	-2.247	-2.571	-3.926	0.198	0.082	0.304	-0.21	-0.163	0.006	-2.179	-1.007	0.064	-3.366	-2.375	-1.67	-3.554	-2.774	-2.352	-0.226	-1.471	0.617	0.551	0.676
"YPL256C"	0.682	0.7005	0.5595	-2.5575	-0.462	-0.2895	-0.42	-1.071	-0.7235	-2.0795	-3.624	-1.276	-1.257	-2.045	-2.444	-0.851	0.037	-0.527	-0.596	0.072	-0.011	-1.911	-0.777	0.076	-1.776	-1.1975	-2.2255	-2.28	-1.733	-1.0385	0.052	-0.322	-0.3595	-0.551	-0.3645
"YPL275W"	-0.521	-0.1265	0.76	1.9545	1.6225	0.664	2.383	1.219	-0.112	0.5165	2.568	0.0585	1.648	0.605	0.884	0.0	-0.125	-0.234	-0.314	-0.155	-0.03	NaN	-0.172	-0.2	0.898	0.906	1.029	0.463	0.573	-0.084	-0.084	0.411	0.06	-0.024	-0.046
"YPR019W"	-0.173	-0.367	-0.338	-0.869	0.0865	0.314	0.329	-0.025	0.1015	-1.7075	-3.1305	-0.0595	-1.349	-2.229	-1.945	-0.394	0.045	-0.583	-0.27	-0.026	-0.02	-0.664	-0.292	-0.297	-0.6265	-0.903	-0.593	-0.2345	-0.147	-0.059	-0.449	-0.38	-0.091	0.5635	0.569
"YPR021C"	-0.263	-0.6075	-0.5125	0.815	1.2025	1.411	1.0045	0.663	0.86	-0.7255	-2.3645	0.1975	-0.364	-1.419	-0.959	0.373	0.044	-0.117	0.48	-0.178	-0.231	1.079	0.023	0.59	-0.016	0.793	0.45	0.787	0.985	0.867	-0.292	0.786	-0.319	-0.226	-0.043
"YPR041W"	0.9545	0.966	0.728333333333333	-1.871	-1.85166666666667	-1.45933333333333	-1.579	-1.647	-1.48733333333333	-2.36366666666667	-4.07266666666667	-2.403	-1.805	-1.8775	-2.441	-0.041	0.324	0.207	-0.02	-0.175	0.507	-1.4665	0.128	0.362	-3.035	-2.533	-1.793	-3.187	-2.708	-2.293	-0.727	-1.53	0.39	0.139	0.224
"YPR044C"	0.9015	0.928	0.892333333333333	-3.163	-2.92933333333333	-2.74733333333333	-2.52066666666667	-2.15066666666667	-2.388	-2.87	-4.76433333333333	-3.21966666666667	-1.2955	-1.702	-1.9615	-0.24	-0.319	-0.292	-0.294	0.187	0.078	-1.73	-0.497	0.435	-2.586	-2.282	-1.954	-2.862	-2.352	-2.43	0.11	-0.749	0.697	0.724	0.621
"YPR048W"	0.566	0.6465	0.7375	-2.418	-1.727	-1.4995	-1.435	-0.981	-1.3005	-2.8705	-3.8405	-1.898	-1.405	-2.428	-1.555	-0.388	0.161	0.402	-0.148	-0.159	0.323	-1.111	-0.223	0.059	-2.436	-1.723	-1.414	-2.631	-1.888	-1.43	-0.867	-1.084	0.078	0.004	0.14
"YPR060C"	0.26	0.5105	0.719	-3.5465	-3.094	-2.8645	-3.075	-3.446	-3.377	-2.069	-3.801	-1.7345	-2.107	-3.352	-2.894	-0.385	0.045	0.169	-0.463	-0.066	0.59	-0.962	0.401	0.63	-2.631	-1.945	-1.996	-2.784	-2.741	-2.38	-0.793	-0.863	0.359	0.658	0.589
"YPR102C"	1.367	1.2	1.1555	-3.521	-3.2315	-3.2945	-3.3515	-2.7315	-2.6455	-4.045	-6.451	-3.5055	-3.352	-3.749	-4.692	0.282	0.326	0.111	0.231	-0.151	0.527	-1.909	-0.043	1.051	-3.927	-2.614	-2.344	-4.015	-3.517	-2.547	-0.344	-1.558	0.509	0.411	0.422
"YPR125W"	0.523	0.4665	0.188	-1.31	-0.8665	-0.342	0.4415	-0.6235	-0.68	-1.846	-4.04	-1.064	-1.108	-1.757	-2.566	-0.311	0.069	-0.41	-0.255	-0.264	-0.228	NaN	0.379	0.79	-1.254	-1.785	-1.286	-1.445	-2.16	-1.37	-0.033	-0.453	-0.5	-0.374	-0.433
"YPR132W"	1.079	1.0155	0.901	-2.849	-3.586	-3.351	-1.806	-2.6445	-2.672	-3.1925	-5.805	-2.5895	-1.968	-2.388	-3.151	0.327	0.16	0.344	0.332	-0.019	0.4	-2.083	-0.047	0.906	-2.884	-2.466	-2.174	-2.903	-2.829	-2.063	-0.253	-1.437	0.513	0.539	0.497
"YPR163C"	1.032	1.048	1.063	-3.6815	-2.265	-2.266	-1.717	-1.8375	-0.93	-2.9485	-5.4905	-2.5635	-2.642	-2.895	-2.82	-0.029	0.338	0.59	0.107	0.157	0.333	-1.276	-0.147	0.513	-3.506	-3.14	-1.955	-3.575	-2.873	-2.034	-0.29	-1.488	0.709	0.574	0.578
"YPR181C"	0.208	0.116	0.206	-0.1035	-0.464	-0.4365	-0.5595	-1.004	-0.7715	-2.057	-3.9085	-1.173	-0.902	-1.196	-1.542	0.027	0.024	0.044	0.216	-0.015	0.311	-1.621	-0.069	0.273	-0.942	-1.661	-1.35	-1.127	-1.641	-1.174	-0.212	-1.148	-0.539	-0.436	-0.194
