	"120.w303a vs w303a fkh1 fkh2"	"404.W303a vs GZY29-3b"	"405.W303a vs GZY45-15c"	"858.YPD_1_d_30C"	"859.YPD_2_d_30C"	"860.YPD_3_d_30C"	"861.YPD_5_d_30C"	"944.starv_in_H2O_4_h_30C"	"945.starv_in_H2O_6_h_30C"	"1014.YPD 2 d (25C)"	"1015.YPD 3 d (25C)"	"1016.YPD 5 d (25C)"	"1017.YPD 7 d (25C)"	"1018.YPD 13 d (25C)"	"8284.mcm1-1 + pRS315 vs wild type (strain 8354-8C)+ pRS315"	"11466.yO1 test hyb"	"13059.wt/crz1 Na 45min (1)"	"13060.wt/crz1 Na 45min (2)"	"13068.Na/Na+FK 45min (2)"	"40951.H2O2_II_49_min"	"40952.H2O2_II_56_min"	"40953.H2O2_II_63_min"	"40954.H2O2_II_70_min"	"40955.H2O2_II_77_min"
"YAR075W"	-0.844	-0.77	-0.3	-2.296	-2.875	-4.482	-4.212	-3.18	-3.671	-2.083	-2.736	-2.115	-2.55	-2.789	-0.373	-1.346	-0.025	-0.107	-0.24	-1.133	-1.032	-1.313	-1.41	-0.586
"YBL024W"	-0.273	-0.871	-0.623	-2.175	-2.483	-4.671	-4.879	-2.114	-2.409	-2.147	-2.6055	-3.4875	-3.5465	-3.993	-0.112	-2.18	-0.008	0.125	-0.284	-3.035	-2.505	-2.409	-1.682	-1.93
"YBL027W"	-0.159	-0.43	-0.179	-2.0	-1.606	-2.671	-5.577	-2.507	-2.33	-2.4005	-2.0465	-1.9795	-2.114	-3.148	0.567	-1.6965	0.213	0.2665	0.4585	-0.6835	-1.0425	-1.2155	-0.6845	-0.0465
"YBL028C"	-0.088	-1.098	-0.583	-2.015	-2.162	-2.828	-4.867	-1.944	-1.967	-1.5655	-2.036	-1.7715	-2.0555	-1.6605	0.067	-0.937	0.27	0.338	-0.204	-0.894	-0.728	-1.554	-1.381	-0.816
"YBL056W"	-0.026	-0.629	-0.025	-1.107	-1.5	-2.142	-4.006	-0.72	-1.127	-0.2685	-0.4785	-1.057	-1.563	-1.749	-0.428	-0.785	0.021	0.022	0.315	-0.643	-1.302	-1.191	-0.388	-0.873
"YBL057C"	0.34	-0.072	0.142	-0.869	-1.672	-2.031	-2.661	-1.034	-1.105	-0.8965	-0.5975	-1.502	-1.552	-2.088	0.143	-0.27	0.45	0.575	0.395	-0.359	-0.314	-0.205	-0.606	-0.583
"YBL072C"	-0.238	0.045	0.059	-2.486	-3.041	-3.192	-6.241	-3.188	-3.091	-2.5425	-2.5865	-2.5245	-3.2065	-4.2	-0.16	-2.524	0.435	0.389	0.27	-1.46	-2.127	-2.734	-1.774	-1.695
"YBL092W"	-0.184	-0.08	-0.079	-2.138	-2.929	-2.896	-5.158	-2.665	-2.635	-2.153	-2.4445	-1.726	-2.74	-2.8475	-0.223	-1.555	0.048	0.001	0.24	-0.956	-1.304	-1.559	-1.552	-0.906
"YBR009C"	0.295	-0.856	-0.106	-2.427	-1.895	-2.257	-3.789	-1.749	-2.326	-1.5	-2.3565	-2.09	-1.6255	-2.119	0.054	-1.729	0.292	0.015	1.02	-1.399	-1.461	-1.402	-0.473	-0.597
"YBR011C"	0.033	-0.15	0.023	-0.977	-1.747	-4.081	-5.344	-0.95	-1.407	-0.649	-1.271	-2.3835	-3.0585	-3.4585	-0.907	-1.084	0.313	0.315	0.758	1.257	1.486	0.774	1.414	1.591
"YBR048W"	-0.4095	0.064	0.0505	-2.248	-2.2475	-3.0195	-5.0065	-3.295	-3.375	-2.77266666666667	-2.738	-2.849	-3.15166666666667	-3.929	-0.551	-2.013	0.012	0.0853333333333333	0.074	-0.991666666666667	-1.405	-1.542	-0.939	-0.0466666666666667
"YBR084W"	-0.479	-1.237	-0.64	-2.908	-4.006	-4.365	-5.362	-1.44	-1.534	-1.9025	-2.592	-1.934	-2.75	-2.725	-0.897	-2.65	0.223	0.198	-0.655	-3.082	-3.886	-2.886	-2.974	-2.356
"YBR118W"	-0.203	0.01	0.39	-1.283	-1.247	-2.846	-5.272	-2.128	-1.73	-1.4355	-1.294	-1.7525	-2.167	-3.221	0.197	-1.681	0.311	0.295	0.236	-0.323	-1.103	-0.958	-0.602	-0.29
"YBR121C"	-0.375	-0.355	-0.084	-2.186	-2.714	-4.037	-5.791	-2.366	-2.465	-2.416	-3.155	-4.1355	-4.173	-4.5985	-0.92	-2.249	-0.124	-0.147	0.029	-1.638	-2.356	-2.391	-1.697	-1.492
"YBR143C"	-0.249	-0.524	-0.089	-1.932	-2.537	-3.195	-4.642	-2.012	-2.112	-2.126	-2.659	-2.698	-2.699	-3.572	-0.597	-1.699	0.193	-0.03	0.005	-1.155	-1.567	-1.627	-0.99	-0.956
"YBR162C"	-0.6	-0.604	-0.856	-2.459	-0.9	-3.095	-2.678	-2.766	-0.956	-1.986	-3.0025	-3.2055	-3.1195	-3.068	-0.337	-2.557	-0.242	-0.293	-0.171	-2.199	-2.271	-1.889	-1.891	-1.054
"YBR164C"	0.229	0.14	0.283	-1.248	-1.637	-2.78	-3.277	-1.258	-1.624	-1.114	-1.4825	-1.3225	-2.355	-1.882	0.376	-1.384	0.349	0.508	0.663	-0.948	-1.266	-1.388	-1.263	-1.195
"YBR171W"	0.194	0.022	0.016	-0.876	-0.918	-2.189	-3.399	-1.477	0.216	-0.857	-1.0045	-1.2865	-1.677	-1.5245	-0.374	-0.909	-0.123	-0.139	-0.002	-0.105	0.538	0.601	-0.151	0.778
"YBR181C"	0.522	-0.115	0.488	-1.94	-2.747	-3.798	-4.564	-3.159	1.639	-2.493	-2.7035	-2.654	-2.96	-3.945	0.712	-2.337	0.1235	0.207	0.3175	-1.8015	-2.357	-2.434	-2.032	-1.7085
"YBR189W"	-0.212	-0.092	-0.545	-2.154	-2.355	-2.065	-4.702	-2.334	-2.025	-2.629	-2.467	-1.9305	-1.8835	-2.9475	0.138	-2.4025	0.25	0.172	0.0625	-1.2915	-1.663	-2.0805	-1.526	-1.496
"YBR191W"	0.131	-0.144	0.027	-1.912	-2.071	-3.167	-5.241	-2.563	-2.467	-2.496	-2.5175	-2.3795	-2.6255	-3.136	-0.107	-1.3105	0.299	0.44	0.5585	-0.8705	-1.685	-1.8235	-0.68	-0.8315
"YBR205W"	0.163	-0.368	0.143	-0.574	-0.55	-2.047	-3.842	-1.164	-1.251	-1.74	-0.5585	-0.8785	-1.5345	-2.119	0.0	-0.513	-0.212	-0.103	-0.096	-0.223	0.285	-0.181	0.255	0.627
"YBR246W"	-0.311	-0.371	0.066	-0.766	-0.796	-2.137	-3.138	-1.077	-1.419	-0.9095	-0.74	-1.3615	-1.8565	-1.287	-0.187	-0.088	0.187	0.302	0.495	-0.025	-0.173	-0.501	-0.104	-0.152
"YBR254C"	0.25	-0.436	0.113	-1.33	-1.12	-2.52	-2.891	-0.64	-1.649	-0.917	-0.773	-0.7925	-1.3065	-0.4455	-0.032	-0.239	0.492	0.214	0.202	-0.391	-0.774	-0.873	-0.884	-0.864
"YCL045C"	-0.138	-0.063	0.1205	-1.0965	-0.733	-3.044	-3.911	-1.516	-1.986	-1.123	-1.34133333333333	-2.25533333333333	-2.94333333333333	-2.69566666666667	-0.308	-0.7035	0.1105	0.074	0.1765	-0.2485	-0.568	-0.996	-0.2345	-0.424
"YCR002C"	0.319	0.194	0.125	-1.572	-1.667	-3.669	-5.182	-0.658	-1.575	-1.1235	-1.597	-2.564	-2.9535	-2.7005	-0.728	-1.48	0.136	0.273	0.565	0.727	-0.125	0.308	0.539	0.821
"YCR043C"	0.086	0.074	0.406	-2.955	-2.468	-3.689	-4.19	-1.541	-2.233	-2.015	-2.0825	-1.7505	-1.8875	-1.6275	-0.262	-1.304	0.191	0.318	-0.013	-0.664	-0.506	-1.0	-0.859	-0.701
"YDL055C"	-0.312	-0.633	-0.319	-2.613	-1.051	-3.734	-4.252	-3.202	-4.273	-1.082	-2.236	-2.058	-2.079	-2.985	-0.724	-2.123	-0.065	0.107	-0.097	-1.716	-1.883	-2.138	-1.574	-1.559
"YDL075W"	-0.216	-0.236	0.002	-2.698	-2.441	-2.581	-3.777	-1.791	-1.684	-2.472	-2.785	-2.433	-1.878	-3.427	-0.05	-2.554	0.3565	0.397	0.2965	-1.4965	-1.389	-0.9005	-1.417	-1.221
"YDL082W"	-0.046	-0.069	-0.095	-1.446	-1.723	-3.326	-5.816	-1.18	-2.105	-2.383	-2.182	-2.186	-3.001	-3.589	-0.412	-1.852	0.368	0.307	0.8725	-1.3425	-1.602	-1.392	-1.0505	-0.6305
"YDL095W"	-0.258	-0.236	-0.529	-1.618	-1.281	-2.026	-3.518	-1.966	-1.783	-0.601	-0.616	-1.633	-0.827	-2.037	-0.109	-1.099	-0.122	0.057	-0.41	-1.258	-1.463	-1.38	-1.628	-0.705
"YDL185W"	-0.509	-0.23	0.087	-0.915	-1.477	-2.522	-4.417	-1.308	-2.012	-0.395	-0.701	-1.557	-2.084	-3.0	-0.061	-0.976	-0.304	-0.221	-0.595	-0.109	-0.122	-0.683	-0.214	0.099
"YDL191W"	-0.011	-0.207	0.014	-1.853	-1.975	-2.737	-5.192	-2.518	-2.408	-1.999	-2.077	-1.362	-1.942	-2.86	0.54	-2.212	0.7115	0.5245	0.582	-0.802	-1.181	-1.296	-0.6115	-1.428
"YDR002W"	0.608	0.459	0.174	-1.992	-1.109	-2.756	-4.542	-1.99	-1.796	-1.309	-0.91	-1.672	-2.746	-2.987	-0.067	-1.802	0.452	0.267	0.415	-0.319	-0.156	0.163	-0.322	0.31
"YDR023W"	-0.192	-0.37	-0.251	-2.164	-2.077	-2.907	-5.745	-1.813	-1.696	-1.553	-2.313	-3.056	-3.357	-3.85	0.234	-2.091	0.03	0.041	-0.012	-1.233	-1.025	-1.05	-1.113	-0.751
"YDR025W"	-0.433	-0.549	-0.273	-2.592	-2.705	-3.393	-6.697	-3.471	-3.326	-1.915	-2.886	-2.503	-2.895	-3.518	-0.468	-1.7675	0.2095	0.205	0.094	-1.351	-1.7015	-0.7175	-1.1715	-1.0745
"YDR064W"	-0.485	-0.444	-0.122	-2.639	-2.597	-3.761	-5.03	-2.511	-2.495	-2.718	-2.943	-2.527	-2.531	-3.199	0.004	-1.996	0.142	0.0105	0.1405	-1.5475	-2.1055	-1.629	-0.8765	-1.2135
"YDR087C"	0.005	-0.738	-0.295	-2.277	-3.312	-3.817	-4.944	-1.204	-1.594	-1.373	-2.022	-1.73	-3.407	-2.893	0.941	-1.782	0.413	0.915	0.196	-1.239	-1.488	-1.543	-0.962	-0.672
"YDR161W"	0.112	-0.497	-0.143	-1.24	-2.356	-2.842	-4.816	-0.877	-1.278	-1.406	-1.537	-2.298	-2.511	-2.286	0.425	-1.526	0.173	0.341	0.205	-1.397	-1.053	-1.315	-0.971	-0.286
"YDR165W"	-0.307	-0.549	-0.478	-1.905	-2.27	-3.111	-5.309	-1.636	-1.883	-1.396	-1.582	-1.767	-2.409	-2.23	-0.079	-1.0245	0.1675	0.225	0.0635	-1.6685	-1.005	-2.2245	-1.0505	-1.4165
"YDR209C"	0.36	-0.361	0.155	-2.924	-1.951	-1.955	-5.369	-1.363	-1.717	-1.348	-1.709	-1.769	-2.61	-2.151	0.308	-1.149	-0.13	0.0795	-0.0065	-1.0655	-0.7355	-2.573	-1.53	-0.5065
"YDR226W"	-0.385	0.368	-0.061	NaN	NaN	NaN	NaN	NaN	2.268	-0.632	-0.98	-2.764	-3.469	-3.736	-0.099	-1.3385	0.246	0.305	0.3	-0.733	-1.018	-0.6145	-0.882	-0.726
"YDR341C"	-0.161	0.008	-0.096	-1.574	-1.681	-3.212	-5.262	-2.134	-2.218	-1.942	-2.263	-3.262	-3.294	-3.559	-0.355	-1.562	0.041	0.102	-0.131	-1.313	-1.64	-2.047	-1.454	-1.449
"YDR382W"	-1.451	-0.085	-0.094	-1.738	-1.546	-2.459	-5.686	-2.776	-2.394	-2.897	-2.877	-2.565	-3.137	-3.471	-0.237	-1.905	0.316	0.475	0.078	-1.09	-1.523	-1.824	-1.372	-1.24
"YDR417C"	-0.256	-0.631	-0.161	-2.511	-3.327	-4.279	-5.062	-2.864	-2.95	-2.573	-2.986	-2.861	-3.022	-3.606	-0.542	-2.149	0.423	0.292	0.45	-1.238	-2.106	-2.199	-1.455	-1.947
"YDR418W"	-0.351	-0.346	-0.077	-2.192	-2.976	-3.074	-5.866	-2.797	-2.605	-2.792	-2.82	-2.866	-3.091	-4.066	0.043	-2.345	0.287	0.634	0.054	-1.737	-1.863	-0.484	-1.352	-1.131
"YEL054C"	-0.374	-0.495	-0.131	-1.511	-2.981	-2.98	-7.056	-3.003	-2.232	-2.777	-2.579	-2.504	-3.005	-3.554	-0.065	-2.202	0.227	0.33	0.5585	-1.233	-1.5205	-1.1015	-1.492	-0.61
"YER006W"	-0.214	-0.454	-0.086	-1.487	-2.061	-2.345	-4.571	-1.673	-1.513	-2.01	-1.682	-2.195	-2.03	-3.232	0.497	-1.125	0.1695	0.2635	-0.1355	-1.258	-1.799	-1.2915	-1.2495	-1.6315
"YER102W"	-0.098	-0.348	-0.012	-2.3	-2.578	-3.64	-6.434	-3.37	-3.204	-2.613	-2.593	-2.579	-3.326	-3.859	-0.552	-2.388	0.399	0.529	0.216	-0.956	-1.374	-1.412	-1.27	-0.665
"YER127W"	-0.29	-1.161	-0.68	-1.949	-2.155	-2.611	-4.439	-1.435	1.661	-1.363	-1.279	-1.098	-2.485	-1.946	-0.089	-1.479	-0.118	-0.0035	-0.076	-1.958	-0.6865	-0.828	-0.572	-1.15
"YER131W"	0.15	-0.027	0.016	-1.895	-2.47	-3.664	-6.55	-2.905	0.589	-2.2	-2.498	-2.105	-2.654	-3.304	0.513	-2.4735	-0.056	0.0515	0.3815	-0.727	-1.0635	-0.8955	-1.2365	-0.589
"YFL037W"	-0.292	-0.302	-0.132	-2.235	-2.915	-3.125	-5.562	-1.971	-1.476	-1.132	-1.914	-1.322	-2.034	-1.369	-0.749	-0.947	0.2085	-0.023	-0.067	-1.055	-0.3465	-1.0505	0.413	-1.2455
"YFL045C"	-0.338	-0.202	-0.191	-1.85	-2.231	-2.163	-4.897	-2.463	-2.891	-1.424	-2.201	-1.923	-2.307	-2.378	-0.526	-0.93	0.174	0.2195	0.282	-1.229	-1.708	-1.196	-0.0625	-1.4985
"YFR031BC"	-0.566	-0.745	0.368	-2.798	-2.801	-4.702	-7.029	-3.594	-3.523	-2.521	-2.912	-3.164	-3.863	-4.146	NaN	-2.438	0.501	0.098	0.731	1.203	NaN	1.711	NaN	NaN
"YGL008C"	0.098	0.1	0.583	-2.667	-2.092	-4.675	-3.936	-2.171	-1.681	-1.748	-2.348	-4.203	-4.969	-4.679	-0.002	-3.185	-0.145	0.075	-0.081	-2.57	-2.233	-3.006	-1.883	-1.094
"YGL030W"	-0.325	-0.28	-0.092	-2.363	-2.008	-3.668	-5.484	-2.6	-2.361	-2.592	-2.534	-1.668	-2.044	-3.011	-0.181	-1.6485	0.269	0.2045	0.228	-0.303	-1.2315	-1.3475	-1.1585	-1.783
"YGL031C"	-0.158	-0.258	-0.182	-1.846	-3.104	-3.683	-5.763	-3.063	-2.704	-2.475	-2.899	-2.92	-3.061	-3.473	0.38	-2.655	0.165	0.267	0.45	-1.701	-1.852	-1.796	-1.793	-0.81
"YGL039W"	-0.381	-0.202	0.138	-2.458	-2.992	-1.744	-2.72	-0.76	-1.484	-1.822	-1.751	-2.433	-2.686	-3.211	-0.048	-2.594	0.204	-0.075	0.31	0.62	0.622	0.692	1.999	0.984
"YGL050W"	0.094	-0.074	0.098	-0.71	-1.231	-1.73	-2.381	-0.557	-0.638	-0.732	-0.359	-0.824	-0.874	-1.231	-0.079	-0.706	-0.071	-0.19	-0.062	-0.075	-0.357	-0.922	-0.504	0.012
"YGL076C"	-0.055	0.156	0.213	-2.446	-2.401	-3.976	-5.667	-2.857	-1.957	-2.568	-2.648	-2.836	-2.79	-3.782	-0.8	-1.8735	0.3355	0.3835	0.128	-0.9825	-1.4705	-0.909	-1.2665	-0.5635
"YGL077C"	0.02	-0.202	0.133	-1.539	-1.395	-3.716	-3.533	-1.313	-1.711	-1.683	-1.693	-2.529	-2.903	-2.463	-0.301	-1.243	0.358	0.32	-0.075	-1.771	-1.914	-1.663	-1.285	-0.751
"YGL101W"	-0.086	-1.044	-0.688	-2.605	-2.272	-3.648	-4.268	-0.867	-0.567	-1.45	-2.319	-1.624	-2.462	-2.043	-0.501	-1.426	0.588	0.601	0.401	-1.444	-2.061	-2.281	-1.792	-1.833
"YGL105W"	-0.755	-0.94	-0.776	-1.362	-1.984	-3.587	-6.011	-1.68	-1.068	-1.41	-1.635	-1.622	-1.876	-2.025	0.167	-1.57	0.088	0.123	-0.15	0.051	-0.072	-0.647	-0.45	-0.49
"YGL123W"	-0.88	-0.788	0.078	-2.802	-3.62	-4.004	-5.982	-3.701	-3.959	-2.414	-2.278	-2.388	-2.65	-3.558	-0.521	-2.357	0.421	0.408	0.496	-1.047	-2.466	-2.204	-2.415	-1.845
"YGL245W"	-0.29	-0.191	-0.048	-1.475	-2.145	-4.799	-6.655	-1.699	-2.088	-1.589	-2.121	-3.552	-4.345	-4.779	-0.566	-1.658	0.199	0.216	0.059	-0.466	-0.577	-0.734	0.125	-0.331
"YGL246C"	-0.064	-0.871	-0.157	-0.979	-0.951	-2.83	-2.44	-0.571	-1.214	-1.452	-1.433	-1.976	-2.222	-2.971	0.59	-1.815	0.39	0.525	0.462	-1.633	-2.317	-1.669	-1.424	-1.112
"YGL253W"	-0.121	-0.206	0.303	-1.924	-0.458	-2.17	-4.666	-0.793	-0.699	-0.348	-0.677	-1.66	-1.811	-2.803	-0.123	-1.286	-0.078	-0.129	-0.378	-0.708	-0.471	-0.783	0.031	0.01
"YGR037C"	-0.219	0.263	-0.042	-1.659	-1.49	-3.63	-4.976	-1.298	-1.04	-1.612	-1.441	-1.964	-2.717	-2.416	-0.544	-1.319	0.105	0.038	-0.247	0.485	0.619	1.387	1.885	1.058
"YGR054W"	-0.861	-0.862	-0.437	-1.147	-1.521	-1.724	-4.535	0.112	-0.704	-1.287	-2.153	-2.051	-2.362	-2.163	-0.626	-1.294	-0.058	0.085	-0.23	0.148	0.145	-0.171	0.058	0.376
"YGR085C"	0.47	0.362	0.583	-2.29	-2.146	-3.406	-6.059	-3.013	-2.215	-2.625	-2.77	-3.306	-3.54	-4.179	0.323	-2.156	0.237	0.236	-0.039	-1.471	-1.698	-1.091	-1.884	-0.521
"YGR148C"	-0.203	-0.185	-0.1815	-2.31	-2.615	-3.884	-5.757	-2.956	-2.722	-2.508	-2.896	-3.022	-3.649	-4.092	-0.215	-2.7095	0.014	0.0495	0.2925	-1.5625	-1.505	-1.8415	-1.066	-1.356
"YGR200C"	-0.605	-0.118	-0.182	-1.152	-1.306	-2.863	-3.668	-1.597	-1.625	-1.274	-1.456	-1.861	-2.863	-2.446	0.083	-1.091	0.181	0.057	-0.275	1.203	NaN	0.991	-1.315	NaN
"YGR264C"	-0.089	-0.6635	-0.206	-2.945	-3.206	-5.206	-4.616	-2.811	-3.49	-2.707	-3.468	-4.623	-4.957	-4.753	-0.542	-2.468	0.034	-0.035	-0.521	-1.979	-2.475	-2.845	-2.239	-2.046
"YGR285C"	-0.513	-0.4395	-0.3875	-1.645	-1.67	-4.078	-6.1	-1.877	-1.393	-2.557	-2.811	-3.452	-4.07	-4.065	0.701	-2.068	0.541	0.392	0.016	-0.605	-0.746	-1.007	-0.582	0.429
"YHL033C"	-0.345	0.052	-0.1635	-1.277	-2.205	-3.984	-6.65	-3.005	-2.318	-2.808	-2.523	-2.601	-2.923	-4.209	-0.161	-1.956	0.154	0.246	-0.168	-1.605	-1.516	-1.527	-1.38	-0.719
"YHR047C"	-0.3	-0.067	0.0485	-1.732	-2.047	-3.032	-4.423	-0.614	0.114	-1.632	-1.63	-1.978	-3.102	-3.056	0.479	-1.841	0.128	-0.01	-0.66	-1.525	-0.019	-0.857	-1.344	-0.301
"YHR065C"	-0.104	-0.2055	-0.301	-1.183	-2.105	-3.857	-4.644	-1.01	1.123	-1.073	-1.503	-1.762	-2.801	-2.479	-0.015	-0.852	-0.032	-0.197	-0.342	-1.69	-0.515	-1.576	NaN	-1.634
"YHR068W"	-0.2	-0.435	-0.2755	-3.015	-2.166	-4.28	-6.532	-2.526	-1.119	-1.927	-2.429	-2.724	-3.669	-3.425	-0.59	-2.29	0.084	0.06	-0.03	-1.065	-0.399	-0.59	-1.165	0.399
"YHR098C"	-0.1935	-0.424	0.0513333333333333	-0.96	-0.638	-2.065	-3.065	-1.159	-1.2865	-1.2075	-1.218	-1.917	-1.925	-2.553	-0.016	-2.4395	-0.206	-0.265	-0.2715	-0.7485	-0.1205	-1.3875	-1.143	-0.5745
"YHR128W"	-0.622	-0.5295	-0.367	-3.159	-3.742	-4.967	-6.006	-3.361	-3.012	-3.051	-3.482	-3.191	-3.494	-3.516	-0.258	-1.769	0.27	0.315	-0.169	-2.441	-2.644	-2.222	-2.467	-1.653
"YHR193C"	-0.627	-0.5785	0.055	-1.341	-1.99	-3.11	-4.166	-1.955	-1.2	-1.494	-1.913	-1.778	-2.357	-2.845	0.457	-1.764	0.559	0.679	0.772	-0.871	-1.503	-1.31	-1.228	-1.222
"YHR208W"	-0.2	0.596	-0.489	-1.397	-1.898	-3.12	-4.064	-1.934	-1.898	-1.232	-1.339	-2.263	-2.683	-2.939	0.488	-1.267	0.044	0.107	-0.1	-1.115	-1.137	-0.613	-1.197	-1.207
"YHR216W"	-0.317	-0.488	-0.127	-1.128	-2.045	-3.15	-4.943	-3.038	-2.589	-2.088	-2.767	-2.237	-2.621	-2.913	-0.85	-1.783	0.071	-0.039	-0.516	-1.362	-1.515	-1.599	-0.721	-0.513
"YIL039W"	-0.001	0.2775	0.0585	-1.325	-1.46	-3.668	-4.517	-1.3	-0.337	-1.043	-1.386	-1.646	-2.122	-1.552	-0.621	-1.385	-0.19	-0.293	-0.068	-0.592	-0.333	0.683	-0.569	1.001
"YIL052C"	-0.247	-0.294	-0.1895	-2.22	-3.178	-2.895	-6.278	-2.559	-2.622	-2.271	-2.546	-2.162	-2.5	-3.158	-0.043	-1.743	0.302	0.266	0.398	-0.908	-1.697	-2.316	-2.267	-1.52
"YIR012W"	-0.392	-0.972	-0.4665	-2.544	-2.595	-3.791	-4.69	-2.137	-2.092	-1.684	-1.486	-1.547	-2.217	-2.528	0.227	-1.751	-0.138	0.062	-0.085	-1.988	-1.517	-1.046	-0.878	-1.723
"YJL014W"	0.034	-0.4065	-0.01	-1.494	-1.383	-2.624	-3.962	-1.425	-1.317	-1.558	-1.58	-2.252	-3.068	-2.866	-0.65	-1.31	-0.03	-0.093	-0.268	-0.151	-0.933	-1.201	-0.152	-0.146
"YJL111W"	-0.194	-0.296	0.0905	-1.375	-1.323	-3.38	-6.57	-1.796	-1.988	-1.213	-1.305	-1.573	-1.994	-2.239	-0.781	-1.728	0.077	-0.081	-0.101	-0.563	-0.866	-1.173	-0.058	-0.539
"YJL145W"	-0.228	-0.419	-0.268	-1.431	-2.509	-2.136	-3.628	-1.336	-1.747	-1.678	-1.482	-2.303	-2.334	-2.853	0.124	-1.334	0.445	0.284	0.334	0.386	-0.229	0.159	0.222	0.108
"YJL177W"	-0.174	-0.081	0.0495	-0.605	-2.747	-3.255	-5.49	-3.428	-3.164	-2.525	-2.421	-1.768	-2.278	-2.905	0.022	-2.348	0.107	0.093	0.332	-1.068	-1.95	-1.926	-1.216	-1.104
"YJL192C"	-0.161	0.447	-0.03	-1.258	-1.255	-3.649	-4.214	-1.29	-1.458	-1.289	-0.942	-1.68	-2.446	-1.599	-0.478	-1.156	0.439	0.596	0.552	-0.625	0.445	0.093	-0.805	0.205
"YJR007W"	-0.018	-0.36	-0.1275	-1.68	-2.662	-3.21	-8.057	-1.824	-1.91	-1.848	-2.051	-2.909	-3.009	-3.616	-0.982	-1.685	0.089	0.114	0.017	-0.587	-0.952	0.042	-0.989	-0.846
"YJR064W"	-0.369	-0.87	-0.3835	-1.854	-2.589	-1.931	-4.297	-1.978	-1.919	-1.592	-1.762	-1.961	-2.702	-2.57	-0.762	-1.762	0.106	0.023	0.278	-1.199	-1.095	-0.329	-0.202	-0.832
"YJR145C"	-0.182	-0.118	0.0265	-2.328	-2.413	-3.54	-6.528	-3.597	-3.707	-2.396	-2.336	-2.519	-3.105	-3.178	-0.195	-2.312	0.394	0.212	0.539	-1.389	-2.371	-2.718	-1.045	-1.636
"YKL024C"	-0.195	-0.908	-0.3855	-1.278	-1.678	-2.025	-5.4	-1.45	-2.036	-0.007	0.133	-0.542	-1.239	-1.798	-0.204	-1.279	0.271	0.135	0.134	-0.19	-0.523	-0.569	0.124	-0.179
"YKL056C"	-0.084	-0.1475	-0.035	-1.541	-1.771	-3.426	-5.119	-2.371	-2.389	-1.741	-2.281	-2.754	-3.265	-3.483	0.176	-1.777	0.932	0.736	0.258	NaN	-1.796	-2.04	-2.387	-1.494
"YKL080W"	0.262	0.095	0.1145	-1.25	-1.469	-4.229	-5.94	-1.461	-1.699	-1.299	-1.962	-2.874	-2.944	-2.866	-0.801	-1.244	-0.059	0.261	0.426	-0.593	-1.044	-1.256	-0.471	-0.509
"YKL180W"	-0.097	0.161	-0.07	-1.633	-1.857	-2.561	-5.237	-2.593	-2.296	-2.351	-2.354	-2.059	-2.04	-2.857	-0.343	-2.393	-0.131	-0.174	0.242	-1.671	-1.168	-1.15	-0.677	0.001
"YKR094C"	-0.248	-0.406	-0.124	-1.978	-2.41	-2.464	-4.383	-1.972	-2.7	-1.746	-1.839	-1.792	-2.197	-2.387	-0.214	-2.035	0.52	0.292	0.664	-0.123	-1.76	-1.329	-0.592	-0.228
"YLL044W"	-0.763	-0.348	0.157	-2.211	-2.963	-3.79	-6.48	-3.269	-2.156	-2.654	-2.736	-2.724	-3.494	-3.967	-0.904	-2.227	0.284	0.343	0.109	-2.146	-2.632	-1.041	-0.862	-1.827
"YLL045C"	-0.341	0.129	-0.061	-1.64	-2.221	-3.857	-6.618	-3.185	-2.744	-2.604	-2.495	-2.943	-3.021	-3.731	-0.95	-2.165	0.158	0.219	0.198	-1.125	-1.421	-1.64	-1.948	-0.815
"YLR061W"	-0.035	-0.189	0.057	-2.908	-3.127	-4.939	-6.591	-3.021	-3.058	-2.433	-2.88	-3.309	-3.833	-3.91	-0.263	-2.482	-0.116	-0.133	-0.13	-1.222	-2.006	-2.22	-1.462	-1.314
"YLR065C"	-0.1	0.014	0.17	-1.191	-1.341	-1.93	-3.028	-1.411	-1.516	-1.07	-1.137	-1.477	-1.554	-1.642	0.075	-0.712	0.132	0.191	-0.001	-0.068	-0.674	-1.817	-0.306	0.314
"YLR100W"	-0.057	-0.074	-0.254	-1.172	-1.003	-2.507	-4.853	-1.268	-1.167	-1.184	-1.09	-1.855	-2.159	-2.128	-0.459	-1.441	0.155	0.225	-0.042	-0.564	-0.637	-0.722	-0.253	-0.122
"YLR208W"	-0.253	-0.53	-0.116	-1.266	NaN	-1.968	-4.432	-1.568	-2.018	-1.454	-1.248	-1.898	-2.183	-2.499	-0.934	-1.044	0.101	0.045	0.251	-0.527	-0.015	0.001	-0.142	0.917
"YLR291C"	-0.256	-0.413	-0.093	-1.482	-1.792	-3.037	-4.762	-1.104	-2.027	-1.186	-1.283	-1.783	-2.216	-2.363	-0.721	-1.532	-0.005	-0.067	0.259	-0.977	-1.173	-1.11	-0.018	-0.416
"YLR293C"	-0.019	-0.338	-0.046	-2.207	-2.675	-3.488	-6.281	-2.233	-2.661	-1.45	-2.158	-2.379	-3.03	-3.186	-0.732	-2.235	0.406	0.387	0.52	-0.532	-1.263	-1.262	-0.219	-1.081
"YLR314C"	-0.058	-0.37	-0.348	-1.783	-1.658	-2.218	-5.585	-1.368	-1.023	-2.505	-2.761	-2.906	-3.447	-3.937	0.34	-1.17	0.068	-0.065	0.038	-0.372	-0.421	-1.007	-1.021	-0.679
"YLR328W"	-0.424	-1.059	-0.404	-1.272	-2.078	-1.935	-4.106	-0.537	-0.369	-1.037	0.634	-1.734	-2.256	-2.558	-0.644	-1.355	-0.041	-0.055	-0.235	-0.942	-0.906	0.313	-0.749	-0.939
"YLR335W"	-0.36	-0.279	-0.705	-1.484	-1.723	-1.306	-3.177	-1.213	-1.345	-1.429	-1.323	-1.448	-1.681	-2.238	0.143	-1.356	0.181	-0.009	0.159	-0.765	-1.52	-1.035	-0.527	-0.662
"YLR339C"	-0.602	-0.288	-0.114	-3.285	-3.76	-4.988	-6.865	-3.201	-2.938	-2.647	-2.474	-2.461	-3.161	-3.973	-0.464	-2.977	0.372	0.4	0.299	-1.313	-2.221	-2.553	-0.8	-1.25
"YLR340W"	-0.724	-0.739	-0.068	-2.963	-2.876	-4.11	-6.819	-3.015	-2.689	-2.703	-2.701	-2.702	-3.206	-4.105	-0.788	-2.949	0.326	0.357	-0.051	-0.794	-1.435	-1.97	-0.544	-0.328
"YLR367W"	-0.393	0.119	0.204	-2.22	-3.463	-2.78	-6.716	-2.335	-1.174	-2.591	-2.935	-2.165	-2.476	-3.007	0.163	-1.95	0.579	0.676	0.561	-1.385	-1.339	-1.412	-1.295	-1.326
"YLR388W"	-0.012	0.123	0.116	-1.98	-1.738	-3.596	-5.506	-2.742	-2.362	-2.671	-2.555	-2.232	-2.581	-3.193	-0.292	-2.034	0.131	0.25	0.329	-1.207	-1.052	-1.495	-1.415	-0.274
"YLR448W"	-0.404	-0.001	-0.092	-2.052	-2.688	-3.552	-5.971	-3.179	-2.573	-2.521	-2.621	-2.668	-3.192	-4.132	-0.583	-2.337	-0.043	-0.066	-0.444	-0.609	1.536	-0.777	0.723	1.597
"YML073C"	-0.453	0.0	-0.289	-1.884	-2.135	-3.862	-6.033	-3.087	-2.501	-2.561	-2.549	-2.401	-2.624	-3.718	-0.304	-1.975	0.014	0.036	0.159	-0.464	-1.246	-2.379	-0.714	-0.855
"YML074C"	-0.068	-0.573	-0.275	-0.951	-2.161	-2.837	-5.319	-1.664	-0.962	-1.207	-1.673	-2.826	-3.214	-3.466	0.07	-1.767	-0.205	-0.106	-0.407	-0.557	0.348	-0.878	-0.055	-0.835
"YML093W"	-0.284	-0.831	-0.491	-1.272	-2.007	-2.962	-5.889	-1.818	-1.659	-1.961	-2.236	-2.547	-2.745	-3.262	0.429	-1.522	-0.171	-0.148	-0.359	-1.081	-1.378	-1.862	-1.005	-0.807
"YMR033W"	-0.158	-0.636	-0.394	-1.434	-1.22	-3.063	-4.454	-1.514	-1.984	-1.244	-1.469	-1.745	-1.826	-1.988	-0.507	-1.013	0.065	0.011	-0.128	-0.539	-1.021	-1.368	-0.993	-0.777
"YMR121C"	0.002	-0.549	0.281	-1.905	-2.539	NaN	-4.199	-2.44	-1.709	-2.019	-2.144	-2.277	-2.155	-2.582	0.485	-1.702	0.579	0.52	0.376	-0.66	-2.302	-1.533	-2.275	-1.291
"YMR123W"	-0.297	-1.232	-0.043	-2.491	-2.616	-2.374	-3.061	-1.286	-1.465	-1.907	-1.372	-1.615	-1.137	-1.512	-0.312	-1.653	0.321	0.303	0.182	-0.149	-0.806	-0.671	-0.549	-0.843
"YMR131C"	-0.476	-0.814	-0.442	-2.414	-2.914	-5.052	-6.665	1.316	-3.081	-2.829	-3.214	-4.236	-5.241	-4.266	0.184	-1.789	-0.018	0.064	-0.628	-2.568	-2.513	-2.742	-3.442	-1.935
"YMR143W"	-0.724	-0.296	-0.051	-2.794	-2.234	-2.287	-4.466	-3.657	-3.194	-2.703	-2.873	-2.88	-3.111	-3.545	-0.179	-2.009	0.546	0.335	0.321	-0.965	-1.707	-2.063	-0.511	-1.062
"YMR146C"	-0.063	-0.346	-0.041	-1.186	-2.424	-1.725	-4.642	-1.791	-1.738	-1.339	-1.621	-1.793	-1.962	-3.093	-0.082	-1.576	-0.031	-0.02	-0.32	-0.446	-0.707	-0.058	-0.109	-0.418
"YMR194W"	-0.045	-0.237	-0.109	-2.488	-2.233	-3.476	-4.585	-2.656	-3.051	-2.256	-2.299	-1.69	-1.672	-2.34	-0.212	-1.363	0.451	0.197	0.472	-0.936	-1.563	-1.262	-1.177	-0.551
"YMR202W"	-0.26	-0.308	-0.115	-2.236	-2.852	-4.391	-5.431	-1.907	-1.33	-1.63	-1.208	-2.263	-2.876	-2.931	0.118	-1.541	0.26	0.306	-0.066	-1.711	-1.775	-1.114	-0.604	-0.47
"YMR217W"	-0.497	-0.754	-0.373	-2.518	-3.785	-4.735	-5.29	-2.622	-2.591	-3.341	-4.118	-3.713	-4.205	-4.469	-0.755	-2.4545	0.353	0.478	-0.449	-1.984	-2.54	-3.332	-2.324	-0.769
"YMR229C"	-0.6965	-0.882	-0.472	-2.443	-2.304	-4.4055	-5.288	-2.161	-2.184	-2.897	-2.0525	-3.7195	-3.685	-3.93	-0.092	-1.93833333333333	0.1115	0.0305	-0.0885	-1.701	-2.333	-1.9625	-1.0715	-0.5755
"YMR235C"	0.287	0.009	-0.038	-1.783	-1.785	-3.534	-5.187	-1.879	-2.052	-2.046	-2.046	-2.838	-3.21	-3.756	-0.027	-1.782	0.123	-0.02	0.179	-0.103	-1.003	-1.265	-0.901	-0.833
"YMR242C"	0.034	0.006	0.071	-2.522	-3.032	-3.971	-6.226	-3.636	-3.62	-2.59	-3.004	-2.601	-3.133	-3.475	0.006	-2.4615	0.125	0.261	0.392	-1.628	-2.314	-1.514	-1.417	-0.92
"YNL069C"	0.042	0.098	-0.112	-1.978	-2.285	-4.006	-4.824	-3.199	0.46	-2.199	-2.466	-2.107	-2.509	-3.665	0.306	-2.137	0.3	0.292	0.111	-1.19	-2.126	-1.631	-1.27	-0.63
"YNL088W"	0.063	-0.0915	-0.0375	-1.1865	-0.5075	-0.986	-2.554	-0.4995	-1.5475	-1.3305	-1.1905	-1.048	-0.406	-1.22	0.1035	-0.608333333333333	0.035	-0.0805	-0.1515	0.162	-0.6245	-0.9345	0.252	-0.3275
"YNL096C"	-0.487	-0.894	-0.383	-2.81	-3.616	-4.038	-6.106	-2.761	-3.165	-2.776	-3.041	-3.644	-4.096	-4.68	-0.482	-2.8625	0.115	0.04	0.584	-2.268	-2.714	-2.548	-0.807	-1.34
"YNL130C"	-0.315	0.092	0.168	-1.04	-1.728	-1.94	-2.872	-1.383	-1.463	-0.874	-0.669	-0.934	-1.411	-1.614	-0.639	-0.314	-0.064	-0.004	0.006	0.823	0.023	0.706	0.531	0.602
"YNL132W"	-0.572	-0.636	-0.31	-2.572	-3.653	-4.956	-6.392	-2.521	-2.512	-2.799	-2.936	-3.396	-4.377	-4.049	-0.75	-1.281	-0.001	0.148	-0.578	-2.677	-2.128	-1.908	-1.989	-1.093
"YNL178W"	-0.088	0.01	-0.046	-1.857	-3.159	-4.338	-6.62	-3.272	-3.183	-2.899	-2.981	-2.958	-3.483	-3.871	-0.432	-2.479	0.88	0.949	0.515	-2.018	-2.698	-3.094	-2.348	-2.536
"YNR043W"	-0.639	-0.62	-0.35	-1.86	-2.628	-2.934	-5.1565	-1.949	-1.8335	-2.078	-2.382	-2.655	-3.803	-3.856	-0.798	-1.878	0.258	0.109	-0.267	-1.046	-0.997	-1.663	0.304	0.014
"YOR198C"	0.089	0.216	0.035	-1.6725	-1.933	-4.452	-5.562	-1.262	-0.9675	-2.3	-2.828	-4.384	-4.657	-4.415	-0.086	-2.297	-0.149	-0.209	-0.025	-0.252	1.83	1.614	0.752	1.665
"YOR209C"	-0.153	-0.525	-0.246	-1.2605	-1.766	-2.998	-6.004	-1.647	-1.516	-0.906	-1.227	-1.897	-2.681	-2.954	-0.363	-1.009	-0.736	-0.784	-0.483	-0.256	-0.058	-0.255	-0.258	-0.454
"YOR224C"	-0.193	-0.948	-0.588	-2.2005	-2.081	-3.348	-4.849	-2.4505	-2.027	-2.173	-2.296	-2.099	-2.615	-2.202	-0.559	-2.041	0.357	0.472	0.025	-1.534	-1.107	-1.809	-0.839	-1.105
"YOR239W"	0.025	-0.06	-0.085	-1.31	-2.145	-3.232	-5.0985	-1.633	-1.8425	-2.053	-2.15	-3.149	-3.934	-3.704	0.127	-1.366	-0.2655	-0.1615	-0.1635	-0.4185	-0.05	-0.35	-0.7115	-0.0535
"YOR243C"	-0.468	-0.422	-0.31	-1.6015	-2.2855	-3.3625	-4.3935	-1.6325	-2.414	-2.179	-2.726	-2.865	-4.484	-3.863	0.35	-1.712	0.086	0.118	-0.214	-3.202	-2.909	-2.358	-2.809	-1.977
"YOR260W"	-0.102	-0.405	-0.381	-1.6735	-1.833	-2.507	-4.639	-1.6575	3.0405	-1.513	-1.624	-2.257	-2.577	-3.081	-0.735	-1.54	0.031	0.232	-0.049	-1.028	-0.885	-0.952	-0.766	-0.222
"YOR309C"	-0.16	-0.622	-0.316	-3.75	-3.942	-4.234	-6.859	-3.8235	-2.194	-3.704	-4.353	-4.746	-5.449	-5.009	0.686	-3.451	-0.085	0.043	-0.232	-2.934	-2.818	-2.231	-2.331	-1.719
"YOR310C"	-0.231	-0.381	-0.383	-3.303	-3.319	-4.7765	-7.1385	-3.5415	-2.603	-3.838	-4.105	-4.745	-5.099	-4.866	0.101	-2.849	-0.037	0.008	-0.505	-3.031	-3.155	-2.87	-2.127	-0.929
"YOR312C"	-0.094	0.387	-0.056	-2.227	-2.2895	-3.3005	-4.8175	-3.0	-2.5975	-2.511	-2.402	-2.039	-1.569	-3.224	-0.116	-1.883	-0.105	0.045	0.054	-1.235	-1.352	-1.725	-1.498	-0.503
"YOR323C"	-0.038	0.237	-0.028	-1.941	-2.0305	-4.2845	-6.434	-2.106	-2.053	-1.557	-1.382	-2.742	-3.497	-3.428	-0.389	-1.603	0.142	0.093	0.267	0.848	0.299	-0.648	0.386	-0.155
"YOR369C"	-0.704	-0.492	-0.164	-2.805	-3.7395	-3.724	-6.5475	-3.752	-3.809	-2.858	-2.986	-2.456	-2.662	-3.502	0.256	-2.309	0.95	0.753	0.494	-1.677	-2.306	-2.148	-1.958	-3.212
"YPL028W"	0.349	-0.592	0.824	-1.3315	-1.7105	-3.482	-5.5385	-1.9625	-2.1645	-1.336	-1.006	-1.692	-2.17	-2.948	-0.634	-1.486	-0.201	-0.121	0.112	-0.598	-0.528	-0.525	0.06	0.778
"YPL044C"	0.443	-1.337	-0.118	-1.769	-1.773	-2.688	-4.2355	-2.0175	-1.7795	-2.405	-1.877	-1.454	-2.06	-1.739	0.035	-1.02	-0.066	-0.257	-0.149	NaN	0.459	-0.125	-0.151	0.716
"YPL048W"	0.105	-0.518	-0.013	-1.6885	-1.898	-3.2175	-4.579	-1.4725	1.47	-1.113	-0.823	-1.535	-1.925	-2.183	-0.426	-0.719	-0.196	-0.193	-0.451	0.666	0.93	0.779	0.391	1.138
"YPL081W"	-0.303	-0.215	0.274	-2.508	-3.086	-3.4025	-6.801	-2.428	-2.3315	-2.849	-2.929	-2.789	-2.909	-3.725	-0.74	-1.844	0.145	0.101	-0.013	-1.508	-1.652	-2.062	-2.429	-0.791
"YPL198W"	0.129	0.343	0.251	-2.218	-2.395	-4.3605	-6.879	-3.022	-2.766	-2.227	-2.449	-2.487	NaN	-3.133	-0.38	-1.633	0.352	0.283	-0.292	-1.619	-1.531	-1.154	-1.5	-0.728
"YPL243W"	1.0385	-0.358	0.591	-1.456	-1.5805	-4.1455	-5.276	-1.315	-1.5105	-1.377	-1.873	-2.602	-3.541	-3.544	-0.245	-1.188	0.019	0.072	-0.066	-1.883	-1.263	-0.56	-1.831	-1.376
"YPL273W"	0.731333333333333	0.153	0.765	-2.792	-2.96466666666667	-3.722	-5.69966666666667	-2.69266666666667	-2.72566666666667	-2.4545	-3.2755	-2.794	-3.21	-3.3575	-0.585	-2.628	0.446	0.535	0.386	-0.72	-1.046	-1.601	-0.744	-1.152
"YPR060C"	1.0475	-0.524	0.811	-3.446	-3.377	-2.069	-3.801	-1.8045	-2.859	-1.98	-2.627	-2.107	-3.352	-2.894	0.437	-2.467	0.444	0.574	0.136	-1.538	-1.816	-1.601	-1.275	-1.132
"YPR080W"	-0.142	-0.643	0.404	-1.771	-2.584	-2.848	-5.6305	-2.5835	-2.8585	-1.197	-1.321	-1.689	-2.389	-3.139	-0.664	-1.681	0.583	0.42	0.419	-0.649	-1.612	-1.87	-0.705	-0.77
"YPR118W"	0.6975	-0.141	1.066	-2.706	-3.095	-3.9965	-5.524	-2.305	-2.577	-2.594	-2.077	-2.882	-3.334	-3.538	-0.659	-1.794	0.023	-0.046	-0.173	-0.745	-1.39	-0.993	-1.095	-1.424
