	"858.YPD_1_d_30C"	"860.YPD_3_d_30C"	"861.YPD_5_d_30C"	"1014.YPD 2 d (25C)"	"1015.YPD 3 d (25C)"	"1016.YPD 5 d (25C)"	"1017.YPD 7 d (25C)"	"1018.YPD 13 d (25C)"	"38145.03II01 batch p1"
"YAR002W"	-1.058	-1.515	-2.289	-1.1825	-1.2165	-1.493	-1.9265	-1.5805	0.426
"YBL024W"	-2.175	-4.671	-4.879	-2.147	-2.6055	-3.4875	-3.5465	-3.993	0.929
"YBL077W"	-2.021	-3.136	-5.081	-2.0335	-2.345	-2.816	-3.3595	-3.1945	-0.816
"YBR011C"	-0.977	-4.081	-5.344	-0.649	-1.271	-2.3835	-3.0585	-3.4585	-0.5
"YBR060C"	-0.683	-2.577	-2.827	-0.8205	-0.6335	-2.062	-2.6195	-0.2895	0.816
"YBR073W"	-0.847	-2.163	-2.523	-0.6035	-0.6915	-1.6215	-2.5665	-2.3205	-0.153
"YBR088C"	-1.712	-4.084	-4.124	-1.0105	-1.809	-2.4385	-3.272	-2.4585	-0.582
"YBR096W"	-1.618	-2.825	-3.347	-1.7275	-1.5245	-1.829	-1.7925	-2.066	-0.973
"YBR121C"	-2.186	-4.037	-5.791	-2.416	-3.155	-4.1355	-4.173	-4.5985	0.594
"YBR143C"	-1.932	-3.195	-4.642	-2.126	-2.659	-2.698	-2.699	-3.572	0.863
"YBR154C"	-1.387	-3.531	-4.423	-1.5735	-2.257	-2.6225	-3.012	-3.8995	0.405
"YBR246W"	-0.766	-2.137	-3.138	-0.9095	-0.74	-1.3615	-1.8565	-1.287	-0.299
"YCL045C"	-1.0965	-3.044	-3.911	-1.123	-1.34133333333333	-2.25533333333333	-2.94333333333333	-2.69566666666667	-0.431
"YCL050C"	-1.353	-2.331	-2.647	-0.9575	-0.665	-1.845	-2.758	-2.172	-0.075
"YCR002C"	-1.572	-3.669	-5.182	-1.1235	-1.597	-2.564	-2.9535	-2.7005	-0.527
"YCR034W"	-1.912	-3.204	-4.331	-2.3695	-2.676	-3.0135	-3.2845	-3.3025	-1.2
"YCR044C"	-1.079	-1.836	-2.699	-0.846	-0.887	-1.0725	-1.5355	-1.758	-0.229
"YCR052W"	-0.656	-1.402	-2.66	-0.925	-0.8155	-1.2265	-1.602	-1.3085	-0.059
"YCR053W"	-1.707	-3.556	-4.283	-1.531	-2.1605	-2.429	-3.1075	-2.714	-0.541
"YDL016C"	-0.214	-1.47	-2.752	-0.6505	-0.464	-1.2285	-1.5145	-1.4645	0.412
"YDL143W"	-0.989	-1.678	-3.716	-1.56	-1.794	-2.612	-3.143	-2.716	0.14
"YDR023W"	-2.164	-2.907	-5.745	-1.553	-2.313	-3.056	-3.357	-3.85	0.808
"YDR091C"	-1.547	-3.384	-4.4	-1.728	-2.044	-2.636	-3.222	-3.423	-0.014
"YDR117C"	-0.837	-1.737	-2.494	-0.967	-1.278	-1.618	-1.45	-1.497	-0.006
"YDR189W"	-0.735	-1.871	-2.842	-0.693	-0.704	-1.597	-1.904	-2.063	0.183
"YDR365C"	-1.232	-2.477	-4.269	-1.457	-2.29	-2.877	-3.039	-3.298	0.61
"YDR372C"	-0.731	-1.786	-3.333	-0.716	-0.859	-1.291	-1.344	-1.268	-0.022
"YDR385W"	-1.783	-3.158	-5.463	-1.431	-1.529	-1.848	-2.214	-3.65	0.504
"YDR414C"	-0.7	-1.295	-2.042	-1.5	-1.014	-1.609	-1.415	-2.123	-0.174
"YDR440W"	-0.358	-1.65	-2.77	-0.889	-1.006	-1.547	-1.431	-1.281	0.082
"YDR448W"	-0.611	-1.21	-1.605	-0.981	-0.523	-0.813	-1.371	-1.636	0.129
"YDR528W"	-1.029	-1.574	-2.873	-1.217	-1.237	-0.983	-1.402	-1.249	0.217
"YEL042W"	-1.264	-3.201	-4.334	-1.705	-1.658	-1.896	-2.665	-3.071	-0.207
"YER023W"	-1.289	-4.379	-4.606	-1.09	-0.659	-1.477	-2.502	-2.506	0.361
"YER043C"	-2.767	-4.78	-6.476	-3.174	-3.716	-3.31	-4.857	-4.918	-1.925
"YER052C"	-0.211	-3.288	-5.276	-0.18	-1.066	-2.746	-2.953	-2.839	-0.858
"YER090W"	-1.569	-3.804	-5.004	-1.078	-1.311	-2.327	-2.585	-3.495	-0.186
"YER118C"	-0.913	-2.598	-3.457	-1.116	-1.35	-1.371	-2.206	-1.965	-0.186
"YER168C"	-0.938	-1.452	-1.886	-0.714	-0.904	-0.801	-1.806	-2.032	0.064
"YFL004W"	-0.988	-1.866	-3.639	-0.901	-1.486	-1.927	-2.26	-2.284	-0.296
"YFL048C"	0.07	-1.131	-2.659	-0.536	-0.546	-0.342	-0.772	-0.87	0.121
"YFR009W"	-2.017	-3.004	-4.932	-2.089	-2.511	-3.291	-3.978	-4.281	0.758
"YGL001C"	-1.369	-2.878	-4.137	-0.843	-1.195	-1.719	-2.358	-2.176	-0.628
"YGL016W"	-1.474	-3.034	-4.265	-1.815	-1.608	-2.599	-3.554	-2.639	0.832
"YGL022W"	-1.034	-3.396	-4.268	-0.687	-0.699	-1.211	-1.242	-2.176	-0.312
"YGL026C"	-0.768	-3.132	-4.669	-0.678	-0.839	-1.868	-2.181	-2.636	-0.724
"YGL027C"	-0.279	-2.354	-4.731	-0.404	-0.674	-2.105	-2.719	-3.083	0.444
"YGL107C"	-0.737	-2.708	-3.138	-0.57	-0.373	-1.618	-1.576	-1.936	0.34
"YGL116W"	-0.975	-1.418	-1.754	-0.722	-0.675	-1.279	-1.556	-1.94	-0.243
"YGL120C"	-2.077	-4.088	-5.111	-2.178	-1.783	-2.866	-3.888	-4.137	-0.048
"YGL207W"	-0.737	-2.137	-2.772	-1.089	-1.517	-2.2	-2.806	-2.861	0.234
"YGL245W"	-1.475	-4.799	-6.655	-1.589	-2.121	-3.552	-4.345	-4.779	0.162
"YGL246C"	-0.979	-2.83	-2.44	-1.452	-1.433	-1.976	-2.222	-2.971	0.536
"YGR001C"	-0.842	-2.12	-3.271	-0.879	-0.942	-1.426	-1.682	-2.24	-0.213
"YGR075C"	-0.263	-1.662	-2.026	-0.948	-0.945	-1.112	-1.161	-1.533	-0.326
"YGR145W"	-1.077	-2.133	-4.024	-1.897	-1.466	-2.519	-3.279	-3.084	0.609
"YGR165W"	-0.181	-2.409	-2.32	-0.101	-0.037	-0.836	-1.166	-1.152	0.117
"YGR171C"	0.209	-1.266	-1.682	0.115	0.022	-0.812	-0.987	-0.99	0.125
"YGR185C"	-2.13	-5.306	-6.361	-2.531	-2.944	-4.576	-4.871	-5.006	-0.273
"YGR200C"	-1.152	-2.863	-3.668	-1.274	-1.456	-1.861	-2.863	-2.446	-0.227
"YGR229C"	-1.164	-2.847	-4.256	-1.569	-1.658	-2.401	-2.58	-3.391	0.09
"YGR234W"	-2.175	-3.567	-3.847	-2.118	-3.518	-3.826	-4.345	-4.526	-0.864
"YGR261C"	-1.213	-2.682	-3.233	-1.125	-0.876	-1.657	-2.505	-2.45	0.465
"YHL003C"	-0.508	-2.186	-3.084	-0.886	-0.883	-1.585	-1.707	-1.741	-0.028
"YHR005C"	0.255	-1.947	-4.17	-0.574	-0.985	-2.115	-2.592	-2.519	0.121
"YHR013C"	-1.491	-1.576	-3.226	-1.73	-1.411	-2.229	-2.475	-3.122	0.152
"YHR019C"	-1.831	-4.051	-5.077	-2.109	-2.06	-3.117	-3.721	-4.387	0.336
"YHR025W"	-1.993	-2.666	-5.429	-1.97	-1.896	-1.471	-2.319	-2.178	-0.757
"YHR043C"	-0.943	-1.983	-3.778	-0.839	-1.062	-1.59	-1.963	-1.696	-0.159
"YHR047C"	-1.732	-3.032	-4.423	-1.632	-1.63	-1.978	-3.102	-3.056	0.292
"YHR063C"	-1.469	-3.309	-4.42	-1.385	-1.916	-2.162	-3.419	-3.036	-0.709
"YHR107C"	-0.339	-3.369	-2.898	-0.726	-1.032	-1.982	-2.205	-2.843	0.259
"YHR179W"	-1.971	-3.188	-4.68	-1.236	-2.035	-3.086	-5.251	-4.091	-0.97
"YHR193C"	-1.341	-3.11	-4.166	-1.494	-1.913	-1.778	-2.357	-2.845	0.095
"YHR208W"	-1.397	-3.12	-4.064	-1.232	-1.339	-2.263	-2.683	-2.939	-0.992
"YIL044C"	-0.463	-1.784	-2.248	-0.49	-0.505	-1.033	-1.385	-1.612	-0.039
"YIL078W"	-2.498	-5.192	-6.059	-2.436	-3.226	-4.41	-4.902	-4.944	0.169
"YIL110W"	1.513	-2.455	-3.072	-1.354	-1.444	-1.775	-2.473	-2.492	0.082
"YJL014W"	-1.494	-2.624	-3.962	-1.558	-1.58	-2.252	-3.068	-2.866	0.265
"YJL081C"	-0.905	-1.725	-4.519	-0.686	-0.81	-1.259	-1.944	-1.52	0.345
"YJL145W"	-1.431	-2.136	-3.628	-1.678	-1.482	-2.303	-2.334	-2.853	0.499
"YJR003C"	-0.767	-2.48	-3.457	-0.824	-0.91	-2.176	-2.349	-2.42	0.023
"YJR031C"	-0.479	-1.269	-2.438	-0.941	-0.791	-1.384	-1.85	-0.8	0.353
"YJR142W"	-0.689	-2.83	-2.392	-0.772	-0.821	-1.581	-2.204	-2.058	-0.464
"YJR143C"	-1.487	-4.675	-5.523	-1.986	-2.118	-3.335	-3.698	-3.382	-0.15
"YKL073W"	-0.732	-2.672	-3.282	-0.985	-1.089	-2.148	-2.623	-3.195	-0.275
"YKL104C"	-0.078	-2.463	-3.649	-0.898	-1.051	-2.53	-2.85	-2.774	-0.316
"YKL209C"	-1.273	-2.141	-3.7	-1.464	-2.155	-2.666	-3.668	-3.575	0.254
"YKL212W"	-1.247	-3.014	-4.806	-1.656	-1.598	-2.516	-2.929	-3.374	-1.065
"YKR026C"	-1.705	-2.863	-3.755	-1.369	-1.003	-1.858	-2.363	-2.231	-0.249
"YKR028W"	-0.742	-2.477	-4.381	-0.672	-0.248	-1.296	-1.963	-2.574	0.287
"YKR056W"	-1.492	-3.298	-4.34	-1.597	-1.637	-2.627	-3.787	-3.544	-0.024
"YKR059W"	-1.543	-2.817	-4.998	-1.844	-2.106	-2.623	-2.96	-3.568	-1.081
"YLL024C"	-1.683	-2.574	-5.009	-0.684	-0.85	-2.804	-3.024	-3.122	-0.816
"YLL035W"	-1.446	-2.821	-3.138	-1.355	-1.239	-1.67	-2.017	-1.979	0.027
"YLL044W"	-2.211	-3.79	-6.48	-2.654	-2.736	-2.724	-3.494	-3.967	1.849
"YLR045C"	-1.363	-1.804	-2.728	-1.092	-1.01	-1.829	-1.751	-2.74	0.129
"YLR060W"	-2.499	-4.941	-5.967	-2.397	-2.667	-3.118	-3.713	-4.371	-0.835
"YLR065C"	-1.191	-1.93	-3.028	-1.07	-1.137	-1.477	-1.554	-1.642	-0.607
"YLR101C"	-1.233	-2.239	-3.161	-1.073	-1.203	-1.911	-2.069	-2.518	-0.081
"YLR222C"	-0.88	-3.721	-4.745	-2.036	-2.29	-3.081	-2.929	-3.119	0.006
"YLR249W"	-3.403	-4.146	-6.742	-3.131	-3.778	-3.883	-4.549	-4.992	-0.372
"YLR314C"	-1.783	-2.218	-5.585	-2.505	-2.761	-2.906	-3.447	-3.937	-0.35
"YLR355C"	-0.712	-5.125	-6.009	-1.288	-1.519	-1.878	-1.989	-3.088	-0.843
"YML031W"	-1.017	-3.731	-3.953	-1.039	-1.033	-1.68	-1.828	-2.276	-0.473
"YMR013C"	-0.525	-1.202	-2.075	-0.76	-0.932	-1.687	-1.568	-1.395	-0.571
"YMR079W"	-1.001	-2.074	-3.648	-1.258	-1.294	-1.666	-1.971	-2.855	0.238
"YMR131C"	-2.414	-5.052	-6.665	-2.829	-3.214	-4.236	-5.241	-4.266	0.682
"YMR208W"	-0.82	-2.542	-3.618	-0.931	-1.136	-1.98	-2.454	-2.354	-0.129
"YMR217W"	-2.518	-4.735	-5.29	-3.341	-4.118	-3.713	-4.205	-4.469	-0.398
"YMR220W"	-0.681	-1.869	-3.12	-0.492	-0.881	-1.468	-2.008	-1.728	-0.378
"YMR235C"	-1.783	-3.534	-5.187	-2.046	-2.046	-2.838	-3.21	-3.756	-0.29
"YMR241W"	-1.351	-1.771	-3.349	-1.805	-1.831	-2.426	-3.0	-3.778	-1.237
"YNL035C"	-0.487	-2.242	-4.036	-0.766	-0.96	-1.517	-2.026	-1.167	-0.486
"YNL041C"	-0.323	-2.304	-3.473	-0.469	-0.451	-2.075	-2.743	-2.875	-0.379
"YNL085W"	-0.67	-2.342	-5.369	-1.668	-1.484	-2.001	-2.706	-3.291	-0.602
"YNL090W"	-1.485	-2.438	-2.292	-1.304	-1.549	-1.844	-1.862	-2.234	0.301
"YNR043W"	-1.86	-2.934	-5.1565	-2.078	-2.382	-2.655	-3.803	-3.856	-0.362
"YOR198C"	-1.6725	-4.452	-5.562	-2.3	-2.828	-4.384	-4.657	-4.415	0.209
"YOR239W"	-1.31	-3.232	-5.0985	-2.053	-2.15	-3.149	-3.934	-3.704	0.801
"YOR240W"	-1.044	-2.8765	-3.6975	-1.773	-1.486	-2.693	-3.23	-2.674	0.295
"YOR260W"	-1.6735	-2.507	-4.639	-1.513	-1.624	-2.257	-2.577	-3.081	-0.935
"YOR272W"	-1.682	-3.353	-4.712	-2.312	-2.009	-3.017	-3.307	-4.52	-0.87
"YOR305W"	-0.8795	-1.6535	-2.672	-0.719	-1.206	-1.227	-1.264	-1.883	-0.322
"YOR323C"	-1.941	-4.2845	-6.434	-1.557	-1.382	-2.742	-3.497	-3.428	-0.852
"YOR326W"	-1.329	-3.4635	-4.9875	-1.82	-2.099	-3.585	-3.591	-2.795	-0.427
"YPL037C"	-1.975	-3.9955	-5.417	-1.561	-1.872	-2.115	-3.222	-3.654	-0.234
"YPL160W"	-1.47166666666667	-3.08233333333333	-5.284	-2.449	-2.824	-3.1695	-3.499	-2.977	0.1245
"YPL178W"	-0.866	-2.0395	-3.2495	-1.104	-1.052	-1.535	-1.511	-1.922	-0.5945
"YPL210C"	-0.484333333333333	-2.00066666666667	-3.50166666666667	-1.072	-1.187	-1.31	-1.9415	-1.2345	-0.791
"YPL226W"	-1.80333333333333	-3.95033333333333	-5.67966666666667	-2.3985	-2.8955	-3.407	-2.9025	-3.983	-0.483
"YPL241C"	-0.814	-1.9285	-3.6825	-0.924	-1.179	-1.429	-1.607	-1.54	0.162
"YPL243W"	-1.456	-4.1455	-5.276	-1.377	-1.873	-2.602	-3.541	-3.544	-0.014
"YPR029C"	-0.418	-1.735	-4.2395	-0.681	-0.605	-1.909	-1.836	-2.242	0.458
"YPR033C"	-2.534	-4.8805	-7.94	-2.096	-2.55	-3.951	-4.382	-4.54	-0.6415
"YPR118W"	-2.706	-3.9965	-5.524	-2.594	-2.077	-2.882	-3.334	-3.538	-1.347
"YPR145W"	-2.5015	-3.737	-5.02	-2.228	-2.21	-3.369	-3.625	-3.498	-1.414
"YPR187W"	-1.511	-3.609	-5.408	-1.816	-2.016	-2.28	-2.584	-3.22	0.0
"YPR190C"	-1.5705	-3.3155	-3.101	-0.983	-0.705	-1.601	-1.95	-2.429	0.452
