	"497.Heat Shock 000 minutes"	"781.Heat Shock 000 minutes (series 2)"	"817.1M sorbitol - 30 min"	"854.YPD_6_h_30C"	"855.YPD_8_h_30C"	"856.YPD_10_h_30C"	"857.YPD_12_h_30C"	"858.YPD_1_d_30C"	"859.YPD_2_d_30C"	"860.YPD_3_d_30C"	"861.YPD_5_d_30C"	"944.starv_in_H2O_4_h_30C"	"1013.YPD 1 d (25C)"	"1014.YPD 2 d (25C)"	"1015.YPD 3 d (25C)"	"1016.YPD 5 d (25C)"	"1017.YPD 7 d (25C)"	"1018.YPD 13 d (25C)"	"1107.alpha factor release sample025"	"1167.NBW7 strain low-Pi vs. High-Pi, exp.1"	"3020.WT vs lpz8 null cells in high Cu"	"4872.1M sorbitol - 60 min"	"5237.DES460 (wt) - mock irradiation - 5 min"	"6344.DES460 + 0.02% MMS - 5 min"	"7760.Na 45min"	"7761.Na 60min"	"7764.Na+FK 45min"	"7765.Na+FK 60min"	"11466.yO1 test hyb"	"13057.wt/crz1 Na 30min (1)"	"13059.wt/crz1 Na 45min (1)"	"13060.wt/crz1 Na 45min (2)"	"13063.wt/crz1 Ca 30min (1)"	"13064.wt/crz1 Ca 30min (2)"	"13070.Ca/Ca+FK 15min (2)"	"40970.MD_II_63_min"	"40971.MD_II_77_min"	"40973.MD_II_100_min"	"40974.MD_II_120_min"	"40975.MD_II_130_min"	"40976.MD_II_140_min"
"YBL072C"	1.4025	1.377	-0.837	-3.835	-3.367	-3.036	-2.694	-2.486	-3.041	-3.192	-6.241	-3.188	-2.074	-2.5425	-2.5865	-2.5245	-3.2065	-4.2	0.2455	0.183	0.238	0.611	-0.393	0.31	-1.917	-1.631	-1.925	-2.018	-2.524	0.729	0.435	0.389	0.361	0.214	0.485	-2.506	-2.429	-2.113	-1.434	-1.25	-1.814
"YBL092W"	1.0255	0.97	-0.9335	-3.458	-3.598	-2.824	-2.394	-2.138	-2.929	-2.896	-5.158	-2.665	-2.2215	-2.153	-2.4445	-1.726	-2.74	-2.8475	0.183	0.285	0.267	0.097	-0.37	0.16	1.17	-0.043	-1.975	-1.804	-1.555	0.33	0.048	0.001	0.155	0.12	0.185	-1.303	-1.102	-1.252	-0.554	-0.137	-1.126
"YBR084W"	0.407	0.888	-0.8725	-4.143	-3.145	-3.201	-2.722	-2.908	-4.006	-4.365	-5.362	-1.44	-1.8955	-1.9025	-2.592	-1.934	-2.75	-2.725	0.0255	0.474	0.21	-0.015	-0.56	-0.166	-2.037	-1.62	-1.632	-1.367	-2.65	0.353	0.223	0.198	-0.491	-0.485	-0.347	-2.826	-2.843	-2.018	-2.601	-2.88	-3.139
"YBR143C"	1.0005	0.926	-0.1095	-2.729	-2.378	-2.339	-2.197	-1.932	-2.537	-3.195	-4.642	-2.012	-1.838	-2.126	-2.659	-2.698	-2.699	-3.572	-0.087	-0.065	-0.025	0.029	-0.969	0.012	-1.426	-1.074	-1.267	-1.238	-1.699	0.193	0.193	-0.03	0.111	-0.003	0.002	-1.297	-1.869	-1.779	-1.639	-1.638	-1.243
"YBR189W"	1.308	1.486	-0.45	-3.784	-3.224	-3.356	-2.463	-2.154	-2.355	-2.065	-4.702	-2.334	-2.112	-2.629	-2.467	-1.9305	-1.8835	-2.9475	-0.015	0.067	0.4185	0.262	-0.437	0.339	-2.021	-1.332	-1.625	-1.55	-2.4025	0.8445	0.25	0.172	0.387	0.237	0.421	-1.418	-1.714	-1.891	-1.4285	-1.13	-1.5195
"YBR205W"	0.5585	0.48	-0.42	-0.193	0.27	0.216	-0.253	-0.574	-0.55	-2.047	-3.842	-1.164	-0.458	-1.74	-0.5585	-0.8785	-1.5345	-2.119	-0.0025	-0.13	-0.2325	-0.256	-0.167	-0.089	-0.902	-0.684	-0.954	-0.768	-0.513	0.14	-0.212	-0.103	0.029	-0.019	0.057	-1.129	-1.108	-1.662	-1.289	-1.441	-0.515
"YDL082W"	0.763	1.092	-0.779	-3.223	-2.484	-2.853	-1.739	-1.446	-1.723	-3.326	-5.816	-1.18	-1.919	-2.383	-2.182	-2.186	-3.001	-3.589	0.068	0.048	0.4695	0.063	-0.173	0.34	-1.685	-1.238	-1.349	-1.263	-1.852	0.8805	0.368	0.307	0.345	0.191	0.4155	-1.1295	-1.035	-1.3305	-0.968	-0.597	-1.222
"YDL092W"	0.322	0.185	-0.171	-0.497	-0.907	-0.777	-1.3	-1.326	-0.905	-0.541	-1.997	-1.071	-1.192	-1.277	-0.915	-0.746	-0.405	-0.595	0.057	0.077	0.0835	0.009	-0.006	0.059	-0.585	-0.386	-0.668	-0.814	-0.958	0.115	0.01	0.059	0.087	-0.039	0.121	-1.0	-1.089	-0.72	-1.181	-1.067	-1.067
"YDR025W"	0.692	1.014	-0.624	-3.904	-3.548	-3.252	-2.573	-2.592	-2.705	-3.393	-6.697	-3.471	-2.828	-1.915	-2.886	-2.503	-2.895	-3.518	0.181	-0.048	-0.306	-0.035	-0.638	0.236	-1.767	-0.948	-1.45	-1.463	-1.7675	0.7205	0.2095	0.205	0.384	0.2575	0.459	-1.0585	-1.305	-2.008	-1.356	-1.104	-2.068
"YDR037W"	0.71	0.672	-0.666	-4.313	-3.427	-3.607	-3.146	-3.858	-3.458	-4.551	-5.224	-2.756	-2.384	-2.681	-2.313	-2.916	-3.368	-3.772	0.157	-0.155	0.005	-0.13	-0.281	0.385	-1.545	-1.443	-1.572	-1.904	-2.523	0.525	0.064	0.055	-0.137	-0.097	-0.258	-1.295	-1.624	-1.801	-1.349	-1.717	-1.744
"YDR064W"	1.178	0.993	-0.243	-3.874	-3.241	-2.585	-2.577	-2.639	-2.597	-3.761	-5.03	-2.511	-2.228	-2.718	-2.943	-2.527	-2.531	-3.199	0.351	-0.285	-0.0555	-0.36	-0.734	0.137	-1.489	-1.026	-2.324	-1.878	-1.996	0.6125	0.142	0.0105	0.4715	0.3675	0.4945	-1.3945	-1.471	-1.701	-1.779	-1.751	-1.635
"YDR071C"	0.498	0.462	0.434	0.37	-0.7	-0.661	-0.825	-1.203	-1.492	-2.459	-4.374	-0.581	-0.648	-0.696	-0.953	-1.937	-3.125	-2.557	0.182	0.123	0.175	0.015	-0.076	0.282	-0.108	-0.143	-0.318	-0.491	-1.47	-0.032	0.061	0.139	0.24	0.231	0.224	-1.753	-1.866	-1.903	-2.259	-0.711	-2.091
"YDR076W"	-0.608	0.215	0.208	1.087	1.409	1.842	1.842	1.414	1.889	1.053	1.212	1.065	0.626	0.75	0.755	0.645	0.826	0.694	-0.521	0.073	0.0535	0.236	0.143	-0.303	1.42	1.264	1.297	1.246	0.732	0.337	0.116	0.203	0.025	-0.159	0.186	1.07	1.581	1.733	1.19	1.435	1.09
"YDR091C"	0.962	0.996	-0.671	-3.288	-2.045	-1.789	-1.68	-1.547	-1.362	-3.384	-4.4	-2.03	-1.631	-1.728	-2.044	-2.636	-3.222	-3.423	0.006	0.041	-0.2525	0.11	-0.898	-0.04	-2.074	-1.731	-1.652	-1.604	-1.376	0.136	-0.013	-0.028	-0.385	-0.362	0.006	-2.627	-2.36	-2.595	-1.098	-2.9	-1.659
"YDR101C"	1.358	1.377	-0.561	-4.306	-3.203	-3.082	-2.55	-2.315	-2.948	-4.145	-4.667	-1.752	-2.005	-1.96	-2.252	-2.862	-3.177	-3.516	0.113	-0.128	-0.248	0.107	-1.27	-0.233	-2.352	-1.867	-2.477	-2.261	-2.013	-0.222	0.204	0.01	-0.578	-0.547	0.016	-2.827	-2.477	-2.576	-2.129	-3.128	-2.094
"YDR161W"	0.387	1.259	-0.325	-4.61	-2.37	-2.197	-2.192	-1.24	-2.356	-2.842	-4.816	-0.877	-1.46	-1.406	-1.537	-2.298	-2.511	-2.286	0.153	-0.554	0.2925	0.168	-0.653	0.015	-0.995	-0.846	-1.549	-1.617	-1.526	0.26	0.173	0.341	-0.31	-0.403	-0.32	-1.006	-1.144	-1.806	-2.259	-1.824	-1.36
"YDR176W"	0.117	-0.023	-0.159	0.574	0.515	1.204	0.825	1.059	0.558	-1.115	-2.124	-0.152	0.302	0.32	0.343	-0.624	-1.183	-0.823	-0.234	0.193	0.097	-0.149	0.392	-0.124	0.731	0.39	1.106	0.639	0.3585	-0.188	0.125	0.1255	0.0245	-0.073	-0.1575	0.9965	0.963	0.9775	0.403	0.337	0.5405
"YDR233C"	0.702	0.443	-0.06	-0.276	0.153	-0.81	-0.675	-0.513	-1.091	-2.587	-3.48	-1.566	-0.294	-0.467	-0.606	-2.047	-2.27	-2.451	0.202	0.055	-0.062	0.064	-0.897	0.175	-0.934	-0.494	-0.909	-0.675	-0.709	0.3765	-0.0985	0.013	0.2795	0.2705	0.184	-1.671	-2.0785	-2.1955	-0.864	-1.8	-1.9495
"YDR245W"	0.6025	0.504	-0.4725	0.179	-1.6455	-1.349	-1.899	-1.947	-1.19	-1.932	-3.6715	-1.5755	-1.4375	-1.4085	-1.39	-1.7115	-2.2845	-2.201	NaN	-0.0335	-0.15	0.0415	-0.7845	0.047	-0.7865	-0.801	-0.7905	-1.01	-1.29866666666667	0.0296666666666667	0.198	0.169333333333333	0.00966666666666667	-0.0213333333333333	0.00233333333333333	-1.06033333333333	-1.21633333333333	-1.672	-1.79366666666667	-1.20233333333333	-2.03466666666667
"YDR341C"	0.688	0.703	-0.975	-3.559	-2.27	-1.485	-1.763	-1.574	-1.681	-3.212	-5.262	-2.134	-1.135	-1.942	-2.263	-3.262	-3.294	-3.559	0.152	0.178	0.174	0.1	-1.081	0.023	-2.215	-1.98	-1.833	-1.888	-1.562	0.487	0.041	0.102	-0.301	-0.3	-0.332	-1.986	-3.202	-3.139	-1.96	-2.088	-2.352
"YDR382W"	1.065	1.111	-0.522	-2.138	-2.015	-2.237	-1.342	-1.738	-1.546	-2.459	-5.686	-2.776	-2.332	-2.897	-2.877	-2.565	-3.137	-3.471	0.211	-0.041	0.342	0.555	-0.669	0.007	-0.639	-0.637	-0.979	-1.369	-1.905	0.578	0.316	0.475	0.195	0.202	0.318	-2.23	-2.352	-2.566	-1.788	-2.43	-2.838
"YDR385W"	0.964	0.949	-0.853	-2.252	-1.858	-1.887	-1.775	-1.783	-1.985	-3.158	-5.463	-1.065	-1.038	-1.431	-1.529	-1.848	-2.214	-3.65	0.207	0.612	0.229	-0.147	0.046	0.076	-1.417	-1.352	-1.462	-1.335	-1.86	0.158	-0.018	-0.111	-0.428	-0.02	-0.615	-2.561	-3.868	-3.422	-2.794	-2.877	-2.375
"YDR429C"	1.021	0.747	-0.111	-2.84	-2.516	-2.442	-2.563	-1.914	-2.02	-1.165	-3.313	-0.64	-1.899	-1.916	-2.126	-1.576	-1.579	-1.738	-0.12	0.033	-0.199	-0.031	-1.012	0.031	-2.142	-1.436	-2.121	-2.023	-2.084	0.329	-0.121	-0.046	0.228	0.129	-0.027	-2.018	-2.161	-2.958	-2.88	-3.064	-2.112
"YDR447C"	1.205	1.022	-0.83	-4.882	-3.934	-3.531	-3.26	-2.507	-2.465	-3.659	-5.332	-2.813	-2.279	-2.432	-2.817	-2.53	-2.625	-3.552	-0.061	0.04	-0.1	0.176	-0.582	0.458	-2.33	-1.793	-2.456	-2.291	-2.1165	0.765	0.5775	0.304	0.3055	0.0755	0.512	-0.807	-2.603	-2.5185	-2.652	-2.1805	-2.4665
"YEL015W"	-0.181	0.0	-0.039	0.171	-0.232	0.216	-0.008	-0.479	-0.694	-2.25	-2.076	-0.365	-0.444	-0.869	-0.511	-0.71	-1.26	-0.232	0.007	-0.031	0.189	-0.033	0.19	-0.088	-0.032	0.071	0.087	0.219	-0.387	-0.2955	-0.201	-0.153	-0.1905	-0.186	-0.358	-1.2605	-1.127	-1.429	-1.0655	-1.684	-1.24
"YEL040W"	0.687	0.681	-1.092	-3.201	-3.812	-3.508	-3.911	-4.238	-3.616	-3.786	-4.551	-3.347	-4.284	-4.461	-3.561	-3.111	-3.855	-3.066	0.044	-0.073	-0.363	-0.591	-0.594	-0.115	-1.21	-0.969	-1.528	-1.389	-3.1215	-0.482	-0.113	-0.1205	-0.205	-0.301	0.191	-2.901	-2.1515	-2.8375	-2.6615	-2.2145	-2.394
"YER006W"	1.191	0.969	-0.986	-4.011	-2.738	-2.065	-2.285	-1.487	-2.061	-2.345	-4.571	-1.673	-1.622	-2.01	-1.682	-2.195	-2.03	-3.232	0.049	0.166	-0.345	-0.159	-1.321	-0.234	-2.718	-2.356	-2.241	-2.757	-1.125	0.4125	0.1695	0.2635	-0.584	-0.385	-0.1275	-1.7425	-1.146	-1.504	-1.2425	-2.6585	-1.589
"YER031C"	0.517	0.594	-0.347	-0.898	-1.016	-0.637	-1.025	-1.399	-1.638	-1.835	-4.144	-1.251	-0.227	-0.58	-0.58	-0.886	-1.885	-1.955	0.0	-0.173	0.029	-0.006	-0.137	0.285	-0.535	-0.301	-1.215	-0.949	-1.034	0.038	-0.099	0.216	0.406	0.571	0.258	-0.641	-0.998	-1.07	-1.621	-1.746	-1.709
"YER055C"	1.085	1.029	-0.068	-3.198	-2.991	-2.662	-2.51	-2.576	-1.65	-2.242	-5.075	-2.025	-1.572	-1.841	-1.202	-1.279	-2.06	-2.707	0.336	0.477	0.253	0.041	-0.294	0.143	-2.731	-1.65	-2.402	-2.442	-2.391	0.68	-0.081	-0.061	0.383	0.302	-0.268	-2.111	-1.346	-1.227	-1.943	-1.658	-1.33
"YFR028C"	0.695	0.506	-0.256	-1.14	-1.025	-0.58	-0.627	-1.456	-0.875	-2.027	-4.271	-1.037	-0.829	-1.142	-1.447	-1.092	-1.864	-1.575	-0.128	0.131	-0.072	0.191	-0.065	0.047	0.269	0.278	0.412	0.43	-1.1065	0.01	0.1125	0.0205	0.014	5.0E-4	0.1975	-0.839	-0.5045	-1.319	-2.0155	-1.38	-0.713
"YGL030W"	1.262	1.167	-0.828	-3.613	-2.888	-2.582	-1.861	-2.363	-2.008	-3.668	-5.484	-2.6	-2.059	-2.592	-2.534	-1.668	-2.044	-3.011	0.199	-0.106	0.133	-0.101	-0.467	-0.008	-1.538	-1.155	-1.841	-2.095	-1.6485	0.6475	0.269	0.2045	0.271	0.242	0.4565	-1.7385	-1.7925	-2.2635	-1.561	-2.1535	-1.241
"YGL031C"	1.133	1.047	-0.862	-3.366	-4.285	-3.732	-2.9	-1.846	-3.104	-3.683	-5.763	-3.063	-2.42	-2.475	-2.899	-2.92	-3.061	-3.473	0.308	0.12	0.117	0.114	-0.255	0.194	-2.226	-1.763	-2.016	-1.743	-2.655	0.461	0.165	0.267	0.077	-0.045	0.237	-1.243	-1.623	-2.49	-1.071	-1.421	-1.852
"YGL099W"	0.834	0.843	-0.368	-3.43	-2.011	-2.123	-1.774	-2.004	-2.335	-2.895	-5.764	-1.291	-1.738	-1.805	-1.984	-2.516	-3.273	-3.42	0.124	-0.19	-0.31	0.157	-0.339	-0.013	-1.31	-0.941	-1.384	-1.23	-2.114	0.408	0.023	0.075	-0.256	-0.246	-0.227	-1.837	-1.194	-0.896	-1.465	-0.864	-1.769
"YGL123W"	1.27	1.264	-0.807	-3.781	-3.757	-3.726	-3.265	-2.802	-3.62	-4.004	-5.982	-3.701	-2.071	-2.414	-2.278	-2.388	-2.65	-3.558	0.497	-0.336	0.42	0.027	-0.514	0.274	-2.323	-2.087	-2.138	-2.024	-2.357	0.634	0.421	0.408	0.356	0.221	0.429	-1.946	-1.262	-1.944	-2.434	-2.333	-2.058
"YGL135W"	1.167	1.101	-0.854	-3.221	-2.573	-2.455	-2.548	-2.301	-2.942	-3.418	-5.687	-3.119	-2.03	-2.512	-2.692	-2.267	-2.874	-3.825	0.502	-0.295	-0.246	-0.045	-0.656	0.176	-2.546	-2.004	-2.237	-2.539	-2.233	0.718	0.551	0.488	0.286	0.108	0.333	-2.952	-2.219	-2.349	-2.729	-1.685	-3.256
"YGL147C"	1.427	1.186	-1.071	-3.892	-3.111	-3.32	-3.389	-2.422	-3.896	-3.921	-7.507	-3.466	-2.459	-2.874	-3.388	-3.018	-2.755	-3.483	0.343	-0.329	-0.229	0.326	-0.625	0.431	-2.522	-2.212	-2.365	-2.897	-2.532	0.91	0.7	0.778	0.097	-0.08	0.415	-3.054	-2.675	-2.553	-2.436	-2.63	-3.298
"YGL231C"	0.846	0.534	0.019	-0.43	-0.57	-0.528	-0.78	-0.521	-0.906	-1.893	-3.788	-0.85	-0.64	-0.361	-0.357	-1.455	-1.7	-1.822	0.052	0.162	0.167	-0.082	-0.407	0.153	0.393	0.181	-0.001	-0.27	-0.525	0.486	0.357	0.37	0.225	0.37	0.291	-1.747	-1.154	-1.364	-1.064	-1.058	-1.687
"YGR027C"	1.159	1.017	-0.705	-3.433	-2.572	-1.843	-1.632	-1.57	-1.697	-2.797	-5.39	-2.612	-1.612	-1.779	-1.889	-1.187	-1.867	-2.368	0.162	0.662	0.642	0.238	-0.355	0.319	-1.308	-1.106	-1.482	-1.504	-1.824	0.796	0.235	0.274	0.313	0.128	0.355	-1.135	-2.379	-1.549	-2.133	-1.965	-1.517
"YGR061C"	0.2555	0.2595	-0.4115	-1.1505	-1.4555	-1.015	-1.0655	-1.003	-1.6865	-2.8345	-3.447	-1.048	-1.1355	-1.7575	-1.891	-1.7885	-1.6345	-2.528	-0.344	0.231	0.0825	-0.0275	0.1655	-0.2455	-1.631	-1.904	-0.4785	-0.566	0.329	-0.073	-0.187	-0.206	-0.03	-0.1255	0.265	-2.215	-2.278	-1.68	-1.48	-1.8825	-1.3055
"YGR118W"	1.216	0.973	-0.445	-2.621	-2.692	-2.681	-2.455	-2.097	-1.993	-2.204	-5.471	-2.183	-1.903	-1.997	-2.117	-1.76	-2.214	-3.141	0.138	-0.009	-0.016	0.229	-0.411	0.3825	-1.737	-1.367	-1.832	-1.647	-2.095	0.628	0.2235	0.2275	0.227	0.1355	0.346	-2.046	-1.282	-1.9475	-2.2295	-2.0795	-1.421
"YGR119C"	0.644	0.419	-0.049	-0.136	-0.242	-0.13	-0.018	0.23	-0.707	-1.721	-3.791	-0.968	-0.752	-0.671	-0.753	-0.707	-1.376	-1.087	0.02	0.084	0.229	-0.134	0.082	-0.003	0.103	-0.12	0.295	0.201	-0.7635	0.1785	0.1575	0.168	-0.0915	0.145	-0.2315	-1.23	-0.7875	-1.395	-1.603	-2.0375	-0.838
"YGR148C"	1.076	0.859	-1.095	-3.45	-3.596	-3.464	-3.033	-2.31	-2.615	-3.884	-5.757	-2.956	-2.455	-2.508	-2.896	-3.022	-3.649	-4.092	0.127	0.13	0.201	0.022	-0.24	0.25	-2.108	-1.621	-1.901	-1.746	-2.7095	0.5395	0.014	0.0495	0.2355	0.107	0.098	-1.466	-1.5835	-1.8265	-1.9105	-1.6245	-1.9535
"YGR214W"	1.051	0.967	-0.927	-4.3	-2.826	-2.795	-2.24	-1.862	-2.776	-3.03	-5.16	-2.7	-1.984	-2.119	-1.46	-0.955	-1.925	-3.246	0.302	-0.233	0.007	0.128	-0.469	0.356	-2.222	-1.645	-2.061	-1.791	-1.905	0.729	0.396	0.496	0.247	0.26	0.243	-1.289	-2.049	-2.769	-1.662	-2.078	-2.448
"YHR128W"	1.092	0.833	-0.741	-4.359	-3.335	-2.68	-3.111	-3.159	-3.742	-4.967	-6.006	-3.361	-2.425	-3.051	-3.482	-3.191	-3.494	-3.516	0.195	-0.218	-0.976	0.062	-1.564	0.0725	-1.948	-1.706	-1.979	-2.009	-1.769	0.916	0.27	0.315	0.724	0.559	0.384	-3.173	-2.944	-3.448	-3.644	-3.711	-4.039
"YHR201C"	0.563	0.454	0.268	-0.362	-0.829	-1.539	-1.634	-2.046	-1.721	-1.811	-4.155	-1.009	-1.228	-1.193	-1.428	-1.103	-1.632	-2.134	-0.078	-0.227	0.236	-0.051	-0.51	-0.014	-0.259	-0.196	-0.349	-0.385	-1.989	0.169	0.075	0.042	0.151	0.127	-0.169	-2.032	-2.503	-1.963	-1.803	-1.503	-2.003
"YHR203C"	1.231	1.011	-0.754	-3.926	-2.827	-3.148	-2.671	-2.372	-2.895	-3.782	-5.944	-3.412	-2.276	-2.437	-2.591	-2.575	-3.081	-3.941	0.219	-0.367	0.242	0.264	-0.357	0.204	-2.455	-1.726	-2.243	-1.865	-2.302	0.651	0.073	0.156	0.281	0.125	0.258	-1.873	-2.602	-2.385	-2.351	-1.792	-2.356
"YHR216W"	1.01	0.917	-0.463	-2.62	-2.056	-2.143	-1.201	-1.128	-2.045	-3.15	-4.943	-3.038	-0.935	-2.088	-2.767	-2.237	-2.621	-2.913	-0.225	-0.039	0.148	0.163	-0.198	0.1095	-1.597	-1.137	-1.652	-1.444	-1.783	0.513	0.071	-0.039	-0.213	-0.115	-0.27	-2.215	-2.531	-3.136	-2.892	-3.571	-3.232
"YIL018W"	1.253	1.177	-1.096	-4.365	-3.03	-2.782	-2.724	-2.488	-2.78	-3.492	-5.749	-3.056	-1.842	-2.218	-2.606	-2.661	-3.27	-3.914	0.301	-0.261	0.19	-0.233	-0.823	0.074	-1.963	-1.389	-2.403	-4.283	-2.495	0.579	0.22	0.186	0.288	0.203	0.384	-1.868	-1.447	-2.534	-1.725	-1.992	-2.409
"YIL020C"	0.637	0.642	0.109	-1.861	-1.374	-1.435	-1.753	-1.542	-1.241	-2.251	-3.447	-0.702	-1.062	-1.134	-1.135	-1.853	-1.943	-1.728	0.186	0.204	0.224	-0.158	-0.462	-0.0545	-0.75	-0.514	-0.972	-0.345	-1.289	0.385	0.245	0.206	0.463	0.419	0.319	-1.614	-0.398	-0.964	-1.371	-1.504	-1.836
"YIL052C"	1.095	0.998	-0.646	-3.856	-3.261	-2.954	-2.61	-2.22	-3.178	-2.895	-6.278	-2.559	-2.279	-2.271	-2.546	-2.162	-2.5	-3.158	0.265	0.126	0.257	0.24	-0.392	0.236	-1.273	-0.905	-1.141	-1.223	-1.743	0.798	0.302	0.266	0.23	0.147	0.595	-0.897	-2.091	-1.332	-1.838	-0.85	-0.966
"YIL078W"	0.897	0.771	-0.856	-2.907	-2.075	-2.018	-2.219	-2.498	-1.911	-5.192	-6.059	-2.5	-1.821	-2.436	-3.226	-4.41	-4.902	-4.944	-0.017	0.181	-0.049	0.141	-0.506	0.1345	-1.737	-1.78	-1.447	-1.466	-2.348	0.344	0.305	0.336	-0.401	-0.293	-0.202	-1.36	-2.063	-2.818	-2.344	-3.662	-2.433
"YIR012W"	1.162	0.869	-0.225	-4.7	-3.151	-2.338	-2.719	-2.544	-2.595	-3.791	-4.69	-2.137	-1.366	-1.684	-1.486	-1.547	-2.217	-2.528	0.111	-0.318	-0.162	0.194	-0.968	0.0135	-2.396	-1.897	-2.158	-2.125	-1.751	0.396	-0.138	0.062	-0.158	-0.123	-0.303	-2.658	-1.857	-3.403	-2.956	-1.67	-2.629
"YJL002C"	0.0	0.367	0.09	-1.243	-1.923	-1.637	-1.454	-1.243	-1.658	-2.469	-4.487	-1.766	-0.838	-0.942	-1.17	-1.748	-2.556	-2.618	0.157	0.161	0.181	-0.075	-0.106	0.138	-0.544	-0.479	-0.63	-0.436	-1.272	-0.011	0.165	0.164	0.065	0.091	0.009	-1.208	-1.172	-2.38	-1.902	-3.091	-2.224
"YJL008C"	0.613	0.702	0.193	-1.55	-2.184	-1.244	-1.301	-1.15	-2.213	-1.423	-4.824	-1.406	-0.919	-0.666	-0.879	-0.839	-1.61	-1.722	0.029	-0.012	0.217	-0.13	-0.007	0.024	-0.896	-0.518	-0.781	-0.293	-2.239	0.191	0.007	-0.207	0.189	0.455	-0.29	0.097	-0.75	-0.56	-1.025	-2.32	-1.314
"YJL069C"	1.0	0.854	-0.713	-4.742	-2.843	-2.261	-2.587	-2.233	-2.386	-3.072	-6.298	-2.033	-1.774	-1.863	-1.855	-1.613	-1.653	-2.017	-0.013	-0.255	-0.32	-0.09	-0.685	-0.174	-2.329	-1.711	-2.035	-1.743	-0.549	0.299	-0.103	0.114	-0.363	-0.4	0.178	-2.407	-1.973	-2.789	-3.229	-2.615	-3.111
"YJL109C"	0.335	0.3375	-0.83	-2.165	-1.7305	-1.4565	-1.5415	-0.849	-1.647	-2.408	-2.278	-1.009	-2.2595	-2.532	-2.726	-3.225	-3.2785	-3.3735	-0.242	0.463	-0.3015	-0.025	-0.3985	-0.0193333333333333	-1.2615	-1.151	-0.6225	-0.641	-1.6855	0.1295	0.0995	0.1595	-0.121	-0.019	-0.263	-2.1535	-2.0845	-1.9915	-2.6275	-1.9955	-2.1055
"YJL167W"	0.581	0.156	0.187	-0.95	-0.387	-0.252	-0.611	-1.069	-0.982	-2.323	-7.538	-1.667	0.288	-0.704	-0.897	-2.066	-2.855	-2.924	0.031	0.062	0.037	-0.056	-0.093	0.2745	-0.336	-0.227	-0.551	-0.857	-0.698	0.063	-0.068	-0.225	-0.066	-0.155	-0.316	-1.907	-2.638	-2.232	-3.372	-3.705	-1.151
"YJL177W"	1.302	1.042	-0.717	-4.132	-3.846	-3.2	-2.981	-0.605	-2.747	-3.255	-5.49	-3.428	-2.17	-2.525	-2.421	-1.768	-2.278	-2.905	0.263	0.11	0.264	0.25	-0.537	0.352	-2.129	-1.64	-2.455	-2.061	-2.348	0.728	0.107	0.093	0.336	0.2	0.479	-1.197	-3.497	-1.949	-2.596	-1.541	-1.624
"YJL188C"	1.008	1.159	-0.874	-2.525	-2.39	-2.043	-1.864	-1.323	-1.808	-2.786	-4.633	-2.519	-1.897	-1.885	-1.929	-2.169	-2.54	-2.776	0.223	-0.154	-0.289	0.017	0.011	0.2065	-1.518	-1.071	-1.135	-1.4	-1.525	0.568	0.278	0.316	0.062	0.067	0.414	-1.943	-1.485	-1.412	-2.083	-1.571	-1.667
"YJL189W"	1.089	0.91	-0.691	-3.545	-2.317	-2.319	-2.282	-1.647	-1.644	-2.901	-4.28	-1.716	-1.87	-1.78	-2.141	-1.577	-2.282	-2.837	0.052	0.038	-0.214	-0.058	-0.046	0.1395	-1.438	-1.127	-1.552	-1.383	-1.034	0.746	0.175	0.302	0.254	0.199	0.235	-2.178	-2.1	-1.431	-2.298	-2.053	-2.524
"YJL190C"	1.36	1.453	-1.094	-3.794	-3.553	-3.267	-2.958	-2.413	-3.287	-3.585	-6.079	-3.536	-2.547	-3.105	-3.227	-2.941	-3.365	-3.524	0.252	0.086	0.362	0.048	-0.463	0.2805	-2.412	-1.772	-2.255	-2.211	-2.43	0.839	0.457	0.454	0.054	0.056	0.478	-2.48	-2.383	-2.905	-2.64	-1.849	-2.584
"YJR003C"	0.791	0.758	-0.465	-2.372	-2.025	-1.727	-1.346	-0.767	-1.43	-2.48	-3.457	-0.552	-1.37	-0.824	-0.91	-2.176	-2.349	-2.42	-0.42	-0.259	0.088	-0.218	-0.812	-0.0655	-0.903	-1.167	-0.821	-1.233	-0.882	0.28	0.461	0.387	0.079	-0.22	-0.427	-1.802	-2.324	-3.052	-2.968	-2.907	-2.457
"YJR072C"	0.393	0.7	-0.339	-2.021	-1.263	-1.728	-0.741	-0.864	-1.429	-1.773	-3.523	-1.206	-0.729	-0.673	-0.63	-1.21	-2.028	-1.455	0.039	-0.316	-0.285	-0.009	-0.186	0.181	-0.743	-0.365	-1.185	-1.219	-0.804	0.594	0.284	0.253	0.172	0.107	-0.096	-1.567	-1.782	-1.379	-1.72	-1.057	-2.078
"YJR123W"	1.3	1.246	-0.576	-3.844	-3.276	-3.279	-3.375	-2.46	-3.124	-4.381	-9.147	-3.442	-2.083	-2.391	-2.635	-2.639	-3.543	-4.006	0.248	-0.079	0.058	0.56	-0.221	0.301	-2.264	-1.907	-2.373	-2.137	-2.153	0.789	0.266	0.161	0.319	0.286	0.421	-2.281	-3.049	-3.256	-1.979	-3.103	-2.851
"YKL123W"	-0.585	-0.959	0.387	2.091	0.927	1.243	1.687	1.976	1.672	2.241	-1.091	1.276	0.75	1.24	1.489	1.399	1.181	0.883	0.036	0.102	-0.709	-0.095	0.475	-0.124	0.953	0.803	1.041	0.825	0.961	-0.079	0.283	0.344	0.195	-0.066	0.268	1.092	0.764	0.818	1.134	1.289	1.111
"YKR094C"	0.976	0.977	-0.665	-3.138	-2.914	-2.619	-2.274	-1.978	-2.41	-2.464	-4.383	-1.972	-1.579	-1.746	-1.839	-1.792	-2.197	-2.387	0.144	-0.168	0.186	0.016	-0.204	0.221	-1.747	-1.522	-1.7	-1.911	-2.035	0.573	0.52	0.292	0.319	0.121	0.372	-1.164	-1.729	-1.585	-0.978	-1.499	-1.398
"YLR060W"	0.836	0.614	-0.643	-3.165	-2.617	-2.047	-2.296	-2.499	-2.849	-4.941	-5.967	-2.672	-1.546	-2.397	-2.667	-3.118	-3.713	-4.371	-0.01	0.095	0.169	-0.212	-0.295	0.076	-1.345	-0.976	-1.106	-0.9	-2.464	0.203	-0.058	-0.301	-0.091	-0.021	-0.315	-1.315	-1.509	-1.777	-1.909	-2.894	-1.071
"YLR061W"	1.1	1.127	0.006	-4.925	-4.297	-4.115	-3.603	-2.908	-3.127	-4.939	-6.591	-3.021	-2.164	-2.433	-2.88	-3.309	-3.833	-3.91	0.01	-0.033	0.195	0.078	-0.438	0.465	-1.456	-0.703	-1.889	-1.422	-2.482	0.736	-0.116	-0.133	0.563	0.363	0.479	-1.637	-2.029	-1.564	-1.485	-1.508	-2.199
"YLR100W"	0.338	0.459	0.187	-0.784	-0.608	-0.831	-0.795	-1.172	-1.003	-2.507	-4.853	-1.268	-0.746	-1.184	-1.09	-1.855	-2.159	-2.128	0.006	-0.111	0.168	0.423	-0.247	0.113	0.227	0.171	-0.142	-0.252	-1.441	0.18	0.155	0.225	0.27	0.338	-0.392	-1.34	-0.641	-1.273	-1.358	-2.321	-0.513
"YLR243W"	0.737	0.631	-0.066	-2.943	-2.291	-1.335	-2.004	-1.307	-2.063	-1.955	-3.657	-1.501	-1.292	-1.413	-1.404	-1.542	-2.373	-1.983	-0.043	-0.083	-0.048	0.041	-0.85	-0.118	-1.057	-0.939	-0.917	-1.132	-0.503	0.088	-0.051	0.021	-0.122	-0.017	-0.001	-1.357	-2.429	-2.453	-1.197	-1.464	-0.9
"YLR249W"	1.359	1.219	-0.896	-6.529	-4.864	-4.043	-3.482	-3.403	-3.637	-4.146	-6.742	-3.557	-2.712	-3.131	-3.778	-3.883	-4.549	-4.992	0.174	1.016	0.098	0.257	-0.338	-1.1	-3.464	-2.334	-2.703	-2.461	-3.421	0.412	0.139	-0.052	0.139	-0.092	-0.041	-2.717	-2.43	-2.727	-2.013	-3.921	-3.381
"YLR293C"	0.886	0.877	-0.556	-3.594	-2.185	-2.087	-2.565	-2.207	-2.675	-3.488	-6.281	-2.233	-1.576	-1.45	-2.158	-2.379	-3.03	-3.186	0.285	-0.238	-0.587	0.078	-0.56	0.168	-0.606	-0.384	-0.62	-0.593	-2.235	0.557	0.406	0.387	0.592	0.473	0.388	-1.628	-0.906	-1.028	-2.46	-2.758	-1.731
"YLR325C"	1.112	0.677	-0.833	-4.528	-3.555	-3.974	-3.918	-2.681	-3.034	-2.337	-5.498	-2.76	-2.81	-2.802	-3.314	-1.609	-1.204	-2.637	0.353	0.092	0.343	0.292	-0.309	-0.234	-2.0	-1.818	-2.227	-2.329	-2.253	0.652	0.574	0.455	0.32	0.314	0.472	-2.092	-2.224	-2.521	-2.977	-2.375	-2.27
"YLR339C"	0.906	0.66	-1.063	-3.243	-2.951	-2.69	-2.664	-3.285	-3.76	-4.988	-6.865	-3.201	-1.977	-2.647	-2.474	-2.461	-3.161	-3.973	0.472	-0.354	0.045	-0.052	-0.557	0.014	-1.098	-0.91	-1.766	-1.922	-2.977	0.796	0.372	0.4	0.221	0.428	0.357	-2.204	-2.892	-3.282	-1.484	-1.044	-1.546
"YLR340W"	1.063	1.164	-0.845	-2.59	-2.224	-2.566	-1.969	-2.963	-2.876	-4.11	-6.819	-3.015	-1.834	-2.703	-2.701	-2.702	-3.206	-4.105	0.223	-0.251	0.014	0.285	-0.614	0.378	-0.986	-0.705	-1.445	-1.663	-2.949	0.83	0.326	0.357	0.25	0.23	0.318	-0.846	-1.071	-2.253	-1.541	-1.503	-1.324
"YLR372W"	0.939	1.022	-1.325	-4.565	-3.104	-2.096	-2.432	-2.818	-3.001	-2.731	-4.512	-2.643	-2.106	-2.838	-3.773	-2.844	-3.456	-3.544	0.085	0.169	0.134	-0.081	-0.651	-0.066	-2.3	-1.909	-2.509	-2.442	-2.188	0.487	0.238	0.236	-0.099	-0.233	0.479	-1.926	-1.704	-2.496	-2.405	-2.15	-3.309
"YLR388W"	1.213	1.145	-0.758	-3.12	-2.544	-2.264	-1.926	-1.98	-1.738	-3.596	-5.506	-2.742	-2.079	-2.671	-2.555	-2.232	-2.581	-3.193	0.289	0.041	0.422	0.202	-0.34	0.371	-1.714	-1.218	-1.874	-2.12	-2.034	0.593	0.131	0.25	0.372	0.375	0.427	-1.785	-1.367	-1.571	-1.036	-0.76	-2.105
"YLR413W"	1.475	1.359	-1.736	-4.758	-4.864	-5.057	-4.832	-4.874	-5.063	-5.414	-5.846	-3.034	-4.488	-4.358	-4.993	-4.2	-4.656	-4.874	0.041	0.436	-0.118	0.009	-0.506	-0.462	-1.284	-1.378	-1.873	-1.969	-3.737	0.907	0.359	-0.052	0.449	0.409	-0.426	-3.297	-3.757	-4.072	-2.168	-5.34	-3.335
"YLR432W"	0.975	0.949	-0.452	-2.58	-2.16	-2.424	-1.536	-1.818	-2.129	-3.532	-5.65	-3.15	-0.9	-1.997	-2.641	-1.934	-2.482	-3.034	-0.128	-0.171	0.178	0.228	-0.13	0.104	-1.568	-1.274	-1.528	-1.225	-1.904	0.132	-0.403	-0.258	-0.193	-0.181	-0.599	-1.18	-1.213	1.592	-1.607	-2.184	-1.779
"YML024W"	0.485	0.906	-0.854	-3.616	-3.535	-3.016	-2.718	-2.475	-3.285	-3.909	-4.621	-3.004	-2.442	-2.512	-2.583	-1.81	-2.221	-2.415	NaN	NaN	0.084	-0.183	-0.646	0.177	-2.106	-1.671	-1.567	-2.011	-1.868	0.313	0.321	0.312	0.292	0.12	0.26	-1.807	-1.661	-2.178	-1.373	-1.314	-2.255
"YMR116C"	1.123	1.09	-1.218	-3.012	-3.687	-4.292	-3.142	-3.089	-3.798	-4.551	-6.865	-3.535	-2.408	-2.851	-2.888	-2.906	-3.561	-4.003	NaN	-0.124	0.108	-0.542	-0.46	0.293	-2.31	-2.559	-1.918	-2.486	-2.539	0.789	0.891	0.869	0.367	0.123	0.385	-2.714	-2.439	-2.61	-3.556	-3.117	-3.646
"YMR202W"	0.632	0.617	-0.341	-3.652	-2.101	-2.009	-1.785	-2.236	-2.852	-4.391	-5.431	-1.907	-1.172	-1.63	-1.208	-2.263	-2.876	-2.931	0.098	-0.24	-0.342	-0.052	-0.225	0.102	-1.91	-1.918	-1.988	-2.128	-1.541	0.585	0.26	0.306	0.597	0.576	0.28	-2.391	-1.243	-2.861	-1.657	-1.67	-1.952
"YNL066W"	0.949	0.95	-0.925	-0.787	-1.312	-1.644	-0.911	-4.141	-3.125	-4.175	-5.451	-2.475	-0.699	-2.162	-2.812	-2.02	-3.425	-3.757	-0.19	0.254	0.047	-0.196	-0.165	0.078	-2.399	-1.98	-2.278	-1.987	-3.3795	0.352	-0.045	-0.05	-0.022	0.105	0.465	-3.495	-2.337	-2.934	-1.902	-3.366	-3.148
"YNL096C"	1.017	0.749	-0.56	-4.113	-3.765	-3.642	-3.235	-2.81	-3.616	-4.038	-6.106	-2.761	-2.906	-2.776	-3.041	-3.644	-4.096	-4.68	0.182	-0.04	-0.135	-0.057	-0.806	0.169	-2.046	-1.198	-1.701	-1.39	-2.8625	0.748	0.115	0.04	0.423	0.275	0.386	-0.66	-1.519	-1.923	-2.086	-2.607	-2.629
"YNL119W"	1.189	1.033	-0.907	-6.697	-3.692	-2.694	-2.909	-2.2	-3.337	-5.354	-6.231	-2.99	-1.753	-1.955	-2.206	-2.822	-2.843	-3.318	-0.011	-0.133	-0.221	-0.324	-1.116	0.044	-1.868	-1.26	-2.044	-2.032	-1.92	0.677	0.084	0.018	0.23	0.22	0.321	-2.225	-2.251	-2.147	-1.577	-1.014	-2.961
"YNL178W"	1.181	1.102	-0.982	-4.244	-3.755	-3.785	-3.505	-1.857	-3.159	-4.338	-6.62	-3.272	-2.608	-2.899	-2.981	-2.958	-3.483	-3.871	0.149	-0.118	0.086	0.438	-0.546	0.117	-1.991	-1.931	-1.803	-1.852	-2.479	0.971	0.88	0.949	0.291	-0.008	0.499	-2.731	-3.24	-3.269	-2.92	-2.375	-3.365
"YNL220W"	0.243	0.187	0.553	-1.943	-0.898	-0.633	-1.189	-1.92	-1.445	-3.758	-6.09	-0.66	0.6	-0.618	-1.771	-1.724	-2.555	-3.197	0.081	-0.149	-0.301	0.111	0.264	0.294	-2.383	-2.317	-2.046	-2.162	-1.597	0.451	0.316	0.368	0.475	0.394	0.288	-3.275	-2.762	-3.272	-2.971	-3.633	-1.629
"YOL065C"	0.1	-0.009	0.492	1.434	-0.013	0.68	1.459	0.3645	-0.748	0.743	1.7225	-1.0175	0.804	1.183	1.378	1.11	0.74	0.756	-0.428	-0.201	-0.14	-0.413	-0.037	0.067	0.345	0.011	0.605	0.457	0.456	-0.031	0.092	-0.018	0.252	0.024	0.069	-1.035	0.55	0.595	0.156	-1.007	-0.378
"YOL077C"	1.476	1.273	-1.003	-5.186	-0.2885	-3.087	-2.568	-2.817	-2.79	-3.02	-6.552	-2.917	-2.565	-2.549	-3.046	-3.299	-3.894	-4.326	0.035	0.041	-0.169	-0.102	-1.984	-0.085	-3.287	-2.054	-3.032	-2.96	-2.39	1.012	-0.032	0.152	-0.43	-0.368	0.13	-2.023	-1.895	-3.886	-1.894	-3.121	-2.036
"YOR253W"	0.448	0.445	-0.508	-2.29	-1.568	-1.429	-1.46	-1.575	-1.759	-2.7935	-5.157	-1.538	-1.318	-1.139	-1.299	-1.872	-2.672	-2.633	-0.119	-0.039	0.224	-0.146	-0.378	0.181	-1.289	-1.204	-1.306	-1.493	-0.978	0.558	0.248	0.301	0.135	-0.073	0.145	-1.213	-2.189	-1.977	-2.101	-2.115	-2.063
"YOR270C"	0.386	0.208	0.005	-0.245	-0.205	-0.779	-0.293	-0.549	-0.6225	-1.649	-4.932	-1.5115	-0.361	-0.855	-0.859	-1.912	-2.307	-2.635	0.016	0.137	0.165	-0.217	-0.686	-0.409	-0.317	-0.211	-0.146	0.482	-0.721	0.03	-0.512	-0.298	0.158	-0.005	0.008	-1.423	-1.132	-2.245	-1.466	-3.231	-1.082
"YOR272W"	1.2	1.356	-0.454	-4.8145	-2.3895	-2.6015	-1.5575	-1.682	-1.968	-3.353	-4.712	-1.779	-1.777	-2.312	-2.009	-3.017	-3.307	-4.52	0.006	-0.246	-0.062	0.167	-0.65	-0.615	-1.261	-1.17	-0.585	-1.041	-1.264	0.919	0.396	0.392	-0.781	-0.477	-0.203	-2.079	-1.521	-2.388	-3.137	-3.252	-2.332
"YOR320C"	0.304	0.236	-0.351	-0.611	-0.3265	-0.1235	-0.227	-0.398	-0.089	-1.2535	-3.6785	-1.051	-0.278	-0.682	-0.427	-1.291	-1.454	-1.828	-0.024	0.188	0.079	-0.01	-0.195	0.053	-1.061	-1.165	-0.724	-0.745	-0.201	0.264	0.073	0.178	0.27	0.158	0.051	-1.147	-0.772	-0.938	-1.006	-2.215	-0.672
"YOR361C"	0.4285	0.451	-0.265	-1.94833333333333	-1.73166666666667	-1.46466666666667	-1.54333333333333	-1.84133333333333	-2.513	-2.869	-2.21	-0.941666666666667	-1.763	-2.3155	-1.899	-2.266	-1.977	-2.109	0.103	0.169	-0.347	0.099	-0.306	0.012	-0.9825	-0.9675	-0.4505	-0.2705	-2.009	0.204	0.201	0.06	-0.189	-0.08	-0.228	-2.583	-2.3	-3.5	-3.408	-3.08	-2.631
"YOR369C"	1.029	1.207	-0.795	-3.6225	-4.255	-3.641	-2.7865	-2.805	-3.7395	-3.724	-6.5475	-3.752	-2.456	-2.858	-2.986	-2.456	-2.662	-3.502	0.263	-0.359	-0.018	0.217	-0.648	0.27	-2.104	-1.873	-1.97	-2.181	-2.309	0.861	0.95	0.753	0.295	0.294	0.564	-2.906	-2.94	-2.802	-3.103	-2.046	-2.533
"YPL207W"	0.819	0.586	-0.554	-2.321	1.2095	0.7675	-0.314	-0.138	-0.5055	-1.827	-3.832	-0.913	-0.562	-1.047	-0.784	-2.101	-2.319	-2.628	-0.027	0.046	-0.116	0.091	-0.647	-0.038	-2.017	-1.784	-1.025	-1.192	-0.28	0.036	0.164	0.1	-0.236	-0.189	-0.335	-2.542	-3.055	-2.689	-1.18	-3.0	-2.057
"YPL226W"	0.7565	0.906666666666667	-0.8255	-4.86566666666667	-3.38066666666667	-2.57633333333333	-2.407	-1.80333333333333	-2.21533333333333	-3.95033333333333	-5.67966666666667	-2.786	-2.363	-2.3985	-2.8955	-3.407	-2.9025	-3.983	0.1885	0.593	-0.0935	-0.0735	-0.539	0.0465	-1.907	-1.6065	-1.3845	-1.3565	-1.7375	0.141	-0.148	-0.0335	-0.2915	-0.4025	-0.021	-1.972	-0.9555	-2.674	-2.354	-3.622	-2.153
"YPL273W"	0.8235	0.772	-0.5265	-3.42133333333333	-2.60833333333333	-2.705	-2.59566666666667	-2.792	-2.96466666666667	-3.722	-5.69966666666667	-2.69266666666667	-2.088	-2.4545	-3.2755	-2.794	-3.21	-3.3575	0.302	0.117	0.126	0.0235	-0.8195	0.168	-2.1035	-1.738	-1.784	-1.728	-2.628	0.544	0.446	0.535	0.552	0.323	0.263	-2.811	-2.243	-2.057	-1.919	-2.266	-3.347
"YPR010C"	0.823	0.671666666666667	-1.042	-2.19933333333333	-1.686	-2.02033333333333	-1.675	-1.582	-1.21766666666667	-1.86833333333333	-3.425	-1.50933333333333	-1.6105	-1.8945	-1.5645	-1.852	-2.158	-2.729	-0.175	0.049	-0.1475	-0.0985	-0.3175	-0.2815	-1.1495	-1.4615	-1.103	-1.1515	-0.491	0.026	-0.116	0.083	-0.386	-0.273	0.327	-1.99	-2.454	-2.236	-1.455	-2.396	-1.731
"YPR041W"	0.9545	0.966	-0.2345	-1.871	-1.85166666666667	-1.45933333333333	-1.579	-1.647	-1.48733333333333	-2.36366666666667	-4.07266666666667	-2.41033333333333	-1.315	-1.658	-1.0965	-1.805	-1.8775	-2.441	0.17	NaN	0.066	-0.1465	-0.5485	-0.031	-1.173	-0.8595	-0.997	-1.0265	-1.977	0.3655	-0.039	0.092	-0.0145	0.0655	0.0135	-0.759	-0.7095	-1.901	-1.713	-2.4515	-1.7515
"YPR080W"	0.842	0.8085	-0.679	-2.0535	-1.906	-1.6575	-1.6075	-1.771	-2.584	-2.848	-5.6305	-2.5835	-0.95	-1.197	-1.321	-1.689	-2.389	-3.139	0.099	-0.453	-0.233	-0.11	-0.323	0.408	-1.067	-1.043	-0.995	-0.778	-1.681	0.718	0.583	0.42	0.64	0.264	0.591	-0.823	-1.021	-1.354	-1.922	-1.489	-1.371
"YPR102C"	1.367	1.2	-0.617	-3.521	-3.2315	-3.2945	-3.3515	-2.7315	-2.6455	-4.045	-6.451	-3.673	-2.495	-2.723	-3.232	-3.352	-3.749	-4.692	0.174	-0.042	0.435	0.219	-0.503	0.435	-2.388	-1.826	-2.23	-2.126	-2.384	0.802	0.446	0.519	0.158	0.161	0.364	-2.08	-2.829	-3.252	-2.407	-2.919	-2.66
"YPR118W"	1.07	0.7795	-0.435	-2.848	-3.0	-2.0775	-2.4945	-2.706	-3.095	-3.9965	-5.524	-2.305	-1.488	-2.594	-2.077	-2.882	-3.334	-3.538	0.092	-0.129	-0.05	0.036	-0.784	-0.027	-1.782	-1.233	-1.917	-1.787	-1.794	0.239	0.023	-0.046	0.094	-0.239	-0.539	-1.433	-1.864	-3.694	-1.334	-1.609	-2.679
"YPR132W"	1.079	1.0155	-0.526	-2.849	-3.586	-3.351	-1.806	-2.6445	-2.672	-3.1925	-5.805	-2.967	-1.948	-2.214	-2.292	-1.968	-2.388	-3.151	0.116	-0.03	0.002	0.125	-0.328	0.215	-2.207	-1.919	-2.23	-2.231	-2.217	0.559	0.678	0.452	0.419	0.049	0.529	-1.472	-2.308	-3.922	-1.857	-1.826	-2.438
"YPR163C"	1.032	1.048	-0.88	-3.6815	-2.265	-2.266	-1.717	-1.8375	-0.93	-2.9485	-5.4905	-2.6395	-2.003	-2.05	-2.325	-2.642	-2.895	-2.82	-0.189	0.106	-0.006	-0.06	-0.87	-0.192	-2.045	-1.884	-1.688	-1.806	-2.145	0.369	-0.247	-0.331	-0.048	-0.291	0.147	-1.8	-1.833	-2.167	-1.899	-2.195	-2.771
