	"39.alpha factor release sample027"	"56.Elutriation2:Sample2:Time3.5hrs"	"819.DY1457 (wild type) 3 mM vs. 61 nM zinc"	"854.YPD_6_h_30C"	"855.YPD_8_h_30C"	"858.YPD_1_d_30C"	"860.YPD_3_d_30C"	"861.YPD_5_d_30C"	"942.starv_in_H2O_1_h_30C"	"943.starv_in_H2O_2_h_30C"	"944.starv_in_H2O_4_h_30C"	"945.starv_in_H2O_6_h_30C"	"1009.YPD 2 h (25C)"	"1012.YPD 12 h (25C)"	"1013.YPD 1 d (25C)"	"1014.YPD 2 d (25C)"	"1015.YPD 3 d (25C)"	"1016.YPD 5 d (25C)"	"1017.YPD 7 d (25C)"	"1018.YPD 13 d (25C)"	"1106.DY zap1 3 mM vs. 76 nM zinc"	"1107.alpha factor release sample025"	"1673.alpha factor release sample021"	"6344.DES460 + 0.02% MMS - 5 min"	"11466.yO1 test hyb"	"14081.FY2(B) vs. FY2(A) 23.5 hours"	"27096.P1Comp 19 hr 6 min Phosphate Batch vs Chemostat Comparison"	"27102.P1Comp 21 hr 5 min Phosphate Batch vs Chemostat Comparison"	"27105.P1Comp 27 hr 15 min Phosphate Batch vs Chemostat Comparison"	"27106.P1Comp 33 hr 5 min Phosphate Batch vs Chemostat Comparison"	"28845.P2Comp 09 hr 49 min Phosphate Batch vs Chemostat Comparison2"	"28857.P2Comp 25 hr 43 min Phosphate Batch vs Chemostat Comparison2"	"33774.DBY8778(wt)_stationary_phase_7hours"	"33775.DBY8778(wt)_stationary_phase_9hours"	"34882.S4Comp 13 hr 05 min Sulfate Batch vs Chemostat Comparison"	"34883.S4Comp 14 hr 05 min Sulfate Batch vs Chemostat Comparison"	"34885.S4Comp 34 hr 20 min Sulfate Batch vs Chemostat Comparison"
"YBL077W"	0.104	0.236	0.875	-3.41	-2.161	-2.021	-3.136	-5.081	-2.763	-2.285	-2.607	-2.667	0.401	-2.792	-1.615	-2.0335	-2.345	-2.816	-3.3595	-3.1945	0.7015	0.062	0.1535	-0.095	-1.547	0.13	-0.4145	-0.715	-0.9025	-0.8685	-0.4665	-0.876	-2.847	-2.93	-1.123	-1.089	-1.275
"YBR121C"	0.4785	0.328	1.631	-2.66	-1.84	-2.186	-4.037	-5.791	-2.317	-1.95	-2.366	-2.465	0.2285	-3.2385	-1.721	-2.416	-3.155	-4.1355	-4.173	-4.5985	0.598	-0.0135	0.271	0.03	-2.249	-0.702	-0.9585	-0.825	-0.9375	-1.0775	-0.871	-1.119	-2.549	-2.264	-1.562	-1.674	-1.532
"YBR143C"	0.222	0.114	0.781	-2.729	-2.378	-1.932	-3.195	-4.642	-2.033	-2.231	-2.012	-2.112	0.333	-3.1475	-1.838	-2.126	-2.659	-2.698	-2.699	-3.572	0.2155	-0.087	0.3445	0.012	-1.699	-0.826	-0.6585	-0.599	-0.803	-0.7505	-0.8725	-1.195	-2.722	-2.02	-1.074	-1.466	-1.342
"YDR023W"	0.182	0.054	1.318	-1.814	-2.122	-2.164	-2.907	-5.745	-1.288	-1.116	-1.813	-1.696	0.304	-3.05	-1.744	-1.553	-2.313	-3.056	-3.357	-3.85	0.985	0.047	0.649	0.024	-2.091	-0.04	-0.5	-0.5	-0.612	-0.848	-0.656	-1.517	-2.302	-1.458	-0.925	-1.188	-1.865
"YER090W"	0.146	-0.049	1.115	-2.556	-1.619	-1.569	-3.804	-5.004	-2.439	-2.138	-1.889	-1.861	0.45	-1.857	-0.616	-1.078	-1.311	-2.327	-2.585	-3.495	0.682	0.15	0.345	0.039	-0.819	-0.731	-0.954	-0.642	-1.279	-1.312	0.733	-0.629	-1.276	-1.879	-2.078	-1.764	-1.564
"YGR185C"	0.292	0.427	1.186	-3.192	-1.697	-2.13	-5.306	-6.361	-1.442	-1.736	-2.6	-2.266	0.491	-2.754	-1.434	-2.531	-2.944	-4.576	-4.871	-5.006	0.895	-0.005	0.147	0.0675	-2.438	0.026	-0.813	-0.712	-0.799	-1.209	1.162	-1.66	-3.17	-2.768	-1.479	-1.363	-1.71
"YHR068W"	0.163	0.272	1.075	-3.316	-2.566	-3.015	-4.28	-6.532	-2.873	-2.52	-2.526	-1.119	0.349	-2.945	-1.652	-1.927	-2.429	-2.724	-3.669	-3.425	1.041	0.09	0.159	-0.0565	-2.29	-0.295	-0.269	-0.574	-0.904	-0.973	0.163	0.614	-2.437	-2.467	-1.514	-1.571	-1.08
"YJR007W"	0.331	-0.032	0.955	-2.169	-1.704	-1.68	-3.21	-8.057	-1.588	-1.339	-1.824	-1.91	0.416	-1.755	-1.571	-1.848	-2.051	-2.909	-3.009	-3.616	0.667	0.148	0.474	0.099	-1.685	-0.464	-0.524	-0.213	-0.502	-0.699	-0.656	-1.181	-2.064	-2.16	-1.128	-1.125	-1.579
"YKL056C"	0.571	0.7	0.872	-3.205	-2.603	-1.541	-3.426	-5.119	-1.914	-2.359	-2.371	-2.389	0.338	-2.468	-1.669	-1.741	-2.281	-2.754	-3.265	-3.483	0.265	0.287	0.21	0.2585	-1.777	-0.398	-0.741	-0.781	-0.942	-0.961	-0.41	-1.467	-1.781	-1.747	-1.376	-1.417	-1.832
"YKR059W"	0.345	0.513	1.171	-2.144	-1.383	-1.543	-2.817	-4.998	-2.593	-2.103	-2.531	-2.238	0.355	-2.018	-1.043	-1.844	-2.106	-2.623	-2.96	-3.568	0.488	0.175	0.214	-0.226	-1.996	-0.145	-0.903	-0.865	-0.948	-1.054	-0.439	-1.764	-2.448	-2.0	-1.908	-2.161	-2.469
"YLR060W"	0.105	0.612	1.279	-3.165	-2.617	-2.499	-4.941	-5.967	-2.093	-1.988	-2.672	-2.566	0.369	-2.773	-1.546	-2.397	-2.667	-3.118	-3.713	-4.371	1.127	-0.01	0.18	0.076	-2.464	-0.294	-1.071	-1.031	-1.01	-1.192	-1.011	-1.427	-2.734	-2.666	-2.049	-1.932	-1.459
"YLR293C"	0.603	0.251	1.003	-3.594	-2.185	-2.207	-3.488	-6.281	-2.107	-1.751	-2.233	-2.661	0.559	-2.473	-1.576	-1.45	-2.158	-2.379	-3.03	-3.186	0.585	0.285	0.515	0.168	-2.235	-0.686	-0.642	-0.661	-0.632	-0.613	-0.775	-1.042	-3.113	-2.525	-1.071	-1.216	-2.049
"YMR235C"	0.114	0.162	0.872	-1.54	-1.45	-1.783	-3.534	-5.187	-1.622	-1.883	-1.879	-2.052	0.175	-1.679	-1.439	-2.046	-2.046	-2.838	-3.21	-3.756	0.503	0.037	0.166	-0.11	-1.782	-0.013	-0.57	-0.18	-0.475	-0.676	-0.583	-1.208	-1.798	-1.514	-1.126	-1.068	-1.297
"YNR043W"	0.334	0.26	0.697	-3.5005	-1.8155	-1.86	-2.934	-5.1565	-2.5105	-1.9175	-1.949	-1.8335	0.1	-1.36	-1.59	-2.078	-2.382	-2.655	-3.803	-3.856	1.241	0.223	0.186	0.057	-1.878	-0.781	-1.252	-0.275	-1.066	-0.847	0.642	-1.037	-1.759	-1.955	-1.142	-1.425	-0.99
"YOR241W"	0.358	-0.13	0.607	-1.0885	-1.044	-1.287	-2.668	-6.523	-1.27	-0.8785	-1.0865	-1.725	-0.089	-1.509	-1.108	-1.077	-1.0	-1.779	-2.794	-2.058	0.47	-0.07	0.052	0.111	-0.758	-0.339	-0.601	-0.279	-0.472	-0.556	-0.705	-0.988	-1.423	-1.913	-1.048	-1.682	-1.665
"YOR254C"	-0.188	0.029	-0.255	-2.6515	-1.5795	-1.671	-2.192	-6.426	-2.053	-1.8245	-2.018	-1.4845	-0.049	-2.631	-1.666	-1.904	-1.86	-2.354	-2.689	-2.309	-0.145	-0.087	-0.256	0.019	-1.174	-0.179	-0.792	-0.441	-1.016	-1.256	-0.938	-1.243	-2.166	-2.254	-1.601	-1.239	-1.819
"YOR260W"	-0.142	-0.172	0.925	-2.6835	-1.6535	-1.6735	-2.507	-4.639	-2.1155	-1.8705	-1.6575	3.0405	0.234	-1.898	-1.26	-1.513	-1.624	-2.257	-2.577	-3.081	0.588	0.122	0.076	-0.043	-1.54	-0.169	-0.609	-0.512	-0.598	-0.792	-0.036	-0.714	-2.096	-1.909	-0.765	-0.964	-1.341
"YPL037C"	0.492	0.515	1.278	-2.6595	-2.081	-1.975	-3.9955	-5.417	-1.813	-1.4435	-2.148	-1.96	0.305	-2.203	-1.255	-1.561	-1.872	-2.115	-3.222	-3.654	0.671	0.064	0.32	0.237	-1.648	-0.098	-0.571	-0.404	-0.705	-0.928	-0.491	-1.495	-2.236	-1.607	-0.534	-0.685	-1.209
"YPL237W"	0.371	0.125	0.843	-2.6285	-1.9335	-2.029	-2.875	-5.7585	-1.791	-1.39	-1.8945	-2.2035	0.198	-2.288	-1.665	-1.817	-1.927	-2.006	-2.44	-3.024	0.417	0.067	0.298	0.179	-1.537	-0.144	-0.241	-0.644	-0.92	-0.664	-1.134	-0.878	-1.885	-1.966	-1.051	-1.383	-1.178
"YPL238C"	-0.011	0.182	0.7715	-1.898	-1.7665	-1.744	-2.431	-4.788	-1.551	-1.391	-0.8025	-1.4665	0.255	-2.451	-1.817	-2.037	-1.989	-1.843	-2.517	-2.586	0.111	-0.02	0.053	0.041	-2.063	0.089	-0.552	-0.744	-0.92	-0.563	-0.561	-1.088	-0.961	-1.597	-0.741	-0.665	-1.061
"YPR033C"	0.049	0.407	0.653	-2.7945	-1.8465	-2.534	-4.8805	-7.94	-2.32	-2.0735	-2.759	-2.6225	0.345	-2.203	-1.226	-2.096	-2.55	-3.951	-4.382	-4.54	0.71	-0.095	0.056	0.242	-2.107	-0.056	-0.952	-0.575	-1.24	-1.375	-0.37	-0.995	-2.1325	-2.033	-1.59	-2.03	-1.855
"YPR187W"	-0.144	0.334	0.5075	-2.5615	-1.8665	-1.511	-3.609	-5.408	-2.283	-2.232	-2.16	-1.962	0.24	-2.563	-1.827	-1.816	-2.016	-2.28	-2.584	-3.22	0.541	-0.15	0.078	-0.181	-1.604	0.008	-0.931	-0.787	-0.85	-1.072	-0.736	-1.133	-2.584	-2.061	-1.26	-1.331	-1.776
