	"597.25 deg growth"	"598.29 deg growth"	"809.DBY7286 37degree heat - 20 min"	"860.YPD_3_d_30C"	"861.YPD_5_d_30C"	"942.starv_in_H2O_1_h_30C"	"943.starv_in_H2O_2_h_30C"	"1012.YPD 12 h (25C)"	"1013.YPD 1 d (25C)"	"1014.YPD 2 d (25C)"	"1015.YPD 3 d (25C)"	"1016.YPD 5 d (25C)"	"1017.YPD 7 d (25C)"	"1018.YPD 13 d (25C)"	"4872.1M sorbitol - 60 min"	"4874.1M sorbitol - 90 min"	"5358.1M sorbitol - 5 min"	"6361.DBYyap1- 37degree heat - 20 min (redo)"	"12733.Nitrogen Depletion 8 h"	"12734.Nitrogen Depletion 12 h"	"12736.Nitrogen Depletion 1 d"	"12737.Nitrogen Depletion 2 d"	"42200.L2 Comp 24 hr 59 min Leucine Batch vs Chemostat Comparison"	"42226.U2 Comp 10 hr 05 min Uracil Batch vs Chemostat Comparison"	"42231.U2 Comp 31 hr 35 min Uracil Batch vs Chemostat Comparison"
"YAL035W"	0.106	-0.2665	-0.415	-2.5615	-3.6215	-1.3835	-1.5975	-3.02066666666667	-2.203	-2.06233333333333	-2.29966666666667	-2.08033333333333	-1.92533333333333	-2.48066666666667	-0.260333333333333	-0.187333333333333	-0.379	-0.595	-2.29	-1.901	-1.97866666666667	-1.91766666666667	0.904	0.097	-0.245
"YAL036C"	-0.192	-0.05	-0.894	-2.145	-3.743	-2.682	-2.056	-2.5035	-1.829	-1.9095	-1.486	-1.4315	-1.841	-2.0465	-0.0645	-0.2445	-0.2525	-0.943	-2.0125	-1.217	-1.2595	-1.4825	0.493	0.716	-0.34
"YBL032W"	-0.224	0.01	-0.633	-2.391	-3.206	-1.184	-0.896	-1.043	-0.879	-0.859	-1.1135	-0.4375	-0.7795	-1.0005	0.014	-0.237	-0.0435	-0.449	-1.008	-1.1445	-1.108	-1.0305	-0.112	0.043	0.131
"YBL072C"	0.284	0.238	-1.75	-3.192	-6.241	-3.06	-3.401	-4.1825	-2.074	-2.5425	-2.5865	-2.5245	-3.2065	-4.2	0.611	0.2515	-0.0695	-2.142	-3.2475	-2.2175	-1.4775	-1.565	0.507	1.462	0.182
"YBL077W"	-0.094	0.034	-1.083	-3.136	-5.081	-2.763	-2.285	-2.792	-1.615	-2.0335	-2.345	-2.816	-3.3595	-3.1945	0.0635	-0.0685	-0.2735	-1.147	-2.306	-2.488	-2.2065	-2.3345	-0.627	-0.481	0.02
"YBL092W"	0.019	0.349	-1.562	-2.896	-5.158	-3.0	-2.812	-3.5865	-2.2215	-2.153	-2.4445	-1.726	-2.74	-2.8475	0.097	0.0485	-0.1155	-1.647	-3.0005	-1.6075	-1.209	-1.139	-0.918	1.118	0.987
"YBR048W"	0.1525	0.231	-1.656	-3.0195	-5.0065	-3.0685	-3.137	-4.66033333333333	-2.35966666666667	-2.77266666666667	-2.738	-2.849	-3.15166666666667	-3.929	0.190666666666667	0.224666666666667	-0.142666666666667	-1.792	-3.33333333333333	-2.61066666666667	-1.818	-2.09966666666667	1.077	0.804	0.157
"YBR093C"	0.469	0.223	-1.088	-3.877	-4.597	-2.021	-1.309	-2.084	0.756	1.0395	-1.4665	-2.5345	-3.057	-3.191	-0.532	-0.4145	-0.2595	-0.96	-1.585	-1.5455	-1.2165	-1.438	-1.115	-0.131	0.254
"YBR121C"	0.101	0.007	-1.349	-4.037	-5.791	-2.317	-1.95	-3.2385	-1.721	-2.416	-3.155	-4.1355	-4.173	-4.5985	-0.1215	-0.015	-0.2815	-1.272	-2.1	-2.5385	-2.551	-2.637	0.54	0.752	0.563
"YBR143C"	0.455	0.158	-0.746	-3.195	-4.642	-2.033	-2.231	-3.1475	-1.838	-2.126	-2.659	-2.698	-2.699	-3.572	0.029	0.0525	-0.6515	-0.972	-1.875	-1.91	-1.8905	-1.8585	1.088	-0.487	-0.174
"YBR172C"	-0.183	-0.041	0.134	-1.605	-3.593	-1.026	-0.62	-0.399	-0.23	-0.397	-0.5835	-1.176	-1.6515	-1.648	-0.0285	-0.2235	-0.38	0.172	-1.4665	-0.8625	-1.003	-0.842	0.032	0.1555	-0.238
"YCL037C"	-0.299	-0.259	-0.515	-2.555	-3.932	-2.218	-1.842	-3.1075	-2.3555	-2.8585	-3.054	-2.457	-2.4225	-2.617	-0.06	-0.022	0.2005	-0.578	-2.7605	-1.8825	-2.227	-2.368	-1.006	-0.941	-0.724
"YCR053W"	-0.222	-0.076	-0.593	-3.556	-4.283	-1.206	-2.391	-2.5805	-1.277	-1.531	-2.1605	-2.429	-3.1075	-2.714	-0.025	-0.315	-0.437	-0.557	-1.5425	-1.6735	-1.907	-1.727	-1.4645	-0.6675	-0.5325
"YDR023W"	0.14	-0.076	-1.003	-2.907	-5.745	-1.288	-1.116	-3.05	-1.744	-1.553	-2.313	-3.056	-3.357	-3.85	-0.019	-0.091	0.026	-1.24	-1.635	-1.396	-1.983	-2.106	1.229	0.921	0.368
"YDR091C"	0.035	0.007	-1.139	-3.384	-4.4	-2.925	-2.268	-2.971	-1.631	-1.728	-2.044	-2.636	-3.222	-3.423	0.11	0.065	-0.572	-1.258	-2.31	-1.977	-1.695	-1.907	0.793	1.403	0.661
"YDR198C"	0.235	-0.076	-0.24	-1.731	-2.617	-0.459	-0.547	-0.343	-0.451	-0.347	-0.474	-0.66	-0.758	-0.986	-0.175	0.095	-0.19	-0.07	0.432	0.307	0.705	0.467	0.112	0.801	0.484
"YDR341C"	-0.069	0.103	-1.319	-3.212	-5.262	-2.587	-2.171	-2.942	-1.135	-1.942	-2.263	-3.262	-3.294	-3.559	0.1	0.011	-0.128	-1.411	-1.806	-1.663	-1.444	-1.45	-0.198	-0.467	-1.029
"YDR496C"	0.7995	0.2675	-1.098	-3.591	-4.393	-4.5275	-2.8145	-3.995	-2.1765	-2.168	-2.517	-2.6065	-3.579	-3.3065	0.0765	-0.09	-0.717	-1.118	-2.082	-1.078	-1.1385	-0.998	1.697	0.193	0.989
"YDR518W"	-0.047	-0.003	-0.05	-1.576	-3.131	-0.265	-0.681	-0.344	-0.738	-0.984	-1.236	-1.099	-1.469	-2.116	-0.006	-0.245	0.324	-0.295	-1.156	-1.198	-1.103	-1.799	0.6965	0.2975	-0.0115
"YEL026W"	0.185	0.385	-1.267	-3.458	-4.755	-3.518	-3.357	-3.331	-2.232	-2.812	-1.923	-2.288	-3.073	-0.452	0.059	0.095	0.259	-1.309	-2.731	-2.093	-1.888	-2.256	0.763	-0.121	-0.158
"YEL042W"	-0.003	-0.184	-0.816	-3.201	-4.334	-1.707	-1.439	-1.851	-1.109	-1.705	-1.658	-1.896	-2.665	-3.071	-0.007	0.205	-0.299	-1.072	-1.211	-1.754	-1.366	-1.753	-0.38	-0.339	-0.43
"YEL054C"	0.466	0.547	-1.382	-2.98	-7.056	-3.039	-3.52	-3.347	-2.336	-2.777	-2.579	-2.504	-3.005	-3.554	0.091	0.065	-0.188	-1.753	-3.541	-2.696	-1.977	-2.388	1.138	0.468	-0.119
"YER043C"	0.231	0.191	-0.957	-4.78	-6.476	-2.364	-1.977	-3.583	-2.272	-3.174	-3.716	-3.31	-4.857	-4.918	-0.103	-0.29	-0.181	-1.272	-2.241	-2.015	-2.503	-2.487	1.244	0.463	0.297
"YER102W"	0.268	0.447	-1.667	-3.64	-6.434	-3.101	-3.625	-4.286	-2.008	-2.613	-2.593	-2.579	-3.326	-3.859	0.299	0.289	0.086	-2.051	-3.067	-2.133	-1.446	-1.328	1.061	0.401	-0.509
"YER105C"	-0.37	-0.417	0.023	-1.921	-3.477	-0.005	0.126	-1.086	-0.801	-0.965	-0.805	-1.462	-2.363	-2.555	-0.069	-0.181	-0.285	-0.016	-0.766	-0.847	-0.658	-0.991	-0.468	0.1125	0.1505
"YFL045C"	0.049	0.155	-1.444	-2.163	-4.897	-2.591	-2.185	-2.228	-1.282	-1.424	-2.201	-1.923	-2.307	-2.378	0.031	-0.011	0.016	-1.586	-1.379	-2.37	-2.234	-2.49	0.585	-0.329	-0.087
"YFR009W"	0.233	-0.403	-0.25	-3.004	-4.932	-0.398	-1.105	-1.488	-1.862	-2.089	-2.511	-3.291	-3.978	-4.281	-0.126	-0.206	0.165	-0.571	-1.049	-1.896	-2.023	-2.107	0.427	-0.719	-0.007
"YGL012W"	0.219	0.176	-0.412	-3.06	-3.869	-1.78	-2.067	-1.912	-1.151	-2.143	-2.209	-2.691	-2.742	-2.333	0.083	0.186	0.126	-0.751	-1.329	-2.757	-2.619	-2.725	1.158	0.082	0.873
"YGL016W"	-0.105	0.125	-0.986	-3.034	-4.265	-1.563	-1.245	-1.719	-0.997	-1.815	-1.608	-2.599	-3.554	-2.639	0.106	0.259	-0.301	-1.235	-1.153	-1.867	-1.969	-2.353	1.333	-0.221	0.284
"YGL120C"	0.252	-0.005	-1.353	-4.088	-5.111	-3.171	-3.229	-3.459	-2.023	-2.178	-1.783	-2.866	-3.888	-4.137	0.0	0.081	-0.135	-1.401	-2.335	-1.654	-1.288	-1.486	0.719	0.75	0.237
"YGL123W"	0.21	0.321	-1.622	-4.004	-5.982	-4.112	-3.654	-3.511	-2.071	-2.414	-2.278	-2.388	-2.65	-3.558	0.027	-0.229	-0.564	-2.265	-2.897	-2.648	-1.69	-1.623	0.274	0.181	-0.017
"YGL135W"	0.243	0.24	-1.72	-3.418	-5.687	-3.217	-3.23	-3.581	-2.03	-2.512	-2.692	-2.267	-2.874	-3.825	-0.045	0.125	0.295	-2.11	-3.473	-2.732	-2.176	-2.219	0.437	-0.088	-0.817
"YGL147C"	0.114	0.275	-1.799	-3.921	-7.507	-3.0	-3.753	-4.384	-2.459	-2.874	-3.388	-3.018	-2.755	-3.483	0.326	0.219	0.03	-2.02	-3.553	-2.765	-2.078	-2.239	0.131	0.846	0.7135
"YGL148W"	0.143	0.099	-0.934	-2.826	-3.915	-2.983	-2.53	-2.555	-1.926	-2.049	-2.327	-1.666	-1.996	2.781	0.038	-0.669	-0.169	-1.561	-2.048	-1.966	-2.073	-2.166	-0.619	-0.771	0.171
"YGL171W"	0.063	-0.054	-1.398	-2.903	-4.649	-2.759	-2.384	-3.704	-1.8	-1.731	-1.978	-2.292	-3.082	-2.503	0.01	-0.194	0.047	-1.31	-2.193	-1.389	-0.886	-0.698	-0.884	-0.576	-0.184
"YGL177W"	-0.592	-0.728	0.181	5.784	4.519	0.22	2.413	0.787	0.641	2.066	3.231	3.768	3.904	1.955	-0.177	0.016	-0.149	0.285	-0.442	0.543	2.28	3.158	0.321	0.927	1.298
"YGL253W"	0.092	0.202	0.55	-2.17	-4.666	0.013	-0.279	-0.799	-0.067	-0.348	-0.677	-1.66	-1.811	-2.803	0.038	0.034	0.079	0.594	-0.409	-1.085	-1.066	-1.143	0.673	0.642	-0.279
"YGR085C"	0.456	0.424	-1.501	-3.406	-6.059	-3.071	-3.255	-4.359	-2.106	-2.625	-2.77	-3.306	-3.54	-4.179	0.278	0.084	0.185	-1.815	-2.722	-2.078	-1.442	-1.73	0.995	1.185	1.125
"YGR148C"	0.399	0.259	-1.796	-3.884	-5.757	-3.141	-3.011	-5.063	-2.455	-2.508	-2.896	-3.022	-3.649	-4.092	0.022	-0.208	-0.158	-2.072	-3.258	-1.848	-1.084	-1.162	0.376	1.186	0.472
"YGR173W"	0.238	0.09	-0.708	-2.218	-3.699	-2.709	-2.065	-1.546	-1.279	-1.36	-0.91	-1.919	-1.996	-2.168	-0.074	-0.018	-0.076	-0.8395	-1.53	-1.113	-0.826	-1.177	0.709	0.511	-0.327
"YGR189C"	-0.177	-0.306	0.2705	-2.638	-4.894	-1.24	-1.054	-1.108	0.076	-0.377	-0.919	-2.106	-2.635	-2.874	0.48	0.032	-0.199	-0.0015	0.008	-1.716	-1.665	-1.411	0.299	-0.899	-0.143
"YGR285C"	0.208	0.061	-1.495	-4.078	-6.1	-1.648	-1.332	-3.556	-2.259	-2.557	-2.811	-3.452	-4.07	-4.065	0.15	-0.78	-0.203	-1.4295	-1.682	-2.035	-2.466	-2.483	1.112	0.205	0.386
"YHL003C"	0.25	-0.1	-0.2855	-2.186	-3.084	-0.746	-0.691	0.05	-0.273	-0.886	-0.883	-1.585	-1.707	-1.741	-0.067	0.159	0.076	-0.527	-0.531	-0.996	-0.937	-1.427	-0.751	-0.768	0.728
"YHR019C"	0.12	0.039	-1.5475	-4.051	-5.077	-3.299	-2.825	-2.07	-1.385	-2.109	-2.06	-3.117	-3.721	-4.387	0.071	-0.182	0.107	-1.678	-2.529	-2.505	-2.098	-2.32	0.858	0.828	-0.073
"YHR020W"	-0.086	-0.216	-1.1305	-2.69	-4.045	-2.898	-3.053	-2.195	-1.642	-1.649	-1.837	-1.718	-2.26	-2.19	-0.16	-0.26	-0.214	-1.636	-2.133	-1.395	-1.192	-0.999	-0.206	0.724	0.569
"YHR023W"	-0.0855	-0.1565	-0.297666666666667	-1.6435	-2.4215	-0.2105	-0.26	-1.301	-0.5915	-1.5025	-1.4145	-1.563	-1.5635	-1.046	-0.034	0.002	0.1235	-0.382666666666667	-0.023	-0.893	-0.793	-1.1405	-0.194	0.972	-0.04
"YHR047C"	-0.3	-0.393	0.024	-3.032	-4.423	-0.188	-0.437	-0.677	-1.388	-1.632	-1.63	-1.978	-3.102	-3.056	-0.23	0.071	0.038	-0.235	-0.523	-1.223	-0.882	-1.06	-1.213	-0.558	0.248
"YHR064C"	0.042	0.035	-1.62	-3.329	-5.238	-3.074	-2.229	-2.977	-1.449	-1.754	-2.25	-2.957	-3.678	-3.675	-0.069	0.156	-0.025	-1.7365	-2.303	-2.303	-1.252	-2.419	0.493	-0.103	0.42
"YHR068W"	0.014	0.214	-1.23	-4.28	-6.532	-2.873	-2.52	-2.945	-1.652	-1.927	-2.429	-2.724	-3.669	-3.425	0.241	0.437	-0.023	-1.4595	-2.544	-2.522	-2.438	-2.761	0.985	0.344	0.345
"YHR170W"	0.677	0.508	-1.343	-2.573	-4.858	-2.759	-2.694	-2.314	-1.433	-2.149	-1.819	-2.036	-2.758	-2.443	0.037	-0.156	0.226	-1.9105	-1.546	-1.358	-0.854	-1.032	1.12	-0.517	-0.106
"YHR203C"	0.078	0.133	-1.815	-3.782	-5.944	-3.917	-3.774	-4.669	-2.276	-2.437	-2.591	-2.575	-3.081	-3.941	0.264	0.395	-0.2	-1.9665	-3.65	-2.621	-1.497	-1.605	-0.534	1.072	-0.195
"YHR208W"	0.124	0.311	-1.117	-3.12	-4.064	-2.446	-2.137	-2.228	-1.185	-1.232	-1.339	-2.263	-2.683	-2.939	-0.359	0.115	-0.077	-1.1345	-1.932	-1.888	-1.355	-1.943	-0.304	0.164	0.747
"YIL018W"	0.057	0.234	-1.7325	-3.492	-5.749	-3.362	-3.505	-3.907	-1.842	-2.218	-2.606	-2.661	-3.27	-3.914	-0.233	-0.299	-0.126	-2.158	-3.591	-1.845	-1.798	-1.414	1.184	1.253	0.635
"YIL052C"	0.331	0.428	-1.4375	-2.895	-6.278	-2.82	-2.793	-4.174	-2.279	-2.271	-2.546	-2.162	-2.5	-3.158	0.24	0.09	-0.094	-1.7635	-2.937	-2.008	-1.012	-1.026	1.089	-0.15	-0.882
"YIL078W"	0.155	0.067	-1.347	-5.192	-6.059	-2.282	-2.288	-3.786	-1.821	-2.436	-3.226	-4.41	-4.902	-4.944	0.141	-0.013	0.013	-1.422	-1.855	-2.573	-2.57	-2.6	0.557	0.422	0.834
"YIL133C"	0.212	0.26	-1.6275	-2.693	-5.79	-2.93	-2.571	-4.433	-2.003	-2.465	-2.757	-2.615	-3.007	-3.393	0.235	0.221	-0.373	-1.6925	-3.329	-1.869	-1.755	-1.812	-0.137	1.539	0.182
"YIL148W"	0.367	0.425	-0.768	-1.931	-3.41	-1.789	-2.019	-2.319	-1.404	-1.39	-1.549	-0.901	-1.348	-2.118	0.067	0.025	-0.083	-0.71	-1.447	-0.923	-0.326	-0.369	-0.763	0.549	0.436
"YJL002C"	-0.006	0.191	-0.3215	-2.469	-4.487	-1.154	-1.141	-0.96	-0.838	-0.942	-1.17	-1.748	-2.556	-2.618	-0.075	-0.054	-0.152	-0.541	-0.81	-1.155	-1.488	-1.752	-0.501	0.359	0.137
"YJL177W"	0.009	0.311	-1.6385	-3.255	-5.49	-3.409	-3.772	-5.074	-2.17	-2.525	-2.421	-1.768	-2.278	-2.905	0.25	0.273	0.027	-1.9425	-3.809	-2.547	-1.676	-1.519	-0.164	0.793	-0.53
"YJR143C"	-0.205	0.007	-1.328	-4.675	-5.523	-2.151	-2.716	-1.799	-1.08	-1.986	-2.118	-3.335	-3.698	-3.382	0.239	0.236	-0.023	-1.3065	-1.659	-2.672	-2.162	-2.24	-0.324	-0.121	0.103
"YJR145C"	0.085	0.282	-1.7845	-3.54	-6.528	-3.551	-3.547	-4.857	-1.988	-2.396	-2.336	-2.519	-3.105	-3.178	0.381	0.555	0.247	-1.93	-3.331	-2.272	-1.579	-1.347	-0.129	0.852	-0.206
"YKL006W"	0.18	0.546	-1.634	-2.835	-5.113	-3.049	-3.027	-4.545	-2.315	-2.442	-2.791	-1.939	-2.29	-2.843	0.2	0.164	-0.331	-1.727	-3.013	-2.189	-1.848	-1.826	0.749	1.236	-0.565
"YKL014C"	-0.112	-0.429	-1.11666666666667	-2.13	-2.7895	-1.0925	-0.8005	-2.185	-1.51	-1.767	-1.4065	-1.294	-2.075	-1.805	-0.156	-0.19	-0.1305	-0.655333333333333	-2.1595	-1.22	-1.477	-1.4825	-0.9515	-0.7515	-0.243
"YKL056C"	0.064	0.293	-1.046	-3.426	-5.119	-1.914	-2.359	-2.468	-1.669	-1.741	-2.281	-2.754	-3.265	-3.483	0.072	0.097	-0.211	-1.1915	-1.827	-1.76	-1.251	-1.522	-0.122	0.722	0.331
"YKL072W"	-0.236	-0.296	-0.3915	-3.695	-3.566	-0.625	-0.835	-1.052	-0.907	-0.337	-0.796	-1.028	-1.93	-1.302	0.028	0.006	-0.277	-0.373	0.707	0.706	0.627	0.633	0.464	0.297	0.097
"YKL127W"	0.012	-0.007	0.574	-3.89	-5.619	-1.273	-1.132	-0.726	-0.161	-0.069	-1.171	-1.956	-2.206	-1.858	-0.364	-0.452	0.081	0.832	-0.172	-0.972	-1.023	-1.654	-0.412	-0.048	0.255
"YKL212W"	0.089	0.18	-0.228	-3.014	-4.806	-1.409	-1.065	-1.923	-0.736	-1.656	-1.598	-2.516	-2.929	-3.374	-0.068	0.176	-0.203	-0.453	-0.821	-1.816	-1.943	-2.101	1.506	-0.947	-0.229
"YKR059W"	0.397	0.206	-1.426	-2.817	-4.998	-2.593	-2.103	-2.018	-1.043	-1.844	-2.106	-2.623	-2.96	-3.568	0.062	0.323	0.257	-1.384	-1.593	-1.627	-1.854	-2.344	0.51	0.132	0.286
"YKR094C"	0.345	0.356	-0.895	-2.464	-4.383	-2.102	-2.333	-2.785	-1.579	-1.746	-1.839	-1.792	-2.197	-2.387	0.016	0.004	-0.041	-0.882	-2.111	-1.385	-0.909	-0.711	1.119	0.388	0.256
"YLL008W"	0.007	-0.252	-1.147	-2.899	-6.113	-2.364	-2.55	-3.473	-2.41	-2.154	-2.612	-2.386	-2.487	-2.92	-0.01	-0.182	-0.307	-1.31	-2.656	-1.641	-2.042	-1.447	0.093	0.757	0.263
"YLL044W"	0.279	0.218	-1.796	-3.79	-6.48	-3.313	-3.031	-3.872	-1.944	-2.654	-2.736	-2.724	-3.494	-3.967	-0.086	-0.133	-0.187	-1.906	-3.04	-1.93	-1.508	-1.37	-0.04	1.402	0.212
"YLL045C"	0.333	0.374	-1.721	-3.857	-6.618	-3.169	-3.335	-3.66	-2.096	-2.604	-2.495	-2.943	-3.021	-3.731	0.223	0.18	-0.24	-1.965	-2.953	-1.749	-0.995	-1.237	0.494	0.844	0.356
"YLR045C"	-0.047	-0.066	-0.062	-1.804	-2.728	-0.266	-0.988	-1.631	-0.724	-1.092	-1.01	-1.829	-1.751	-2.74	-0.077	0.066	0.089	-0.682	-0.253	-1.124	-1.177	-0.419	-0.978	-0.258	0.386
"YLR062C"	-0.024	-0.017	-1.524	-5.705	-6.896	-3.6	-3.985	-4.96	-2.666	-3.209	-3.706	-4.299	-4.293	-5.234	0.023	0.353	-0.012	-1.928	-3.446	-2.666	-1.934	-2.16	-0.642	0.738	0.118
"YLR083C"	0.064	0.124	-1.173	-3.767	-5.137	-2.718	-2.103	-3.208	-1.494	-2.031	-2.545	-2.29	-3.88	-3.36	0.145	-0.129	-0.482	-1.513	-2.227	-2.339	-2.644	-3.016	-1.208	-0.772	-0.801
"YLR129W"	0.291	-0.054	-0.998	-2.877	-4.914	-3.12	-2.647	-3.861	-2.137	-1.99	-2.481	-2.714	-2.42	-3.068	0.139	-0.346	-0.357	-0.967	-2.651	-1.801	-1.628	-1.639	-0.9	0.479	0.914
"YLR167W"	0.399	0.489	-0.617	-1.761	-4.496	-1.882	-1.934	-1.894	-1.27	-1.479	-1.439	-1.334	-1.976	-2.263	0.231	0.406	-0.222	-0.688	-1.709	-0.958	-0.432	-0.496	0.525	0.145	-0.331
"YLR175W"	0.333	0.253	-1.318	-3.401	-5.468	-3.996	-3.068	-4.678	-2.413	-2.762	-3.408	-3.701	-4.364	-4.96	0.21	0.163	-0.783	-1.587	-3.576	-2.388	-2.612	-2.291	0.607	0.317	-0.216
"YLR185W"	0.168	0.323	-1.355	-2.578	-5.928	-2.94	-2.559	-4.019	-2.046	-2.136	-2.209	-2.015	-2.479	-3.065	-0.006	0.114	-0.025	-1.486	-3.193	-1.665	-1.248	-1.099	-0.205	0.921	0.108
"YLR196W"	0.586	0.55	-1.52	-4.437	-5.836	-2.858	-2.859	-4.378	-2.182	-2.66	-2.604	-3.933	-4.664	-4.392	0.24	0.082	-0.701	-1.454	-2.149	-1.727	-2.058	-2.19	1.922	-0.03	0.76
"YLR208W"	0.298	0.232	-0.148	-1.968	-4.432	-1.163	-0.959	-1.032	-1.003	-1.454	-1.248	-1.898	-2.183	-2.499	-0.252	-0.148	-0.107	-0.44	-0.91	-1.398	-1.331	-1.525	-0.731	-0.311	-0.274
"YLR209C"	-0.013	-0.037	-0.217	-2.896	-3.171	0.046	-0.214	0.503	-0.089	-0.605	-0.964	-1.123	-1.447	-1.271	0.022	-0.096	0.051	-0.502	0.365	-0.76	-0.534	-0.367	-0.295	-0.331	-0.186
"YLR249W"	0.107	0.099	-2.168	-4.146	-6.742	-3.879	-4.141	-4.679	-2.712	-3.131	-3.778	-3.883	-4.549	-4.992	0.257	-0.006	0.0	-2.345	-2.684	-2.296	-2.606	-2.316	-0.079	1.278	0.648
"YLR264W"	0.137	0.228	-1.119	-2.597	-5.152	-2.945	-2.94	-3.525	-2.236	-2.241	-2.158	-1.649	-2.334	-2.391	-0.175	0.181	0.279	-1.373	-2.072	-1.844	-1.555	-1.912	0.983	1.134	0.367
"YLR293C"	-0.044	0.148	-0.547	-3.488	-6.281	-2.107	-1.751	-2.473	-1.576	-1.45	-2.158	-2.379	-3.03	-3.186	0.078	-0.083	0.527	-0.733	-1.494	-1.553	-1.559	-1.887	0.383	-0.339	-0.276
"YLR314C"	0.151	-0.03	-0.251	-2.218	-5.585	-0.307	-0.846	-2.781	-1.702	-2.505	-2.761	-2.906	-3.447	-3.937	-0.075	-0.178	0.07	-0.07	-0.984	-2.48	-2.682	-2.101	-1.098	-0.966	0.389
"YLR328W"	-0.056	-0.061	0.129	-1.935	-4.106	0.105	-0.258	-0.491	-1.126	-1.037	0.634	-1.734	-2.256	-2.558	0.12	0.247	0.067	-0.169	-0.604	-1.164	-0.595	-1.437	-1.498	0.141	-0.077
"YLR333C"	0.068	0.231	-0.585	-3.011	-5.863	-3.538	-3.334	-4.032	-1.898	-2.092	-2.057	-1.584	-2.45	-2.848	0.246	0.067	0.103	NaN	-2.565	-1.875	-0.853	NaN	0.305	0.801	0.399
"YLR339C"	0.118	0.259	-1.401	-4.988	-6.865	-2.453	-3.194	-3.117	-1.977	-2.647	-2.474	-2.461	-3.161	-3.973	-0.052	0.02	-0.203	-1.958	-3.05	-1.944	-1.986	-1.859	0.144	-0.258	-0.921
"YLR409C"	0.097	-0.125	-0.942	-3.204	-4.211	-2.308	-2.578	-2.708	-1.92	-2.024	-2.286	-2.713	-3.315	-3.47	0.013	0.033	-0.394	-1.148	-2.578	-1.602	-1.49	-1.64	0.682	0.715	0.324
"YML056C"	-0.011	0.378	-1.502	-2.698	-5.251	-3.243	-3.63	-2.774	-1.718	-2.437	-2.674	-1.337	-2.566	-2.751	-0.123	-0.279	-0.199	-1.921	-3.888	-3.29	-2.954	-3.217	1.046	0.6	0.632
"YML085C"	-0.213	-0.118	-0.296	-3.379	-4.526	-1.307	-1.049	-0.121	-0.504	-1.408	-1.564	-1.907	-2.298	-2.55	0.135	-0.219	0.102	-0.578	-0.427	-1.682	-1.451	-1.872	-0.123	-1.063	0.075
"YMR011W"	0.854	0.604	NaN	-2.802	-4.162	3.646	3.052	-2.75	-2.986	-2.517	-3.183	-2.255	-2.278	-2.421	-0.734	-0.226	-0.037	NaN	-0.547	-0.906	-1.753	-1.857	-0.386	-0.35	-0.398
"YMR015C"	-0.747	-0.3	0.353	-3.115	-4.638	-1.078	-0.281	-2.163	0.901	1.451	0.103	-2.837	-3.222	-4.784	-0.253	0.098	-0.403	-0.038	1.455	1.571	1.618	1.107	-0.762	-0.566	-0.692
"YMR242C"	0.253	0.463	-1.649	-3.971	-6.226	-3.832	-4.338	-4.84	-2.479	-2.59	-3.004	-2.601	-3.133	-3.475	0.442	-0.025	-0.063	-1.855	-3.185	-2.447	-1.647	-1.596	-0.228	0.629	-0.424
"YMR260C"	0.113	0.272	-1.28	-2.549	-5.138	-2.251	-2.22	-3.636	-1.666	-1.968	-2.005	-1.338	-1.729	-2.229	0.124	0.092	0.066	-1.686	-1.242	-1.126	-0.737	-0.377	-0.272	0.148	0.098
"YMR308C"	0.112	0.151	-0.363	-3.091	-4.033	-1.731	-1.443	-2.386	-1.539	-2.014	-1.774	-2.239	-2.796	-2.451	0.006	0.227	-0.209	-0.405	-1.745	-2.395	-1.855	-2.005	0.682	-0.387	-0.543
"YNL096C"	0.013	0.286	-1.149	-4.038	-6.106	-3.331	-3.045	-4.716	-2.906	-2.776	-3.041	-3.644	-4.096	-4.68	-0.057	-0.048	0.063	-1.523	-3.171	-2.296	-1.647	-1.704	-0.857	-0.002	-0.88
"YNL132W"	0.149	-0.201	-1.718	-4.956	-6.392	-3.285	-3.141	-4.353	-2.313	-2.799	-2.936	-3.396	-4.377	-4.049	-0.079	0.067	0.034	-1.837	-3.487	-2.527	-2.718	-2.565	1.372	-0.886	0.268
"YNL162W"	0.23	0.291	-1.102	-2.858	-6.425	-2.86	-2.872	-3.999	-2.089	-2.0	-2.0	-1.742	-2.487	-3.468	-0.03	-0.153	-0.294	-1.403	-2.438	-1.199	-0.779	-0.531	-0.019	-0.248	0.134
"YNL175C"	0.427	0.362	-1.66	-2.872	-6.011	-2.575	-2.601	-4.587	-2.405	-2.804	-2.484	-2.404	-3.809	-2.849	0.344	0.153	-0.324	-2.265	-2.73	-1.188	-1.745	-1.871	1.491	0.3665	0.4625
"YNL178W"	0.402	0.34	-1.826	-4.338	-6.62	-3.239	-3.307	-4.97	-2.608	-2.899	-2.981	-2.958	-3.483	-3.871	0.438	-0.138	-0.352	-2.137	-3.866	-2.566	-1.607	-2.071	0.181	0.585	0.512
"YNL189W"	0.045	0.011	-0.2	-2.367	-4.06	-0.86	-0.875	-0.589	-1.0	-1.33	-1.294	-2.058	-2.641	-3.084	-0.273	-0.263	0.114	-0.413	-0.42	-0.967	-1.047	-1.062	0.54	0.121	-0.683
"YNL209W"	0.27	0.179	-1.597	-4.055	-5.803	-3.728	-2.985	-4.059	-2.262	-2.633	-2.99	-3.596	-3.829	0.396	0.134	0.069	-0.16	-0.25	-3.24	-2.745	-2.606	-2.878	1.376	1.072	-0.365
"YNL247W"	0.151	-0.123	-1.11	-3.191	-4.64	-2.34	-2.065	-2.936	-1.062	-1.899	-2.277	-2.658	-3.388	-2.515	-0.061	0.091	-0.388	-1.462	-1.584	-1.822	-2.534	-2.379	0.208	-1.398	0.097
"YNR018W"	0.006	0.052	-0.343	-1.761	-2.4725	-0.6775	-0.4755	-0.114	-0.547	-1.208	-1.161	-0.557	-1.99	-0.83	-0.417	0.003	-0.141	-0.182	0.009	-0.316	-0.798	-0.485	0.203	-0.244	0.287
"YOR164C"	-0.18	0.039	-0.136	-2.555	-4.0095	-0.8525	-0.972	-0.15	-0.36	-0.909	-1.072	-1.603	-1.956	-2.107	0.197	0.216	0.38	-0.447	0.11	-0.345	-0.763	-1.272	-0.693	-0.646	-0.245
"YOR198C"	0.386	0.401	-0.566	-4.452	-5.562	-0.8245	-1.185	-2.46	-1.543	-2.3	-2.828	-4.384	-4.657	-4.415	0.253	0.15	-0.098	-0.817	-1.284	-2.749	-2.555	-2.772	1.423	-0.319	0.296
"YOR239W"	-0.194	0.031	-0.598	-3.232	-5.0985	-0.9345	-1.0745	-1.631	-1.273	-2.053	-2.15	-3.149	-3.934	-3.704	-0.205	0.159	0.184	-0.933	-1.752	-1.963	-1.992	-1.951	-0.013	-0.611	0.795
"YOR240W"	0.45	0.358	-0.405	-2.8765	-3.6975	-0.756	-1.1745	-1.328	-0.886	-1.773	-1.486	-2.693	-3.23	-2.674	-0.012	0.068	0.191	-0.743	-0.821	-1.891	-1.707	-1.475	0.876	-0.769	0.249
"YOR270C"	-0.09	0.059	-0.232	-1.649	-4.932	-0.968	-1.027	-0.098	-0.361	-0.855	-0.859	-1.912	-2.307	-2.635	-0.217	-0.07	0.079	-0.343	-0.332	-1.313	-1.465	-1.872	-0.018	-0.283	0.058
"YOR287C"	0.791	NaN	-0.642	-1.4075	-2.752	-2.833	-1.879	-2.146	-1.162	-1.159	-1.269	-1.379	-1.621	-2.266	-0.023	0.025	-0.451	-0.67	-1.12	-0.482	-0.505	-0.301	0.802	-0.526	-0.151
"YOR310C"	0.496	0.4	-1.291	-4.7765	-7.1385	-3.766	-3.585	-5.777	-2.773	-3.838	-4.105	-4.745	-5.099	-4.866	0.202	0.415	-0.086	-1.628	-3.238	-2.67	-2.757	-2.944	1.94	-0.004	0.315
"YOR369C"	0.14	0.43	-1.683	-3.724	-6.5475	-3.0405	-3.6415	-3.998	-2.456	-2.858	-2.986	-2.456	-2.662	-3.502	0.217	-0.196	-0.511	-1.941	-3.251	-2.35	-1.335	-1.066	-0.039	0.368	-0.276
"YPL048W"	-0.181	-0.141	-0.991	-3.2175	-4.579	-1.1285	-1.2575	-0.653	-0.541	-1.113	-0.823	-1.535	-1.925	-2.183	0.073	-0.299	0.406	-0.638	-0.85	-1.148	-1.593	-1.494	-0.6	-1.244	-0.935
"YPL079W"	0.007	0.449	-1.437	-3.892	-6.4765	-3.085	-3.172	-4.735	-2.781	-2.741	-3.087	-3.015	-3.498	-4.547	0.031	-0.058	-0.257	-1.713	-3.141	-2.001	-1.716	-1.575	-0.291	0.752	0.824
"YPL081W"	0.036	0.313	-0.734	-3.4025	-6.801	-2.5355	-2.916	-4.022	-2.461	-2.849	-2.929	-2.789	-2.909	-3.725	0.099	0.136	-0.323	-0.736	-2.373	-1.895	-1.906	-1.527	0.841	0.004	-0.366
"YPL090C"	0.477	0.567	-1.691	-4.364	-6.197	-3.398	-3.223	-5.307	-2.412	-2.833	-2.954	-3.292	-3.309	-4.719	-0.045	0.066	-0.082	-1.907	-3.271	-2.127	-1.378	-1.342	1.227	0.51	0.566
"YPL093W"	0.5	0.5825	-0.5875	-0.981	-2.24066666666667	-1.266	-1.41733333333333	-2.4435	-1.6935	-1.4615	-1.374	-1.4495	-1.3195	-1.8055	0.0735	-0.128	-0.6015	-0.5585	-0.6335	0.432	-1.0295	-0.5265	0.4085	0.0025	-0.132
"YPL142C"	0.3215	0.5615	-1.361	-3.5865	-5.604	-2.825	-3.3035	-4.155	-2.082	-2.303	-2.376	-2.148	-2.632	-2.979	0.2	-0.016	-0.128	-1.793	-2.534	-1.836	-1.152	-1.22	-0.095	0.829	-0.053
"YPL160W"	0.0683333333333333	-0.115	-1.107	-3.08233333333333	-5.284	-2.22666666666667	-2.35066666666667	-4.0365	-1.8835	-2.449	-2.824	-3.1695	-3.499	-2.977	0.0515	0.0055	-0.189	-1.148	-2.501	-2.4615	-2.584	-2.827	0.2515	-0.0125	0.4305
"YPL186C"	-0.695	-0.374	0.696	3.9855	4.699	3.634	2.8435	1.511	1.76	2.76	2.023	2.83	3.48	3.115	0.206	0.0	0.112	2.418	2.214	2.319	2.447	2.205	0.094	-1.011	-0.885
"YPL226W"	0.113333333333333	-0.103666666666667	-0.5685	-3.95033333333333	-5.67966666666667	-3.37333333333333	-2.503	-4.0095	-2.363	-2.3985	-2.8955	-3.407	-2.9025	-3.983	-0.0735	0.0015	-0.23	-0.7595	-2.562	-2.2435	-2.2755	-1.7945	0.93	-0.257	0.351
"YPL273W"	-0.002	0.116666666666667	-1.352	-3.722	-5.69966666666667	-2.94366666666667	-2.86466666666667	-2.8035	-2.088	-2.4545	-3.2755	-2.794	-3.21	-3.3575	0.0235	-0.129	0.0565	-1.632	-1.99	-1.821	-2.3675	-2.6985	-1.255	-0.694	0.7
"YPR102C"	0.093	0.317	-1.491	-4.045	-6.451	-3.5055	-4.118	-4.644	-2.495	-2.723	-3.232	-3.352	-3.749	-4.692	0.219	0.076	0.033	-1.815	-3.121	-2.243	-1.685	-1.678	0.155	0.103	0.21
"YPR110C"	0.077	0.1595	-0.986	-3.662	-6.318	-3.01	-3.296	-3.88	-2.186	-2.175	-2.703	-2.993	-3.212	-3.358	-0.091	-0.257	-0.623	-1.216	-2.073	-1.7	-1.695	-1.635	0.195	-0.432	-0.045
"YPR132W"	0.185	0.472	-1.078	-3.1925	-5.805	-2.5895	-3.048	-3.788	-1.948	-2.214	-2.292	-1.968	-2.388	-3.151	0.125	0.057	0.058	-1.376	-2.19	-1.375	-1.072	-0.63	0.254	0.377	-0.177
"YPR145W"	0.5895	0.381	-0.296	-3.737	-5.02	-0.8115	-0.8305	-2.229	-1.892	-2.228	-2.21	-3.369	-3.625	-3.498	-0.442	0.493	-0.614	-0.727	-2.308	-2.266	-1.571	-1.309	0.924	-1.808	0.746
"YPR163C"	0.418	0.2055	-1.155	-2.9485	-5.4905	-2.5635	-2.469	-3.136	-2.003	-2.05	-2.325	-2.642	-2.895	-2.82	-0.06	-0.396	0.005	-1.528	-1.693	-1.345	-1.666	-1.832	-0.062	-0.176	0.103
