	"686.YP ethanol vs reference pool"	"854.YPD_6_h_30C"	"855.YPD_8_h_30C"	"856.YPD_10_h_30C"	"857.YPD_12_h_30C"	"858.YPD_1_d_30C"	"859.YPD_2_d_30C"	"860.YPD_3_d_30C"	"866.starv_in_H2O_0.5_h_30C"	"942.starv_in_H2O_1_h_30C"	"943.starv_in_H2O_2_h_30C"	"944.starv_in_H2O_4_h_30C"	"945.starv_in_H2O_6_h_30C"	"1012.YPD 12 h (25C)"	"1013.YPD 1 d (25C)"	"1014.YPD 2 d (25C)"	"1015.YPD 3 d (25C)"	"1016.YPD 5 d (25C)"	"1017.YPD 7 d (25C)"	"1018.YPD 13 d (25C)"	"4872.1M sorbitol - 60 min"	"8522.DES459 (mec1-) + 0.02% MMS - 45 min"	"8523.DES459 (mec1-) + 0.02% MMS - 60 min"	"8524.DES459 (mec1-) + 0.02% MMS - 90 min"	"8525.DES459 (mec1-) + 0.02% MMS - 120 min"	"11466.yO1 test hyb"	"13057.wt/crz1 Na 30min (1)"	"13058.wt/crz1 Na 30min (2)"	"13059.wt/crz1 Na 45min (1)"	"13060.wt/crz1 Na 45min (2)"	"14081.FY2(B) vs. FY2(A) 23.5 hours"	"27096.P1Comp 19 hr 6 min Phosphate Batch vs Chemostat Comparison"	"27100.P1Comp 16 hr 55 min Phosphate Batch vs Chemostat Comparison"	"27102.P1Comp 21 hr 5 min Phosphate Batch vs Chemostat Comparison"	"27103.P1Comp 24 hr 5 min Phosphate Batch vs Chemostat Comparison"	"27105.P1Comp 27 hr 15 min Phosphate Batch vs Chemostat Comparison"	"27106.P1Comp 33 hr 5 min Phosphate Batch vs Chemostat Comparison"	"27108.P1Comp 45 hr 5 min Phosphate Batch vs Chemostat Comparison"	"30463.Pomona/Brown pol2-12 red"	"32628.S1Comp 12 hr 57 min Sulfate Batch vs Chemostat Comparison"	"32631.S1Comp 20 hr 10 min Sulfate Batch vs Chemostat Comparison"	"33779.delYPL230w_stationary_phase_5hours"	"33780.delYPL230w_stationary_phase_7hours"
"YBL015W"	1.7975	5.024	5.917	6.238	5.529	5.067	5.683	3.23	3.054	2.42	3.555	3.823	4.083	4.465	4.511	3.428	2.5535	2.011	3.164	2.507	-0.135	-0.6445	-0.683	-0.5045	-0.4545	4.433	-0.153	-0.627	-0.252	-0.149	0.185	0.249	0.234	0.169	0.159	0.446	0.281	-0.659	-0.19	0.588	0.448	3.333	4.665
"YBL024W"	-1.0245	-3.938	-2.484	-2.376	-2.16	-2.175	-2.483	-4.671	-1.661	-2.493	-2.238	-2.114	-2.409	-3.8255	-2.047	-2.147	-2.6055	-3.4875	-3.5465	-3.993	0.065	0.151	0.135	0.045	-0.1405	-2.18	0.363	0.261	-0.008	0.125	-0.606	-0.558	-1.4445	-0.537	-0.8545	-0.886	-0.5385	-0.712	-0.376	-1.207	-1.047	-2.148	-1.714
"YBL028C"	-0.5095	-4.609	-3.234	-2.754	-2.652	-2.015	-2.162	-2.828	-1.874	-3.002	-2.268	-1.944	-1.967	-2.6315	-2.1695	-1.5655	-2.036	-1.7715	-2.0555	-1.6605	0.0295	-0.0835	0.121	0.1295	-0.1155	-0.937	0.988	1.211	0.27	0.338	-0.596	-0.08	-0.0815	-0.529	0.1255	-0.5615	-0.602	-0.0765	-0.184	0.336	1.467	-2.529	-1.888
"YBR072W"	2.741	6.093	5.199	5.621	6.166	6.58	6.039	6.376	4.833	5.101	5.494	3.184	5.003	4.395	4.745	5.1185	5.612	5.8345	5.538	4.627	0.175	0.492	0.4055	0.866	0.72	4.963	-0.963	-0.771	-1.132	-1.054	0.833	2.807	2.6275	2.829	2.9835	2.693	3.0185	3.211	0.408	3.406	2.722	4.368	5.026
"YBR106W"	-0.828	-2.949	-2.026	-1.695	-1.83	-2.108	-1.986	-3.354	-1.944	-2.258	-2.173	-2.595	-2.731	-2.3915	-1.999	-2.0935	-2.137	-2.3225	-3.147	-3.2985	0.066	0.425	0.067	0.096	0.073	-1.924	0.472	0.37	-0.075	-0.085	-0.056	-0.2355	-0.545	-0.903	0.023	-0.6395	-0.743	-0.6085	0.51	-1.141	-0.563	-2.825	-2.779
"YBR147W"	0.7155	2.527	3.946	3.882	3.475	3.896	4.309	4.268	2.431	2.055	2.504	2.791	2.353	3.7075	2.881	3.7465	4.052	4.7615	4.3825	3.614	-0.033	0.3265	0.253	0.072	0.288	3.883	-0.149	-0.233	-0.134	0.024	-1.437	-1.444	-0.9205	-0.557	-1.731	-1.46	-0.648	-1.207	-0.048	0.76	1.634	4.312	4.452
"YBR212W"	0.313	2.545	2.038	1.873	1.802	2.283	1.936	3.329	2.244	1.824	1.89	1.746	1.422	2.072	1.504	2.075	1.8265	4.222	4.5675	3.4615	-0.1455	-0.096	-0.0215	-0.1585	-0.231	2.252	-0.179	-0.253	-0.229	-0.09	-0.585	0.83	-0.137	0.406	0.014	0.025	0.037	-0.648	0.459	0.256	0.953	2.491	1.768
"YCL053C"	-0.651	-4.013	-2.459	-1.834	-1.096	-0.828	-1.563	-2.481	-2.327	-2.694	-1.782	-1.345	-1.024	-2.553	-1.7995	-1.597	-1.8505	-1.7235	-2.7635	-2.2165	-0.1325	0.0145	0.1195	0.006	0.0265	-0.903	0.325	0.8	0.055	-0.034	-0.377	-0.756	-1.007	-0.544	-0.756	-0.671	-0.553	-0.15	-0.46	-0.196	-0.059	-1.866	-1.397
"YCL059C"	-0.7355	-4.786	-2.115	-1.94	-1.722	-1.081	-1.769	-2.558	-1.244	-2.27	-1.67	-1.283	-1.197	-3.4015	-1.887	-1.4885	-1.846	-2.0685	-3.0265	-2.4555	0.0035	0.5575	0.4215	0.493	0.39	-0.73	0.821	0.691	0.607	0.795	-0.614	-0.331	-0.585	-0.367	-0.493	-0.446	-0.476	-0.519	-0.443	-0.542	-0.228	-4.436	-2.396
"YCLX02C"	-0.879	-4.118	-2.592	-2.422	-1.69	-1.466	-1.998	-2.283	-1.644	-2.734	-1.938	-0.892	-1.514	-3.098	-2.1245	-1.9175	-2.411	-1.8265	-2.441	-2.4035	0.0195	-0.082	0.0165	0.0255	-0.2285	-0.606	0.599	0.491	-0.329	-0.011	-0.467	-0.749	-0.564	-0.869	-0.601	-0.545	-0.227	-0.522	0.114	-1.235	-0.528	-3.541	-2.722
"YCR055C"	-0.9775	-6.518	-3.193	-3.059	-2.704	-1.766	-1.97	-3.878	-2.1	-3.796	-3.655	-2.132	-2.311	-2.6155	-1.6915	-1.403	-1.6	-2.2405	-3.105	-2.4225	0.0415	-0.2185	-0.0775	-0.132	-0.1935	-1.703	0.337	0.616	-0.098	0.213	-0.201	-0.297	-0.375	-0.463	0.262	-0.296	-0.602	-0.41	0.306	NaN	NaN	NaN	NaN
"YDL051W"	-0.722	-3.639	-2.402	-2.024	-1.821	-1.668	-2.07	-2.856	-1.571	-2.198	-1.985	-2.131	-2.317	-2.973	-2.013	-1.892	-1.804	-1.557	-2.325	-2.819	0.163	-0.102	-0.085	-0.159	-0.231	-1.28	0.908	0.892	0.407	0.666	0.319	-0.297	-0.033	-0.376	-0.577	-0.406	-0.829	-0.492	0.484	-0.568	-0.64	-3.192	-1.733
"YDL149W"	0.431	1.908	1.85	1.873	1.827	2.204	2.038	2.522	1.04	0.957	1.468	1.141	0.883	1.332	1.22	1.795	1.823	2.075	2.275	1.854	-0.122	0.188	0.211	0.24	0.21	1.866	-0.239	-0.092	-0.501	-0.613	-0.016	-0.001	0.076	0.136	-0.307	0.099	0.059	-0.009	-0.062	0.594	0.288	0.9515	0.8265
"YDL167C"	-0.957	-4.321	-2.565	-2.731	-2.613	-1.813	-2.3	-3.033	-2.513	-3.298	-2.094	-1.281	-1.577	-3.084	-1.901	-1.572	-2.172	-2.176	-2.332	-2.095	0.105	0.041	0.122	-0.017	-0.111	-1.335	0.444	0.464	-0.18	-0.04	-0.743	-1.137	-0.514	-0.905	-0.783	-0.86	-0.854	-0.778	0.368	-0.263	-0.829	-3.364	-2.649
"YDL181W"	1.258	3.242	4.01	3.18	3.522	2.531	2.078	0.515	1.803	1.454	1.885	1.926	1.82	1.105	0.95	1.15	1.275	2.199	2.115	1.918	0.09	-0.929	-0.815	-0.653	-0.8	2.502	-0.191	0.069	-0.324	-0.439	0.225	0.411	0.2	0.27	0.234	0.325	0.105	0.418	0.343	0.855	-0.102	2.282	2.777
"YDL194W"	1.332	2.756	3.079	2.902	2.773	2.758	3.229	2.675	2.403	2.191	1.976	1.473	1.695	1.971	1.674	2.005	1.921	1.923	2.037	1.752	0.437	-0.047	0.189	0.083	0.062	1.647	-0.271	0.04	-0.088	0.057	-0.886	0.236	0.262	0.376	0.622	0.593	0.555	0.667	-0.327	-0.688	-0.574	0.057	0.41
"YDL199C"	0.737	3.613	3.263	2.856	2.72	3.28	4.082	3.316	2.531	1.984	1.955	1.594	1.354	3.993	2.022	2.729	3.114	3.13	3.12	2.061	-0.037	-0.115	-0.006	0.079	0.071	1.971	-0.087	-0.27	0.017	0.006	-0.422	0.239	0.299	0.216	0.301	-0.16	-0.464	-0.582	-0.27	0.404	0.513	3.576	2.669
"YDR083W"	-0.576	-3.47	-2.724	-1.65	-1.598	-1.881	-1.928	-2.092	-1.703	-2.697	-1.847	-0.836	-1.015	-2.436	-1.715	-1.355	-1.838	-1.676	-2.45	-2.097	0.177	0.429	0.319	0.308	0.329	-1.597	0.513	0.819	0.11	0.093	-0.521	-0.648	-0.203	-0.357	-0.374	-0.362	-0.684	-0.083	-0.553	-0.59	-1.498	-2.713	-1.403
"YDR096W"	0.25	3.784	2.911	3.051	3.058	2.906	3.751	3.511	2.071	2.127	2.135	1.735	1.58	1.85	2.169	2.377	2.916	3.613	3.341	3.088	-0.062	-0.386	-0.354	-0.405	-0.373	2.342	-0.967	-1.096	-0.168	-0.102	-0.069	0.544	0.109	0.665	0.343	0.724	0.465	-0.232	0.266	0.5095	0.7355	1.286	0.9155
"YDR161W"	-0.893	-4.61	-2.37	-2.197	-2.192	-1.24	-2.356	-2.842	-1.399	-1.842	-2.024	-0.877	-1.278	-1.951	-1.46	-1.406	-1.537	-2.298	-2.511	-2.286	0.168	0.373	0.324	0.44	0.246	-1.526	0.26	-0.138	0.173	0.341	0.024	-0.341	0.048	-0.035	-0.26	-0.032	-0.243	-0.422	-0.448	-1.099	-1.488	-2.335	-1.162
"YDR184C"	-0.245	-3.504	-1.845	-2.067	-1.607	-1.31	-1.491	-1.802	-2.09	-1.444	-1.709	-1.029	-0.741	-3.243	-1.65	-1.259	-1.431	-1.148	-2.113	-1.087	0.004	0.281	0.187	0.323	0.05	-1.3165	0.431	0.6065	0.0665	0.1775	-0.1525	-0.608	-0.507	-0.4315	-0.7575	-0.55	-0.5385	-0.3905	0.1695	0.641	0.297	-3.208	-1.663
"YDR186C"	0.605	1.26	1.194	0.964	1.784	2.355	2.025	2.123	0.308	0.61	1.061	0.276	1.062	0.498	1.094	1.442	1.343	1.726	1.874	1.701	0.127	0.252	0.453	0.488	0.755	0.684	0.004	-0.4285	0.2005	0.038	-0.0505	0.1865	0.125	-0.0565	0.0815	0.2905	-0.005	-0.1135	0.0365	-0.64	-0.601	0.372	-0.107
"YDR300C"	-0.07	-2.126	-1.055	-0.777	-0.844	-1.426	-1.012	-3.24	-1.776	-2.152	-1.395	-0.751	-1.331	-1.907	-0.879	-1.502	-1.321	-2.003	-3.096	-3.345	-0.19	0.292	0.347	0.486	0.27	-1.091	0.541	0.045	0.23	0.058	-0.278	0.622	0.609	0.062	0.986	0.439	-0.168	-0.24	-0.105	0.151	0.318	-2.895	-1.907
"YDR330W"	0.782	2.295	1.69	1.847	2.105	1.968	2.016	2.462	1.365	1.497	1.245	1.016	1.037	0.645	1.156	1.505	1.56	1.389	1.401	0.954	-0.042	0.945	0.871	0.768	0.807	1.113	-0.329	-0.801	-0.189	-0.172	-0.029	0.506	0.648	0.625	0.687	1.047	0.156	-0.232	0.045	0.333	0.971	1.569	1.451
"YDR342C"	0.861	3.886	3.122	2.595	1.476	0.858	2.454	1.591	3.571	3.734	3.392	3.129	2.881	2.692	1.766	1.989	1.374	2.124	1.868	1.29	-0.296	0.335	0.383	0.63	1.032	1.504	0.426	-0.252	0.332	0.154	-0.168	0.155	-0.048	-0.168	0.736	0.534	0.535	-0.17	0.549	0.187	1.556	6.395	5.258
"YDR398W"	-1.07	-4.143	-2.42	-2.114	-1.993	-1.694	-1.937	-2.774	-2.064	-3.069	-2.517	-1.62	-1.907	-2.112	-1.881	-1.798	-1.896	-1.285	-1.949	-2.194	0.385	0.138	0.191	0.27	-0.022	-1.998	0.467	0.467	-0.119	-0.091	-0.269	-0.512	-0.868	-0.35	0.487	-0.517	-0.686	-1.163	0.248	-0.695	-1.108	-3.061	-1.999
"YDR454C"	-0.541	-1.398	-1.267	-0.469	-0.938	-1.715	-1.528	-2.876	-1.528	-2.043	-2.035	-2.414	-2.283	-1.427	-0.963	-1.608	-1.534	-1.835	-2.466	-2.28	0.129	0.172	-0.362	-0.042	-0.168	-1.702	0.538	0.556	0.439	0.469	0.226	-0.606	-0.349	-0.721	-0.46	-0.631	-0.811	-0.781	0.475	0.365	-0.188	-0.933	-1.127
"YDR465C"	-0.183	-4.438	-3.006	-2.225	-1.892	-2.015	-1.621	-2.676	-1.28	-1.835	-1.963	-0.623	-0.896	-1.809	-1.561	-1.19	-1.551	-1.198	-2.747	-2.7	0.025	0.083	0.104	0.177	0.13	-0.852	0.658	0.719	0.444	0.311	-0.195	-1.08	-0.893	-0.731	-0.64	-0.685	-0.69	-0.748	-0.265	-0.604	-0.358	-3.552	-2.632
"YEL005C"	1.149	2.275	1.531	1.526	1.399	2.132	1.552	1.686	0.841	1.369	1.354	0.878	1.311	1.329	0.872	1.185	0.936	1.299	1.62	1.249	-0.235	0.283	0.136	0.262	0.431	0.801	0.217	0.2765	0.246	0.4065	0.604	0.264	0.6075	0.5815	0.3775	0.2155	0.483	0.4125	-0.1145	-0.11	-0.011	1.715	1.509
"YEL030W"	0.547	1.355	1.341	0.713	1.892	2.84	2.491	2.269	-0.003	0.355	0.355	0.335	0.517	0.294	0.522	1.403	1.5	1.583	1.564	0.914	0.133	-0.076	-0.196	0.005	0.21	2.227	-0.2885	-0.114	-0.5275	-0.45	0.245	-0.0605	0.4105	-0.009	-0.3815	0.2365	0.167	-0.056	0.1975	0.02	0.431	0.795	0.988
"YEL070W"	0.515	3.271	1.128	1.082	0.732	1.034	0.8	0.191	1.893	1.417	1.286	1.451	0.733	0.964	0.405	1.079	0.088	1.661	1.796	1.507	-0.109	-0.626	-0.701	-0.43	-1.421	0.387	0.0945	0.186	0.143	0.378	0.309	0.3245	0.0175	0.304	0.349	0.3415	0.4395	0.1875	0.345	NaN	0.782	3.263	1.934
"YER024W"	1.492	4.222	5.101	5.089	4.708	4.47	4.755	4.492	1.452	2.797	4.06	5.22	4.747	3.348	3.848	2.82	2.599	2.31	3.434	2.595	-0.009	-0.029	-0.199	0.137	0.064	0.933	0.268	-0.334	0.064	0.245	-0.034	-0.433	-0.351	0.022	-0.237	-0.088	-0.236	-0.428	0.023	0.88	1.04	-0.331	1.357
"YER025W"	-0.987	-3.167	-1.687	-1.57	-1.903	-1.256	-1.55	-2.274	-1.261	-2.203	-1.76	-1.79	-1.489	-2.463	-1.42	-1.739	-2.023	-1.728	-2.125	-2.385	0.0	0.312	0.224	0.087	0.153	-1.106	0.291	0.101	0.16	0.01	0.002	-0.119	-0.141	0.015	0.331	-0.123	-0.153	-0.418	0.12	-0.227	-0.373	-1.434	-1.145
"YER098W"	0.485	2.201	1.887	1.642	1.157	1.62	2.14	1.672	2.237	1.366	1.39	1.531	1.302	1.585	0.866	1.636	2.403	1.47	1.115	0.776	0.23	0.236	0.309	0.236	0.433	1.482	-0.09	0.156	-0.76	-0.909	-0.351	-0.108	-0.523	0.028	-0.252	0.221	-0.013	-0.2	0.212	0.543	0.527	1.544	1.321
"YER127W"	-0.434	-3.292	-2.064	-1.821	-1.672	-1.949	-2.155	-2.611	-2.422	-2.835	-2.486	-1.435	1.661	-1.589	1.466	-1.363	-1.279	-1.098	-2.485	-1.946	0.2	0.59	0.684	0.822	0.623	-1.479	0.4265	0.6035	-0.118	-0.0035	-0.2845	-0.551	-0.798	-0.6655	-0.999	-0.871	-1.094	-0.6915	-0.3205	-0.795	-1.458	-3.601	-3.002
"YER162C"	0.524	2.529	1.585	2.052	2.02	2.241	1.633	3.374	2.183	1.514	1.531	1.656	1.782	1.282	1.124	1.724	1.546	2.103	2.72	2.163	-0.319	0.125	0.086	0.144	-0.019	1.636	-0.235	-0.363	-0.202	-0.1155	0.2	0.2385	0.014	0.317	-0.1195	0.415	0.4715	0.381	-0.308	0.577	0.191	1.959	1.466
"YFL052W"	0.783	3.66	3.574	2.321	2.507	1.737	2.869	1.791	2.785	2.883	3.095	2.521	2.079	2.623	1.78	1.86	1.094	1.679	2.56	1.95	0.321	-0.547	-0.393	0.048	-0.041	0.3545	-0.497	0.2675	0.147	0.1215	-0.194	-0.0605	-0.196	-0.1705	0.459	0.1915	0.0015	0.0355	-0.2665	NaN	1.705	3.724	2.936
"YGL156W"	2.447	4.377	4.521	4.625	4.645	5.069	5.027	5.027	2.749	3.372	3.335	3.32	3.359	2.737	4.166	4.322	3.981	4.487	4.716	3.456	0.22	0.231	0.443	0.35	0.345	3.83	-0.846	-0.907	-0.968	-1.808	-0.024	1.565	1.091	1.173	1.7085	1.6145	1.2625	0.4685	0.292	0.1805	0.258	2.233	1.841
"YGL157W"	-2.29	-3.669	-4.154	-3.753	-4.456	-3.853	-3.767	-3.578	1.472	-1.481	-1.996	-1.999	-2.143	-1.941	-2.445	-2.738	-2.628	-2.488	-2.817	-3.666	0.279	0.279	0.343	-0.079	-0.057	-2.632	-0.033	-0.689	-0.325	-0.113	-0.233	0.505	0.7245	0.5725	0.695	0.5675	0.096	-0.1995	0.755	-0.721	-1.784	-1.056	-1.785
"YGL171W"	-0.841	-5.822	-2.949	-2.078	-1.942	-1.611	-1.839	-2.903	-1.506	-2.759	-2.384	-1.713	-1.783	-3.704	-1.8	-1.731	-1.978	-2.292	-3.082	-2.503	0.01	0.058	0.362	0.29	0.276	-1.315	0.315	0.405	-0.316	-0.049	-0.224	-0.6925	-0.509	-0.175	-0.3435	-0.2225	-0.1855	-0.0215	-0.333	-0.556	-0.38	-3.848	-2.304
"YGL177W"	0.69	0.638	1.224	1.453	1.268	3.4	4.553	5.784	0.396	0.22	2.413	1.444	1.195	0.787	0.641	2.066	3.231	3.768	3.904	1.955	-0.177	-0.212	-0.228	-0.213	-0.2	1.045	-0.208	0.274	-0.501	-0.251	-0.08	-0.121	-0.28	0.4125	0.0225	0.453	0.592	1.487	-0.174	1.362	0.298	-0.009	-0.164
"YGL180W"	1.117	2.411	1.867	2.401	2.398	2.906	2.944	4.3	1.304	1.455	1.787	1.466	1.363	2.159	2.399	2.973	3.256	2.738	2.877	2.817	0.084	0.367	0.089	0.353	-0.071	2.144	-0.519	-0.169	-0.04	0.032	-0.225	0.473	-0.2035	0.6205	0.4845	0.45	0.285	0.1185	-0.297	0.678	1.252	1.776	1.334
"YGR028W"	0.234	2.435	1.883	0.973	1.124	1.491	0.874	1.731	1.654	1.46	1.591	1.001	1.246	1.603	1.235	1.13	1.162	1.048	1.761	1.779	0.132	0.831	0.24	0.677	0.631	0.714	-0.215	-0.269	-0.3	-0.154	-0.513	-0.7495	-0.128	0.0305	-0.9	-0.41	0.028	-0.549	-0.531	0.65	0.656	1.917	1.359
"YGR046W"	0.396	1.736	1.476	1.541	1.423	2.266	1.783	2.451	1.017	1.191	1.392	1.12	0.811	2.016	1.666	1.74	1.89	2.246	2.534	1.748	0.047	-0.014	-0.069	-0.014	-0.053	1.351	-0.249	-0.584	0.278	0.43	-0.661	-0.0745	0.2505	0.2975	0.224	0.237	0.232	-0.2125	-0.257	0.268	0.45	1.407	1.753
"YGR110W"	1.155	3.059	3.408	3.575	2.845	3.106	3.427	4.541	2.006	1.881	2.242	2.425	2.361	3.976	2.805	2.625	2.566	2.578	4.305	3.146	-0.112	-0.513	-0.497	-0.585	-0.593	2.049	-0.3395	-0.574	-0.3975	-0.537	-0.1565	-0.4225	0.026	-0.03	-0.4225	-0.2515	0.045	-0.4355	-0.3015	0.515	1.313	3.213	3.774
"YGR173W"	-0.507	-3.271	-1.888	-1.436	-1.194	-1.375	-1.91	-2.218	-1.732	-2.709	-2.065	-1.747	-1.752	-1.546	-1.279	-1.36	-0.91	-1.919	-1.996	-2.168	-0.074	0.473	0.574	0.638	-0.305	-1.2535	0.7955	0.7175	0.6255	0.686	0.08	-0.252	-0.1175	-0.3275	-0.5655	-0.49	-0.5545	-0.638	-0.1895	-0.677	-0.799	-2.139	-1.259
"YGR201C"	1.412	5.046	4.249	4.063	4.377	5.158	4.49	4.974	2.246	3.062	2.97	2.896	3.228	2.855	2.842	3.597	2.109	2.914	5.103	3.769	0.31	0.078	0.064	0.653	0.556	3.357	-0.588	-0.514	-0.859	-0.622	-0.089	1.617	1.637	1.413	1.837	1.619	1.767	1.484	-0.066	0.539	1.482	2.238	1.833
"YGR290W"	-0.078	4.054	2.3	2.169	1.229	1.599	2.897	3.437	2.332	1.65	1.231	1.667	1.444	1.852	1.153	1.348	1.015	1.738	2.418	1.868	0.074	-0.655	-0.44	-0.347	-0.1	0.282	-0.099	0.353	-0.157	-0.281	0.124	-0.037	-0.466	0.017	-0.451	0.438	0.674	0.513	0.0	0.895	0.489	3.293	2.545
"YHR052W"	-0.288	-4.199	-3.017	-2.239	-2.075	-2.236	-2.282	-2.598	-2.571	-2.565	-2.428	-1.756	-1.903	-3.435	-2.249	-2.245	-2.297	-2.182	-2.764	-1.203	0.119	0.517	0.643	0.735	0.345	-1.882	0.413	0.343	0.158	0.128	0.414	-0.191	0.622	-0.425	0.413	0.72	-0.22	-0.57	-0.121	NaN	-0.613	-3.47	-2.114
"YHR066W"	-0.286	-4.885	-2.062	-1.572	-1.589	-1.438	-1.792	-3.164	-2.064	-2.974	-2.008	-1.599	-1.064	-2.742	-1.611	-1.41	-1.569	-1.879	-2.539	-1.923	0.466	0.698	0.741	0.716	0.628	-1.372	0.501	0.41	-0.231	-0.207	0.449	0.133	-0.312	-0.167	0.426	-0.11	-0.206	0.043	-0.206	-0.59	-1.489	-2.382	-1.908
"YHR128W"	-1.606	-4.359	-3.335	-2.68	-3.111	-3.159	-3.742	-4.967	-2.386	-3.351	-3.988	-3.361	-3.012	-2.2	-2.425	-3.051	-3.482	-3.191	-3.494	-3.516	0.062	-0.376	-0.632	-0.792	-0.789	-1.769	0.916	0.596	0.27	0.315	-0.322	-0.614	0.077	0.01	-0.432	-0.85	-0.285	-0.683	-0.145	0.08	-0.213	-2.552	-2.571
"YIL045W"	1.113	4.837	3.725	3.789	4.285	5.025	4.058	4.605	2.699	2.691	2.176	2.2	2.313	4.236	3.986	4.311	4.378	4.139	3.804	2.963	-0.009	0.348	0.494	0.571	0.574	2.832	0.573	-0.268	0.154	0.261	-0.194	1.352	0.914	1.201	1.431	1.681	1.541	1.717	0.043	0.305	1.059	3.875	2.985
"YIL101C"	1.778	4.085	3.455	3.613	3.609	3.977	2.863	4.152	3.241	2.324	2.418	1.78	1.936	1.742	2.114	3.227	2.8	4.566	4.346	4.03	0.046	-0.403	-0.242	0.074	0.116	3.301	-0.624	-0.805	-0.431	-0.449	0.068	0.04	0.2	0.375	0.331	-0.065	0.381	-0.247	0.289	1.187	1.2635	2.0685	1.6855
"YIR012W"	-0.85	-4.7	-3.151	-2.338	-2.719	-2.544	-2.595	-3.791	-1.978	-2.614	-2.412	-2.137	-2.092	-1.585	-1.366	-1.684	-1.486	-1.547	-2.217	-2.528	0.194	-0.04	0.29	0.032	0.0	-1.751	0.396	0.202	-0.138	0.062	0.076	-0.869	-0.528	-0.967	-0.572	-0.672	-0.098	-0.9	-0.153	-1.118	-0.782	-3.439	-2.222
"YJL066C"	1.51	3.176	3.323	3.479	2.755	2.79	3.462	4.019	1.801	1.811	1.934	1.663	1.583	2.344	1.306	2.029	2.063	3.576	3.436	2.791	-0.228	-0.151	0.014	-0.301	0.011	2.401	-0.246	-0.4	-0.372	-0.249	0.615	0.77	0.903	0.782	0.932	1.128	0.6	0.339	0.177	1.547	1.879	4.144	3.6
"YJL069C"	-0.617	-4.742	-2.843	-2.261	-2.587	-2.233	-2.386	-3.072	-2.299	-1.49	-2.566	-2.033	-1.513	-2.694	-1.774	-1.863	-1.855	-1.613	-1.653	-2.017	-0.09	-0.075	0.328	0.193	0.027	-0.549	0.299	0.174	-0.103	0.114	0.127	-0.145	-0.052	-0.509	-0.332	-0.143	0.072	-0.142	-0.101	-1.483	-1.21	-2.354	-1.803
"YJL089W"	1.415	2.649	4.029	4.143	3.668	4.121	3.826	2.369	1.02	1.116	2.622	4.32	3.217	4.08	4.024	3.242	4.847	3.42	3.102	2.61	0.134	-0.04	0.044	0.213	0.102	2.382	-0.006	0.369	0.138	0.109	0.224	0.393	0.644	0.75	0.372	1.048	1.051	1.426	-0.536	1.247	1.602	0.1675	2.7575
"YJL103C"	0.688	3.518	3.541	3.739	3.366	3.386	3.31	4.161	2.515	1.735	2.684	2.107	1.985	3.108	2.803	2.436	3.198	3.063	3.151	2.006	-0.094	-0.126	-0.219	-0.175	0.252	0.352	-0.638	0.552	-0.318	-0.064	0.611	-0.082	0.193	0.283	-0.515	0.192	0.462	-0.122	-0.495	-0.3985	0.1	2.897	3.1435
"YJL141C"	0.38	3.509	2.039	1.989	2.212	2.328	2.273	2.708	2.43	2.008	1.927	1.804	1.28	0.979	1.012	1.856	1.968	2.217	2.333	2.128	-0.226	-0.047	-0.018	-0.111	-0.109	1.359	-0.47	-0.755	0.011	-0.156	0.447	0.537	0.608	0.111	0.508	0.943	0.778	0.38	-0.639	1.079	0.587	3.165	1.852
"YJL157C"	-0.778	-2.634	-0.695	-1.69	-1.634	-1.708	-0.962	-3.548	-3.065	-2.404	-1.403	-2.54	-2.599	-0.111	-1.274	-1.008	-2.535	-3.198	-3.396	-3.219	0.018	-0.328	-0.621	-0.91	-0.692	-1.339	0.276	-0.038	0.267	0.284	0.693	-0.549	-0.367	0.371	-0.759	-0.315	-0.093	-0.852	0.46	0.398	-0.626	-0.879	-0.388
"YJL164C"	1.269	2.713	2.389	2.642	3.115	3.387	3.53	3.922	1.602	2.024	1.678	1.178	1.432	1.968	2.744	2.975	3.214	3.039	3.766	3.209	0.116	0.813	0.542	0.284	0.453	1.964	-0.38	-0.611	-0.057	-0.018	0.593	0.165	0.053	0.156	-0.124	-0.056	-0.057	-0.193	-0.25	0.436	0.808	1.499	1.742
"YJL166W"	1.485	3.137	3.667	3.5	3.101	2.498	3.751	3.849	2.392	2.57	2.339	2.197	2.526	3.028	2.833	2.507	2.963	3.264	3.664	3.32	0.021	-0.569	-0.759	-0.617	-0.422	1.113	-0.484	-0.278	-0.388	-0.473	-0.134	0.187	0.165	0.115	-0.405	0.18	0.058	1.102	-0.242	-1.317	-1.091	2.806	3.428
"YJL189W"	-0.38	-3.545	-2.317	-2.319	-2.282	-1.647	-1.644	-2.901	-1.433	-2.446	-2.278	-1.716	-1.833	-3.49	-1.87	-1.78	-2.141	-1.577	-2.282	-2.837	-0.058	0.183	0.175	0.007	0.205	-1.034	0.746	1.027	0.175	0.302	-0.609	-0.892	-0.38	-0.9	-0.827	-0.749	-0.628	0.241	-0.39	-1.441	-1.166	-2.888	-2.522
"YJL221C"	0.16	2.795	2.403	2.926	2.899	1.331	1.289	1.46	1.809	1.723	2.396	2.034	1.365	1.53	1.706	1.16	1.231	1.388	0.87	0.959	0.437	0.237	0.092	0.278	0.181	1.132	-0.108	-0.155	0.298	0.183	-0.212	0.046	0.337	0.457	0.675	0.898	0.722	0.021	0.087	-0.023	0.463	2.415	2.217
"YJR036C"	0.766	2.23	1.245	1.621	1.34	1.965	1.65	-0.146	2.577	1.74	1.821	1.165	0.856	0.687	0.849	1.73	1.78	0.536	0.256	-0.101	0.129	-0.146	0.262	-0.055	-0.124	1.428	-0.765	-0.409	-0.39	-0.302	-0.415	-0.038	0.642	0.206	0.242	0.332	0.542	0.401	-0.267	0.023	0.759	1.871	0.583
"YKL085W"	1.702	4.338	4.621	4.735	3.853	2.829	3.112	1.63	2.486	2.52	2.675	1.921	2.371	3.733	3.587	2.72	2.135	1.338	1.027	0.711	-0.293	0.41	0.385	0.428	0.598	1.962	-0.004	-0.295	-0.173	-0.064	0.406	0.661	-0.359	0.404	0.301	0.2	0.297	-0.126	0.02	0.615	0.746	2.917	3.615
"YKL099C"	-0.329	-4.145	-2.015	-2.146	-1.585	-1.353	-1.537	-1.671	-2.094	-2.585	-1.842	-1.608	-2.099	-3.26	-1.746	-1.419	-1.618	-0.653	-3.165	-2.644	0.19	0.581	0.541	0.829	0.496	NaN	0.804	0.921	0.41	0.511	-0.211	-0.716	-0.453	-0.105	-1.425	-1.091	-0.939	-0.605	-0.595	-1.206	-0.662	-3.486	-1.59
"YKL124W"	0.879	1.903	1.965	2.202	2.028	2.103	2.176	2.289	1.521	1.344	1.974	1.638	1.21	2.162	1.862	2.086	2.271	2.09	2.043	1.423	0.027	0.318	0.377	0.382	0.215	1.337	-0.062	-0.479	0.037	0.06	0.466	0.819	0.437	0.223	1.251	0.76	0.369	0.452	-0.017	0.061	0.496	1.068	-1.708
"YKL127W"	-1.285	-1.313	-1.659	-1.282	-1.191	-2.564	-1.474	-3.89	-0.355	-1.273	-1.132	-1.708	-1.963	-0.726	-0.161	-0.069	-1.171	-1.956	-2.206	-1.858	-0.364	-0.071	-0.121	-0.277	-0.2	-1.461	-0.048	-0.568	0.205	0.083	-0.551	-0.168	-0.337	-0.282	-0.041	-0.157	-0.388	-1.005	-0.025	-0.571	-0.988	-1.425	-1.334
"YKL143W"	-0.472	-4.748	-1.715	-2.281	-1.954	-1.458	-1.805	-2.312	-0.927	-2.756	-2.421	-1.691	-1.745	-2.734	-1.821	-1.815	-1.965	-2.215	-3.005	-2.585	0.06	0.243	0.393	0.503	0.468	-1.367	0.761	0.945	0.249	0.549	0.249	0.54	0.418	0.107	0.37	0.118	-0.201	0.216	-0.394	-0.493	-1.373	-3.914	-2.07
"YKL172W"	-0.071	-4.354	-2.219	-1.661	-1.733	-1.845	-1.457	-2.813	-2.106	-2.545	-1.257	-1.964	-1.426	-3.248	-1.664	-1.613	-2.079	-2.271	-2.723	-3.135	0.34	0.503	0.667	0.589	0.485	-1.592	0.126	0.633	-0.508	-0.397	0.078	0.219	-0.427	-0.255	0.625	-0.284	-0.481	-0.573	0.056	-0.422	-0.057	-3.42	-2.734
"YKL187C"	2.618	3.195	4.289	4.917	4.657	5.015	3.151	5.575	1.311	1.255	3.166	3.771	3.338	1.695	3.45	2.909	2.31	4.717	5.088	4.51	-0.094	-0.065	-0.229	-0.15	-0.063	2.083	-0.137	0.441	0.085	0.11	0.16	0.314	-0.487	0.227	-1.331	0.368	0.622	0.404	-0.381	0.467	1.182	2.958	3.799
"YKL201C"	0.163	1.444	0.633	0.669	0.934	1.725	1.49	1.374	1.186	1.761	2.608	1.361	2.119	0.762	1.329	1.425	1.551	-0.229	-0.533	-0.35	0.455	0.081	0.17	-0.237	0.21	0.729	-0.014	0.038	-0.12	-0.044	0.773	0.132	-1.092	0.491	-0.666	-0.216	0.124	0.146	0.033	-0.12	0.184	1.571	0.966
"YKL217W"	2.059	5.715	6.332	5.482	5.515	5.188	5.504	6.057	4.078	3.919	4.968	4.881	4.935	5.204	5.036	4.489	4.2	6.184	7.178	6.94	0.102	-0.497	-0.588	-0.491	-0.347	3.157	-0.493	-0.077	-0.077	-0.255	0.019	-0.193	-0.099	-0.085	0.213	0.174	0.283	-0.045	-0.214	0.201	1.461	3.813	6.592
"YKR081C"	-0.991	-4.081	-2.662	-2.469	-1.772	-1.667	-1.821	-2.08	-2.99	-3.278	-2.505	-1.918	-1.782	-3.734	-2.064	-2.119	-2.118	-2.282	-2.696	-2.515	0.336	0.3	0.418	0.602	0.371	-1.349	0.547	0.467	-0.272	-0.343	0.287	-0.457	-0.527	-0.248	-0.563	-0.332	-0.149	-0.389	-0.129	-0.09	-0.167	-3.261	-2.433
"YLL008W"	-1.155	-5.659	-3.509	-3.627	-2.64	-2.165	-3.282	-2.899	-1.333	-2.364	-2.55	-1.847	-2.162	-3.473	-2.41	-2.154	-2.612	-2.386	-2.487	-2.92	-0.01	0.238	0.101	0.158	0.17	-1.906	0.686	0.865	-0.051	0.215	0.039	-0.527	-1.012	0.082	-1.449	-1.307	-1.169	-0.95	-0.472	-0.921	-1.089	-3.042	-2.072
"YLL011W"	-0.759	-4.731	-2.872	-2.311	-2.362	-2.077	-2.646	-1.781	-2.312	-3.053	-2.081	-1.708	-1.637	-3.178	-1.717	-1.771	-1.944	-2.156	-2.442	-2.375	0.087	0.309	0.474	0.385	0.067	-1.767	0.315	-0.084	0.007	-0.04	1.287	-0.448	-0.623	-0.354	0.052	-0.322	-0.767	-0.266	0.244	-0.706	-0.879	-2.793	-2.117
"YLL019C"	0.6475	1.971	1.624	2.0355	1.832	1.8805	1.9865	2.1885	1.102	1.0635	1.257	1.021	0.6375	1.397	1.255	1.789	1.8515	1.9515	1.767	1.3115	0.013	0.0055	0.0245	-0.0045	-0.1305	1.933	-1.266	-1.688	-0.892	-1.067	-0.049	0.53	-0.825	0.335	0.564	0.635	0.54	0.362	0.397	0.008	0.663	2.511	2.838
"YLL041C"	1.796	4.794	5.323	5.655	5.102	4.997	4.796	5.281	2.48	2.342	2.74	2.712	2.855	4.827	4.436	3.693	3.746	4.25	4.703	3.334	-0.018	-0.717	-0.814	-0.4	-0.343	3.417	-0.385	-0.765	-0.119	-0.191	0.077	0.853	0.754	0.522	0.759	0.866	0.534	-0.246	0.42	-0.183	0.879	3.781	4.867
"YLR009W"	-0.705	-4.675	-2.624	-2.259	-2.408	-1.898	-2.126	-2.518	-2.555	-2.737	-2.637	-1.705	-1.838	-3.455	-2.226	-1.984	-2.757	-2.555	-3.216	-2.799	-0.064	0.143	0.159	0.256	0.043	-1.779	0.582	0.808	0.014	0.138	-0.127	-0.413	0.546	-0.202	1.329	0.476	-0.318	-0.027	0.376	NaN	0.364	-3.361	-1.953
"YLR080W"	1.0	3.763	2.791	3.297	2.362	3.432	3.611	3.168	2.175	2.08	2.806	2.127	0.33	3.202	2.737	2.751	3.282	1.003	3.666	3.327	-0.079	0.848	0.671	0.837	0.651	1.385	-0.409	-0.239	-0.186	-0.265	0.163	0.9	0.624	0.371	1.152	0.657	0.399	0.012	-0.289	0.286	0.719	2.514	1.731
"YLR152C"	0.472	3.02	3.055	3.169	2.494	2.878	3.394	2.332	1.06	1.266	2.246	2.27	1.941	3.177	2.356	2.243	2.305	2.593	2.377	1.395	0.225	0.154	0.202	-0.031	-0.048	1.466	-0.6	-1.007	-0.37	-0.361	-0.184	0.17	0.169	-0.266	0.537	0.023	-0.083	-0.964	0.209	-0.377	-0.177	2.323	1.938
"YLR161W"	0.339	NaN	2.484	3.531	1.412	4.592	3.318	5.255	2.037	NaN	-0.334	1.371	1.063	1.384	1.516	1.978	1.315	3.058	3.585	3.072	-0.001	-0.156	-0.141	-0.05	0.122	1.423	-0.03	0.314	0.062	0.122	-0.156	0.6	-0.428	0.511	0.547	0.617	0.489	-0.031	-0.111	0.698	0.944	0.674	1.448
"YLR174W"	2.874	4.526	5.843	6.653	5.651	5.451	5.447	4.487	2.507	3.793	4.275	5.023	5.765	5.205	4.807	3.605	4.155	3.221	3.353	1.759	-0.06	0.442	-0.025	0.312	0.208	2.778	0.032	-0.104	0.172	0.053	0.464	0.424	0.628	0.785	0.443	0.915	0.89	0.472	-0.322	-1.616	-0.47	0.607	4.301
"YLR285W"	-1.138	-1.869	-2.182	-1.541	-1.6	-2.207	-2.41	-2.874	-0.966	-1.67	-1.819	-1.263	-1.846	-1.742	-1.842	-2.107	-2.586	-2.037	-2.315	-2.333	0.015	0.165	0.095	-0.095	-0.097	-1.738	-0.078	0.129	-0.062	-0.144	-0.481	-1.142	-0.297	-0.875	-1.138	-1.131	-0.654	-0.612	-0.138	-0.697	-0.509	-1.797	-1.601
"YLR301W"	-1.068	-2.642	-2.4	-1.622	-1.91	-1.953	-1.84	-3.676	-0.672	-1.53	-1.429	-1.605	-2.439	-1.555	-1.36	-0.925	-1.325	-2.581	-2.218	-2.268	0.196	0.527	0.289	0.07	0.273	-1.83	0.031	0.541	0.362	0.201	-0.699	-0.044	0.627	0.659	-0.587	-0.127	0.058	-0.043	0.029	-0.383	-0.545	-1.291	-1.45
"YLR345W"	0.316	3.284	2.557	2.973	2.201	2.879	2.964	4.453	2.564	2.391	1.773	1.801	1.588	2.784	2.404	2.672	2.873	4.165	4.077	3.495	-0.333	0.737	0.52	0.421	0.398	2.882	-0.439	-0.562	0.213	-0.159	-0.021	0.563	0.498	0.749	1.154	0.714	0.71	0.368	-0.197	0.777	0.698	2.961	2.519
"YLR413W"	-2.452	-4.758	-4.864	-5.057	-4.832	-4.874	-5.063	-5.414	-2.534	-3.237	-3.865	-3.034	-3.629	-4.176	-4.488	-4.358	-4.993	-4.2	-4.656	-4.874	0.009	-0.499	-0.57	0.032	0.446	-3.737	0.907	-0.503	0.359	-0.052	0.441	-0.163	-0.063	-0.269	-0.605	0.038	0.738	0.373	0.476	-0.336	-0.09	-4.449	-4.04
"YLR448W"	-1.597	-4.815	-3.882	-3.116	-3.083	-2.052	-2.688	-3.552	-1.842	-3.425	-3.454	-3.179	-2.573	-4.891	-2.352	-2.521	-2.621	-2.668	-3.192	-4.132	0.011	-0.059	-0.056	-0.08	-0.167	-2.337	0.622	0.545	-0.043	-0.066	-0.052	-0.072	0.045	-1.42	0.114	-0.452	-1.395	-0.393	0.054	-1.149	-1.018	-4.791	-4.505
"YMR110C"	0.837	3.925	3.346	3.746	3.565	3.434	2.517	3.724	2.734	2.473	2.516	2.338	1.885	4.042	3.217	2.995	3.422	3.777	2.927	1.682	-0.312	0.018	0.017	-0.1	0.029	2.645	-0.244	-0.572	-0.016	-0.016	0.158	1.062	0.64	1.029	0.687	1.339	1.079	0.089	0.199	-0.471	0.792	3.64	3.462
"YMR123W"	-1.091	-3.098	-1.897	-1.503	-2.225	-2.491	-2.616	-2.374	-1.409	-2.235	-1.468	-1.286	-1.465	-0.767	-1.385	-1.907	-1.372	-1.615	-1.137	-1.512	-0.083	-0.112	-0.207	-0.144	-0.297	-1.653	0.587	0.623	0.321	0.303	-0.13	-0.76	-0.32	-0.628	-0.592	-0.564	-0.655	-0.347	0.269	0.216	0.588	-1.533	-1.272
"YMR130W"	-0.83	-2.063	-1.784	-1.864	-1.924	-1.614	-1.215	-1.972	-1.1	-1.058	-1.571	-0.671	-1.168	-1.858	-1.422	-1.36	-1.47	-2.339	-2.247	-2.295	-0.001	0.481	0.349	0.306	0.434	-1.328	-0.035	-0.196	-0.077	0.0	-0.261	-0.25	0.226	-0.29	-0.216	-0.099	0.049	-0.274	-0.921	-0.615	0.123	-1.106	-1.807
"YMR206W"	1.33	5.096	5.169	3.275	4.362	3.877	2.807	3.162	3.54	4.576	4.842	3.871	3.132	2.814	1.753	2.511	2.652	3.484	3.712	3.871	0.28	-0.526	-0.779	-0.27	-0.38	3.1365	0.095	0.624	0.244	0.095	-0.003	-0.194	-0.547	0.403	0.301	-0.245	0.397	0.327	0.2195	-0.351	1.263	5.241	5.047
"YMR229C"	-1.0025	-6.1495	-3.5335	-3.765	-2.743	-2.443	-2.304	-4.4055	-1.395	-2.914	-2.1435	-2.161	-2.184	-4.826	-2.78	-2.897	-2.0525	-3.7195	-3.685	-3.93	0.0125	-0.3515	-0.147	-0.163	-0.113	-1.93833333333333	0.1485	0.409	0.1115	0.0305	-0.2775	-0.629	-0.187	-0.6865	-0.2345	-0.4825	-0.351	-0.378	-0.221333333333333	-1.469	-1.96	-3.9575	-2.553
"YMR239C"	-0.434	-4.414	-2.819	-2.693	-2.296	-1.587	-2.209	-2.176	-2.129	-2.372	-1.709	-0.975	-0.587	-3.095	-1.885	-1.474	-1.516	-2.236	-2.42	-2.415	-0.205	-0.005	0.254	0.196	-1.0	-0.932	0.392	0.319	0.125	0.169	0.136	0.488	-0.379	-0.269	0.827	-0.15	-0.267	-0.586	0.188	-1.03	-0.471	-4.048	-2.804
"YMR280C"	0.535	3.7995	1.909	1.25	0.0175	1.2795	1.7495	3.61	1.4535	0.7335	0.997	1.4545	0.3395	1.352	1.042	1.179	0.8585	2.368	2.349	2.0645	-0.123	-0.3445	-0.122	-0.2195	0.049	1.665	-0.131	-0.235	-0.156	0.027	-0.092	0.019	0.611	0.125	-0.449	0.439	0.384	-0.015	-0.46	-0.48	-0.882	2.529	2.4
"YMR308C"	-0.88	-1.769	-1.565	-1.814	-1.324	-1.165	-1.375	-3.091	-1.985	-1.731	-1.443	-0.193	-1.36	-2.386	-1.539	-2.014	-1.774	-2.239	-2.796	-2.451	0.006	-0.127	-0.093	-0.154	0.001	-1.504	-0.222	-0.679	-0.523	-0.351	0.111	-0.394	-0.241	-0.656	-0.694	-0.565	0.234	-0.456	0.8845	-0.52	-0.349	-2.061	-1.659
"YNL009W"	1.032	2.337	2.658	3.346	3.36	3.931	2.976	3.672	2.261	2.636	1.965	2.771	2.567	2.794	3.455	2.625	2.456	4.699	4.803	3.897	-0.046	0.096	0.133	0.208	0.192	2.142	0.221	-0.033	0.47	0.374	0.116	0.45	0.435	0.627	0.272	0.758	0.164	0.305	-0.2245	0.548	0.885	2.736	2.572
"YNL015W"	2.356	4.235	4.867	4.844	4.633	3.952	3.875	1.45	2.852	3.342	3.085	2.745	2.338	2.964	3.342	2.817	2.895	1.234	1.369	0.212	0.47	0.157	-0.221	-0.417	-0.313	2.301	-0.514	-0.388	-0.554	-0.656	0.259	0.671	0.173	0.66	0.41	0.387	0.22	0.933	0.385	1.738	0.587	2.634	3.327
"YNL062C"	-0.383	-4.157	-2.785	-2.295	-2.256	-1.556	-2.835	-3.07	-1.298	-2.304	-2.254	-1.829	-2.065	-2.028	-1.559	-1.91	-1.803	-1.717	-2.639	-2.206	-0.003	0.245	0.334	0.266	-0.064	-1.7035	0.831	0.876	0.533	0.44	0.166	-0.258	0.065	-0.198	0.415	-0.103	0.535	0.42	-0.448	-0.698	-0.69	-2.838	-2.509
"YNL074C"	-0.733	0.651	0.981	0.92	0.93	1.266	1.485	2.392	1.015	0.719	1.022	0.702	0.294	1.432	1.189	1.174	2.135	2.203	1.714	1.192	-0.119	0.259	0.12	0.19	0.473	1.108	-0.077	-0.463	-0.261	-0.394	-0.223	0.518	0.081	0.337	0.834	0.449	0.115	-0.406	0.5135	0.205	0.432	1.209	1.13
"YNL096C"	-1.968	-4.113	-3.765	-3.642	-3.235	-2.81	-3.616	-4.038	-2.087	-3.331	-3.045	-2.761	-3.165	-4.716	-2.906	-2.776	-3.041	-3.644	-4.096	-4.68	-0.057	-0.231	-0.312	-0.405	-0.312	-2.8625	0.748	0.827	0.115	0.04	-0.187	-0.285	-1.281	-2.002	0.429	-0.971	-2.211	-1.683	0.457	-1.444	-1.2	-3.087	-3.372
"YNL110C"	-0.485	-5.108	-3.05	-2.608	-1.92	-1.698	-2.472	-1.487	-1.55	-2.565	-1.986	-1.679	-1.126	-4.151	-2.141	-1.741	-2.144	-2.154	-2.985	-3.387	-0.088	0.147	0.292	0.37	0.286	-1.5895	0.835	1.101	-0.333	-0.305	-0.453	-0.636	0.148	-0.176	-0.828	-0.681	-1.0	-0.275	-0.2155	-0.588	-0.761	-4.747	-2.546
"YNL119W"	-0.865	-6.697	-3.692	-2.694	-2.909	-2.2	-3.337	-5.354	-1.542	-3.359	-3.366	-2.99	-2.998	-3.55	-1.753	-1.955	-2.206	-2.822	-2.843	-3.318	-0.324	-0.174	-0.058	0.008	-0.224	-1.92	0.677	0.859	0.084	0.018	-0.024	0.117	-1.117	-2.051	0.139	-1.199	-1.642	-1.118	0.235	-1.688	-1.362	-4.042	-2.748
"YNL162W"	-0.96	-3.953	-3.395	-3.14	-2.838	-2.175	-2.163	-2.858	-1.564	-2.86	-2.872	-2.421	-2.763	-3.999	-2.089	-2.0	-2.0	-1.742	-2.487	-3.468	-0.03	0.12	0.028	-0.006	0.199	-1.852	0.404	0.931	0.268	0.288	-0.514	-0.32	-0.462	-1.39	-0.732	-1.042	-1.242	-0.372	-0.014	-1.487	-1.402	-3.916	-3.323
"YNL175C"	-0.733	-4.877	-2.65	-2.975	-2.4	-2.146	-2.117	-2.872	-1.179	-2.575	-2.601	-2.327	-1.735	-4.587	-2.405	-2.804	-2.484	-2.404	-3.809	-2.849	0.344	0.084	0.211	0.411	0.191	-2.238	0.885	1.066	0.434	0.467	0.531	-0.674	-0.41	-0.103	-0.776	-0.44	-0.641	-0.136	0.5575	-0.517	-1.2945	-2.5475	-1.882
"YNL223W"	0.788	2.732	2.157	2.221	2.465	2.269	2.643	2.323	1.626	1.524	1.265	1.291	1.189	2.324	1.642	1.911	2.195	1.917	2.141	1.362	-0.006	0.243	0.239	0.107	0.032	1.2815	-0.153	-0.406	-0.315	-0.175	0.841	-0.144	0.335	-0.037	-0.037	0.315	0.286	0.561	-0.0145	0.281	0.206	1.485	1.367
"YNL313C"	-1.115	-4.999	-2.695	-2.073	-2.007	-1.538	-2.126	-3.628	-2.432	-3.129	-2.948	-1.668	-1.914	-2.839	-1.544	-1.333	-1.551	-2.01	-2.343	-2.518	0.106	0.014	0.14	0.065	-0.09	-1.051	0.121	-0.127	-0.053	-0.085	0.27	0.239	0.115	-0.276	0.1	-0.055	-0.308	0.072	-0.193	-1.821	-1.014	-3.85	-2.129
"YOR178C"	1.411	4.6505	3.5155	4.543	3.9715	4.7535	4.727	4.682	3.6495	2.579	2.623	2.2575	2.2275	3.591	4.802	5.508	5.525	6.246	5.242	4.229	0.291	-0.343	-0.206	-0.21	-0.292	3.538	0.048	-0.006	0.165	0.169	-0.24	0.865	0.738	0.648	1.504	1.204	1.532	0.753	0.499	0.075	0.379	2.364	0.468
"YOR215C"	1.614	3.394	2.4755	3.208	2.6435	3.4105	3.054	3.035	2.579	2.4185	2.5175	1.95	2.273	2.731	2.998	3.231	3.475	3.205	2.693	1.79	0.037	0.465	0.526	0.114	0.233	3.123	-0.499	-0.406	-0.452	-0.522	-0.126	1.301	0.689	1.066	0.615	0.849	0.466	0.479	0.319	-0.282	-0.212	2.944	2.872
"YOR220W"	1.055	3.7725	2.959	2.657	2.843	2.673	3.276	4.0665	3.0705	3.113	2.4945	2.2515	2.808	3.838	3.019	2.692	2.751	3.747	4.082	3.593	-0.504	0.628	0.592	0.486	0.614	1.74	-2.157	-2.522	-1.503	-1.473	0.2	0.461	0.878	0.315	0.181	0.518	0.036	-0.15	0.369	-0.408	-0.439	2.732	3.108
"YOR374W"	1.504	3.814	3.737	4.2695	4.754	3.1765	3.3555	3.698	4.1485	3.9755	3.781	2.6075	2.5315	3.599	4.099	3.282	3.321	4.706	4.36	3.79	-0.468	-0.242	-0.175	-0.256	-0.371	3.59	-0.426	-0.979	-0.172	-0.137	-0.371	0.805	0.42	0.798	0.461	0.545	0.555	-0.454	0.514	-0.545	0.197	4.363	3.921
"YPL043W"	-0.646	-4.668	-2.8315	-2.8295	-2.0985	-2.036	-2.04	-2.4695	-2.2635	-3.157	-2.2695	-1.9305	-2.047	-3.89	-2.277	-2.069	-2.134	-1.995	-2.623	-2.739	-0.112	-0.064	0.141	-0.107	-0.004	-1.87	0.431	0.637	-0.083	0.023	-0.013	-0.919	-0.465	-0.825	-0.87	-0.45	-0.1	-0.168	-0.171	-1.45	-1.238	-4.308	-2.784
"YPL044C"	-0.896	-4.1695	-2.458	-2.0485	-1.6585	-1.769	-1.773	-2.688	-2.6385	-3.256	-2.8325	-2.0175	-1.7795	-3.164	-2.194	-2.405	-1.877	-1.454	-2.06	-1.739	-0.198	0.057	-0.063	0.222	0.114	-1.02	0.054	0.313	-0.066	-0.257	-0.029	-1.022	-0.592	-0.738	-1.167	-1.036	0.255	-0.072	0.063	-0.142	-0.98	-2.954	-2.261
"YPL054W"	1.771	3.8355	5.1395	4.8575	4.304	5.5145	5.759	5.7125	4.7285	4.3245	5.1485	4.589	0.651	5.006	4.065	4.256	4.91	5.184	5.018	3.449	0.201	-0.229	-0.21	-0.162	0.276	4.457	-0.694	-0.568	-0.207	-0.275	-0.195	1.395	1.221	1.141	1.783	1.614	1.614	1.155	0.15	1.236	1.269	2.927	3.741
"YPL068C"	-0.495	-2.2615	-1.6305	-1.6865	-1.5695	-1.6425	-1.387	-1.9875	-1.535	-1.6175	-1.406	-1.3215	-1.4815	-2.515	-1.564	-1.617	-1.192	-2.329	-2.021	-2.076	0.006	-0.746	-0.477	-0.316	-0.453	-1.088	-0.032	-0.283	0.278	0.298	0.283	-0.346	0.47	-0.564	-0.863	-0.03	0.241	0.274	0.446	-0.185	0.384	-2.503	-1.918
"YPL079W"	-1.022	-4.616	-4.1965	-3.787	-3.3525	-2.3565	-2.6495	-3.892	-1.7255	-3.085	-3.172	-3.0255	-3.112	-4.735	-2.781	-2.741	-3.087	-3.015	-3.498	-4.547	0.031	-0.206	-0.155	-0.188	0.039	-1.673	0.853	0.858	0.284	0.34	-0.364	-0.808	0.074	-1.602	-0.761	-0.368	-1.394	-0.331	0.097	-1.659	-1.505	-3.573	-3.431
"YPL081W"	-0.796	-4.5065	-3.3595	-3.199	-3.083	-2.508	-3.086	-3.4025	-1.7785	-2.5355	-2.916	-2.428	-2.3315	-4.022	-2.461	-2.849	-2.929	-2.789	-2.909	-3.725	0.099	-0.06	-0.13	-0.146	-0.121	-1.844	0.658	0.638	0.145	0.101	0.353	-0.335	-0.682	-0.777	-0.555	-0.881	-0.972	-0.554	0.115	-1.421	-1.616	-3.939	-2.717
"YPL114W"	1.0	1.3775	1.1775	1.119	1.75	1.4555	0.8925	1.1015	1.413	1.5285	1.4575	1.0655	0.956	0.968	1.41	0.193	0.64	0.993	0.68	0.296	-0.077	-0.145	-0.164	-0.191	0.06	0.98	0.231	0.103	0.006	0.052	-0.42	-0.219	0.596	-0.007	0.33	0.542	0.467	0.168	-0.214	-0.341	-0.494	0.729	0.097
"YPL147W"	1.0	2.51633333333333	2.51233333333333	3.635	3.046	3.802	3.194	5.74466666666667	3.24133333333333	2.73866666666667	2.89133333333333	2.694	2.44766666666667	2.811	2.8035	2.074	2.4785	4.8195	4.6645	4.599	-0.0485	0.181	0.0115	0.0835	0.0295	2.8235	-0.616	-0.293	0.081	0.002	-0.0505	0.7505	0.3785	0.4905	0.7695	0.4645	0.6665	0.8205	-0.2195	0.796	2.987	1.753	0.257
"YPL183C"	-0.807	-3.014	-2.069	-1.767	-1.5955	-1.8275	-1.544	-4.1755	-2.0945	-2.1075	-1.7485	-1.7965	-2.531	-2.335	-1.757	-1.735	-1.38	-2.512	-2.745	-3.056	-0.103	-0.371	-0.129	-0.275	-0.404	-1.146	0.196	-0.031	-0.062	-0.178	-0.181	-0.382	-0.383	-0.419	-0.658	0.078	-0.011	0.094	-0.934	-0.129	0.0305	-2.8755	-2.0785
"YPL198W"	-0.931	-4.269	-3.194	-2.836	-2.46	-2.218	-2.395	-4.3605	-1.632	-3.4825	-3.3185	-3.022	-2.766	-3.875	-2.024	-2.227	-2.449	-2.487	NaN	-3.133	-0.237	-0.199	-0.174	-0.254	-0.463	-1.633	0.739	0.573	0.352	0.283	0.052	-0.556	-0.577	-1.048	-0.075	-1.049	-1.188	-0.414	0.16	-1.3935	-1.1185	-3.4955	-4.5575
"YPL211W"	-0.152	-5.5605	-3.5535	-3.356	-3.4755	-2.914	-3.869	-4.4555	-3.234	-3.216	-3.3805	-3.046	-3.121	-4.129	-2.485	-2.918	NaN	-3.267	-2.652	-2.337	-0.02	-0.245	-0.073	-0.005	-0.144	-2.25	0.682	0.724	0.407	0.451	-0.8	-1.103	-0.167	-0.975	-1.441	-1.092	-0.847	-0.902	-0.582	-1.644	-1.923	-3.981	-2.743
"YPL219W"	0.214	1.7685	0.9655	1.0695	-0.056	1.499	1.0455	0.9205	1.754	0.9905	0.4175	0.7	0.525	1.265	0.977	1.412	1.321	1.095	0.955	0.643	-0.061	-0.244	-0.162	0.05	-0.074	1.282	-0.009	-0.043	0.09	-0.023	-0.243	0.399	-0.48	0.272	0.466	0.429	0.392	0.319	0.158	-0.624	0.26	1.582	1.441
"YPL226W"	-1.114	-4.86566666666667	-3.38066666666667	-2.57633333333333	-2.407	-1.80333333333333	-2.21533333333333	-3.95033333333333	-2.84333333333333	-3.37333333333333	-2.503	-2.786	-2.922	-4.0095	-2.363	-2.3985	-2.8955	-3.407	-2.9025	-3.983	-0.0735	-0.397	-0.0845	-0.2905	-0.2985	-1.7375	0.141	-0.328	-0.148	-0.0335	-0.1745	-0.475	-0.544	-0.5535	-1.258	-0.798	-0.542	-0.8915	0.128	-1.494	-0.68	-3.811	-3.004
"YPL230W"	1.218	5.7835	4.1855	4.254	4.299	4.5545	5.401	6.6385	3.777	4.669	3.9765	3.797	3.6845	4.417	4.265	4.16	3.897	5.844	6.611	5.087	-0.203	-0.088	-0.453	-0.07	-0.088	2.633	-0.827	-1.052	-0.408	-0.552	0.274	0.769	-0.205	0.679	0.6	1.153	1.038	0.541	0.514	2.539	2.006	-1.432	1.055
"YPR001W"	0.843	1.917	3.0525	4.424	4.3615	4.5105	2.722	5.855	1.1355	1.419	1.174	2.076	1.8285	2.313	4.226	1.274	2.072	5.929	4.205	2.415	0.202	-0.147	-0.082	0.13	0.174	1.947	0.147	0.146	-0.177	-0.036	-0.491	-0.705	-0.351	-0.091	-0.431	-0.137	0.157	0.235	-0.117	-0.714	-0.223	-0.005	2.225
"YPR006C"	0.678	1.438	3.5645	3.262	4.219	1.5965	1.8145	3.0495	1.4595	1.7945	1.5415	3.017	2.138	1.982	2.182	1.0	1.461	3.572	2.115	1.501	0.152	0.0	-0.172	-0.106	0.076	1.807	-0.03	0.113	-0.124	-0.266	0.518	0.446	0.424	0.174	0.456	0.407	0.297	0.496	-0.146	0.6135	0.358	0.3585	1.44
"YPR015C"	0.348	2.095	2.541	2.7235	2.422	2.5075	2.691	-0.922	1.9255	1.4155	1.9635	1.704	1.173	1.322	1.382	1.784	1.722	0.907	0.974	-0.16	1.174	-0.283	-0.319	0.035	-0.671	1.287	-0.068	0.338	-0.3	-0.14	0.38	0.832	0.21	0.708	0.56	0.593	0.585	0.491	-0.021	0.649	1.1425	1.0515	1.847
"YPR026W"	0.585	3.8095	3.0925	3.4835	3.5355	3.8265	3.212	4.272	2.0895	1.8575	1.9465	1.637	1.72	3.247	3.097	3.589	3.048	3.736	3.344	3.193	-0.175	-0.295	0.101	-0.164	-0.293	1.986	-0.7	-0.863	-0.306	-0.386	-0.036	0.793	0.323	0.723	0.523	0.38	0.437	0.574	-0.266	0.03	0.3095	1.9425	1.644
"YPR110C"	-1.308	-5.7185	-3.423	-3.2115	-2.9215	-2.8345	-3.133	-3.662	-1.862	-3.01	-3.296	-2.285	-2.0215	-3.88	-2.186	-2.175	-2.703	-2.993	-3.212	-3.358	-0.091	0.029	0.041	-0.052	-0.042	-2.108	0.634	0.278	0.048	0.305	-0.446	-0.879	-0.708	-0.63	-0.794	-1.038	-1.217	-1.08	-0.481	-2.065	-2.061	-3.882	-3.113
"YPR144C"	-0.371	-3.855	-1.9705	-2.235	-1.9295	-0.6445	-1.9405	-3.129	-1.3485	-2.0425	-1.8885	-1.2035	-2.06	-2.256	-1.327	-1.4	-1.22	-1.687	-2.51	-2.411	0.207	-0.002	-0.043	-0.145	-0.039	-1.298	0.398	0.285	0.109	0.062	0.588	-0.471	-0.23	-0.302	-0.316	-0.183	-0.1	-0.21	-0.47	-0.682	-0.736	-3.937	-2.277
"YPR150W"	1.476	4.325	2.686	4.2075	3.338	3.983	3.526	6.801	3.449	3.608	4.3645	3.446	4.025	1.618	2.319	2.101	2.954	4.069	3.943	3.963	0.058	-0.814	-0.983	-0.825	-0.739	2.612	-0.227	0.118	0.097	0.071	0.313	0.899	0.831	0.827	1.166	0.855	1.034	1.437	-0.532	0.119	0.337	2.251	2.891
"YPR151C"	2.014	3.785	3.607	4.572	4.0445	4.539	4.7805	6.135	2.9855	3.702	4.264	3.353	-0.735	2.014	2.42	1.754	2.526	4.373	4.037	3.357	0.103	-0.694	-0.427	-0.671	-0.289	2.038	-0.278	0.021	-0.098	-0.123	-0.027	1.116	0.86	1.129	1.083	1.228	1.348	1.724	-0.509	-0.24	-0.162	1.69	1.869
