	"104.alpha factor release sample024"	"108.heat shock 15 min"	"109.heat shock 20 min"	"115.heat shock 20 min repeat"	"408.heat shock 29 to 37, 20 minutes"	"409.heat shock 25 to 37, 20 minutes"	"410.heat shock 21 to 37, 20 minutes"	"497.Heat Shock 000 minutes"	"854.YPD_6_h_30C"	"855.YPD_8_h_30C"	"857.YPD_12_h_30C"	"942.starv_in_H2O_1_h_30C"	"984.MHY1 (crt1) vs. CRY1 (wild type) - log phase"	"1107.alpha factor release sample025"	"1313.diauxic shift timecourse: 20.5 hr"	"4782.DBYtrr1 vs. wild type DBY7286"	"4872.1M sorbitol - 60 min"	"7759.Na 30min"	"7760.Na 45min"	"7761.Na 60min"	"7763.Na+FK 30min"	"7764.Na+FK 45min"	"7765.Na+FK 60min"	"8284.mcm1-1 + pRS315 vs wild type (strain 8354-8C)+ pRS315"	"8286.mcm1-1 +pRS-MCM7 vs. wild type + pRS-MCM7"	"12744.heat shock 17 to 37, 20 minutes"	"14081.FY2(B) vs. FY2(A) 23.5 hours"	"14763.Ca 60min (1)"	"15182.Ca 60min (2)"	"30773.Pomona/Brown Sir3x red"	"32253.DBY8778_heat_shock2_15min"	"33774.DBY8778(wt)_stationary_phase_7hours"	"33775.DBY8778(wt)_stationary_phase_9hours"	"33776.DBY8778(wt)_stationary_phase_1day"	"33779.delYPL230w_stationary_phase_5hours"	"33780.delYPL230w_stationary_phase_7hours"	"33781.delYPL230w_stationary_phase_9hours"	"33782.delYPL230w_stationary_phase_1day"	"42375.CC LS 3B Leucine-Sulfate Chemostat Comparison"	"42377.CC LS 3A Leucine-Sulfate Chemostat Comparison (scanner1)"	"42381.CC LS 2B Leucine-Sulfate Chemostat Comparison"	"42382.CC LS 2A Leucine-Sulfate Chemostat Comparison"	"42395.L2 CompR 07 hr 58 min Leucine Batch vs Chemostat Comparison"	"42396.L2 CompR 08 hr 58 min Leucine Batch vs Chemostat Comparison"
"YAL060W"	0.602	3.127	2.823	3.046	2.441	2.912	3.167	-1.841	3.323	2.145	1.345	2.349	-1.234	0.367	1.822	0.216	-0.2315	1.267	1.251	1.176	1.061	1.206	1.621	-0.127	0.394	3.49	0.016	0.741	0.948	0.049	3.722	4.066	3.57	2.107	4.051	3.973	3.24	2.801	0.8	-0.682	0.817	-1.096	0.158	0.156
"YAL061W"	-0.236	2.535	2.704	3.669	2.375	3.091	2.934	-1.811	2.434	2.275	3.891	2.83	-0.6515	-0.3825	0.992	0.288	-0.1725	2.273	1.809	1.759	1.486	1.972	2.529	0.953	0.604	4.292	0.239	-0.792	-0.746	0.156	3.915	3.698	3.424	3.359	4.782	4.091	3.465	3.555	-0.779	0.661	-0.819	0.765	0.385	0.049
"YBL072C"	0.298	-1.8	2.729	-2.148	-1.74	-2.905	-3.46	1.4025	-3.835	-3.367	-2.694	-3.06	0.7055	0.2455	-1.552	-0.378	0.611	-1.217	-1.917	-1.631	-0.871	-1.925	-2.018	-0.16	0.482	-2.881	-0.258	0.235	0.089	0.135	-1.92	-3.331	-2.84	-1.71	-1.857	-2.598	-2.041	-2.699	0.846	0.477	0.752	0.537	-0.217	-0.425
"YBL075C"	-0.059	4.479	0.922	3.87	4.157	5.141	5.008	-2.77	0.954	0.685	1.92	1.647	-0.044	-0.275	1.869	-0.076	0.0295	1.778	1.585	1.764	1.387	1.621	2.112	-0.452	-0.277	5.452	-0.372	-0.73	-0.359	0.241	5.998	4.531	4.407	5.162	4.062	4.722	3.951	5.537	0.072	-0.403	0.365	-0.233	-0.162	0.061
"YBL092W"	0.268	-1.265	-1.354	-1.775	-1.913	-2.682	-2.829	1.0255	-3.458	-3.598	-2.394	-3.0	0.6175	0.183	-0.455	0.236	0.097	0.656	1.17	-0.043	-1.442	-1.975	-1.804	-0.223	-0.583	-2.927	-0.384	0.497	0.29	0.092	-1.504	-2.124	-2.013	-1.866	-2.599	-2.171	-2.311	-3.174	0.029	0.102	-0.204	0.488	-0.575	-0.75
"YBR001C"	0.78	2.369	2.494	2.534	2.084	1.983	2.046	-1.102	2.619	2.187	1.769	1.543	-0.4125	-0.0985	2.034	-0.114	0.0165	0.564	0.979	0.687	0.504	0.653	0.873	-0.052	0.089	2.65	-0.12	0.263	0.421	0.024	1.791	2.763	2.003	1.557	3.111	2.161	1.915	1.4	-0.017	-0.472	0.083	0.193	0.431	0.174
"YBR006W"	-0.115	3.271	2.659	3.024	2.678	2.804	2.048	-1.886	3.576	3.209	3.213	2.034	-0.3655	-5.0E-4	1.755	0.454	0.2595	1.838	2.148	2.419	1.434	2.017	1.896	-0.038	0.026	2.587	-0.143	-0.282	0.154	0.128	1.282	1.48	2.54	2.604	2.608	3.032	2.083	2.261	-0.278	0.161	0.14	-0.885	0.45	0.167
"YBR126C"	0.397	3.891	3.737	3.477	3.311	3.665	3.498	-1.822	3.073	1.964	2.5	1.836	-1.181	0.0555	1.01	-0.15	-0.126	2.524	3.036	2.125	1.773	2.434	2.681	0.041	0.084	3.472	0.138	0.817	0.64	0.199	3.735	2.402	1.691	1.68	3.501	2.021	2.238	1.747	-0.061	0.038	-0.408	0.338	-0.128	-0.117
"YBR139W"	0.208	2.977	3.848	2.63	2.849	2.957	3.234	-1.384	3.123	2.458	1.974	1.636	-0.689	-0.3195	2.677	-0.309	-0.155	0.593	1.409	1.492	0.437	1.073	1.601	-1.133	-0.287	3.322	-0.819	0.822	1.049	0.138	2.237	3.063	2.319	1.317	3.026	2.805	1.931	1.564	-0.492	0.473	-0.027	0.641	0.795	0.646
"YBR169C"	0.22	4.417	4.276	3.912	3.511	4.74	4.912	-2.8235	4.752	3.04	3.661	3.01	-0.402	0.0745	2.411	0.185	0.299	3.373	3.262	3.628	2.595	2.596	2.631	0.686	0.504	4.295	-0.314	0.008	0.017	0.139	5.386	4.235	3.852	3.896	5.374	4.558	3.295	4.961	0.419	-0.373	0.095	-0.752	1.119	1.038
"YBR181C"	-0.061	-2.142	-1.997	-2.16	-2.256	-3.249	-3.825	1.236	-3.762	-3.149	-2.265	-3.3	0.736	0.253	-2.083	-0.173	0.2295	-1.739	-2.255	-1.478	-0.688	-1.846	-1.46	0.712	0.578	-3.584	-0.130666666666667	0.0315	0.389	-0.0605	-2.931	-3.618	-2.718	-2.109	-2.98	-3.274	-1.849	-2.601	0.607	0.79	0.511	0.442	-0.172	0.001
"YBR241C"	-0.202	3.084	-0.554	2.719	2.322	2.947	2.743	-1.688	3.303	3.763	4.068	2.04	-0.791	-0.3115	1.985	0.238	0.2675	1.635	2.473	2.175	0.974	1.565	1.969	0.551	0.54	3.139	-0.09	0.077	0.305	0.181	3.143	3.507	3.03	2.881	3.953	3.821	2.781	3.891	-0.056	0.83	-0.568	0.395	0.505	0.064
"YBR280C"	0.096	3.136	2.722	2.851	2.257	2.891	2.629	-1.6735	2.703	2.477	2.679	1.906	-0.724	0.082	1.667	-0.071	-0.041	0.842	1.298	1.313	0.416	0.915	1.181	-0.243	-0.143	2.82	-0.794	-0.383	-0.75	0.072	2.337	2.287	2.026	1.505	2.655	2.466	1.779	2.342	0.194	0.094	0.243	0.029	-0.001	-0.057
"YBR285W"	-0.02	4.12	2.904	3.533	3.148	3.296	2.217	-2.4135	5.001	2.557	4.25	4.339	-0.636	-0.063	1.321	0.732	0.0085	1.321	1.942	1.905	0.697	1.225	1.324	0.273	0.961	3.932	0.074	0.512	0.504	-0.006	3.643	1.198	1.896	2.71	4.112	2.158	0.947	2.795	-0.273	0.338	0.083	0.462	0.665	0.223
"YCL040W"	0.259	5.519	1.287	5.154	5.018	5.207	5.214	-2.88	4.499	4.476	4.747	3.471	-1.644	0.193	1.693	0.44	0.043	3.305	3.526	4.473	3.028	3.59	3.871	-0.126	0.817	4.979	0.199	1.602	1.537	0.201	4.858	3.517	2.938	1.92	4.137	3.593	2.812	2.55	-0.773	0.435	0.449	-0.59	1.169	1.095
"YCL042W"	0.063	4.777	5.142	4.337	3.835	3.97	3.781	-2.849	3.554	3.258	3.631	2.579	-1.58	0.056	0.873	-0.545	0.005	3.118	2.921	3.026	2.515	2.831	3.419	-0.59	0.32	4.141	-0.15	0.202	0.472	0.185	2.162	3.923	3.167	1.637	3.902	3.874	2.762	1.39	-0.608	0.465	0.282	0.175	0.752	0.979
"YCL059C"	0.325	-3.484	-4.56	-4.242	-3.611	-4.218	-3.675	0.974	-4.786	-2.115	-1.722	-2.27	0.364	0.019	-1.374	-0.057	0.0035	-1.281	-2.524	-2.535	-0.821	-2.387	-3.161	0.504	0.038	-4.664	-0.614	-0.197	-0.437	-0.102	-2.908	-3.887	-2.479	-0.967	-4.436	-2.396	-1.791	-1.456	-0.047	-0.039	-0.344	0.568	-0.296	0.145
"YDL014W"	0.075	-3.382	-2.073	-2.366	-2.465	-4.46	-4.776	1.4755	-3.37	-2.435	-1.989	-1.412	0.215	0.414	-1.073	-0.241	-0.232	-1.127	-1.546	-1.339	-1.088	-1.519	-1.665	0.853	-0.219	-4.277	0.043	-0.221	-0.082	0.121	-3.718	-3.918	-4.085	-2.893	-4.482	-4.004	-2.924	-2.944	-0.118	-0.192	0.177	-0.009	-0.311	-0.648
"YDL020C"	0.337	1.277	1.627	1.197	1.421	1.988	2.012	-0.9025	1.966	1.711	2.226	1.876	-0.282	0.235	1.435	-0.368	-0.294	1.61	1.154	0.687	1.535	1.581	1.231	0.351	0.181	2.183	0.096	-0.193	-0.135	0.076	2.261	2.561	1.09	1.6	2.225	1.785	1.519	2.472	0.198	-0.426	0.421	-0.753	0.58	0.46
"YDL023C"	-0.349	3.318	NaN	2.598	3.003	3.335	3.546	-2.3115	1.67	0.867	1.603	0.42	-1.138	-0.152	2.019	-1.031	-0.052	3.553	3.813	3.556	3.398	3.409	3.475	-0.285	-0.082	3.64	-0.6	-0.313	0.727	0.084	3.112	0.866	0.36	2.013	2.639	0.903	0.543	1.56	-0.177	0.259	1.149	-1.071	-0.488	-0.7
"YDL110C"	-0.057	3.1445	4.5095	3.069	2.459	2.9395	2.6665	-0.941	3.383	2.755	3.018	2.739	-0.5295	-0.0585	-0.034	0.9375	-0.0635	2.402	2.8415	2.8635	2.115	2.5575	2.407	1.341	1.054	2.954	0.1735	0.583	0.699	-0.124	2.969	3.715	2.305	2.342	4.078	3.05	2.171	2.55	-1.117	1.051	-0.705	0.85	-0.418	0.285
"YDL204W"	-0.011	5.01	0.311	5.128	3.877	4.936	4.887	-2.803	5.851	4.733	5.32	4.604	-2.465	0.055	3.477	1.145	0.394	3.455	4.067	4.561	3.189	3.761	4.115	1.14	0.411	5.38	-0.492	-0.479	-0.641	-0.317	3.876	5.526	4.943	4.367	5.864	4.642	3.788	4.76	0.24	-0.28	-0.107	0.191	0.197	0.257
"YDL222C"	-0.412	5.532	5.359	5.486	4.452	4.933	5.493	-2.524	2.058	0.991	1.661	1.177	-0.243	-0.313	1.346	0.901	0.084	3.739	3.922	3.845	1.796	2.785	2.677	0.016	-0.311	5.7	-0.03	-0.682	-0.364	0.137	5.632	5.702	4.814	3.717	6.788	5.657	4.132	4.017	-0.448	0.082	-0.306	0.037	-0.925	-0.766
"YDR001C"	0.132	3.722	3.661	3.273	3.0	3.255	3.511	-1.773	3.121	1.716	1.852	0.879	-0.451	0.087	2.256	0.069	-0.076	1.431	1.674	2.013	1.254	1.607	1.921	0.132	-0.079	3.574	0.162	0.433	0.355	0.163	3.999	2.067	1.884	2.523	3.563	2.644	1.706	3.315	0.195	-0.115	-0.214	0.638	0.764	0.818
"YDR003W"	0.02	1.453	1.046	1.09	1.291	1.3	1.011	-1.023	1.796	1.366	1.285	1.552	-0.722	-0.079	1.433	0.33	-0.15	1.088	1.266	1.181	1.263	1.167	1.091	0.177	-0.289	1.118	-0.088	0.647	0.531	0.129	1.059	2.58	1.387	1.705	2.651	1.807	1.371	1.842	-0.022	0.347	-0.543	0.933	0.196	-0.126
"YDR043C"	-0.026	1.479	NaN	1.196	0.83	1.373	1.421	0.0	1.844	1.863	2.009	0.982	0.35	0.075	1.944	0.184	-0.315	2.509	2.157	1.357	1.715	1.612	1.496	0.343	0.673	2.933	0.254	0.318	-0.06	0.138	2.544	1.414	1.813	1.846	1.613	2.054	1.08	2.598	-0.199	0.103	-0.154	0.26	0.586	0.19
"YDR074W"	0.059	4.362	4.265	4.275	3.122	4.182	4.411	-2.887	4.672	2.46	3.379	2.549	-1.631	-0.112	1.594	0.086	0.264	4.039	3.683	3.896	3.326	3.378	3.692	-0.796	-0.008	3.551	-0.603	0.426	0.25	0.138	3.985	2.579	0.782	1.459	4.059	2.028	1.317	2.458	0.062	-0.2	-0.109	0.255	0.067	0.16
"YDR171W"	0.022	6.083	5.884	5.56	5.126	6.153	6.24	-5.215	5.287	5.106	4.594	5.134	-0.775	0.068	3.677	0.598	-0.688	4.183	4.385	4.392	4.176	4.034	4.162	0.833	0.732	5.398	0.0855	0.5585	-0.222	0.0975	5.035	4.747	4.074	4.252	4.639	4.566	3.476	4.385	-0.254	0.685	-0.759	0.626	0.815	0.887
"YDR204W"	-0.195	2.454	2.245	2.273	1.933	2.734	2.548	-0.935	3.146	2.65	2.334	1.659	-0.767	-0.17	0.723	0.272	0.118	1.384	1.811	2.125	0.871	1.507	1.569	0.046	0.218	2.994	0.0905	0.2335	0.189	0.1315	2.346	2.974	2.529	1.351	2.826	1.883	1.659	1.307	-0.077	-0.301	0.012	0.441	0.189	-0.17
"YDR258C"	-0.317	4.872	-0.357	4.2775	3.929	4.8035	5.243	-3.217	3.2635	2.98	2.991	2.6905	-0.675	-0.2165	2.874	0.368	-0.497	2.065	1.9925	2.052	2.245	2.175	2.0325	1.321	0.935	5.3975	0.2745	0.4265	0.154	0.1405	5.397	3.298	2.859	3.29	4.282	3.529	2.673	3.635	0.748	-1.064	1.267	-1.296	1.912	2.116
"YDR312W"	0.003	-3.237	-2.732	-2.335	-2.086	-2.512	-2.345	1.168	-2.564	-1.147	-0.536	-1.829	0.295	-0.002	-0.519	-0.174	0.281	-1.445	-2.148	-1.425	-0.951	-1.776	-2.069	0.55	0.124	-3.04	-0.182	-0.118	-0.01	0.003	-2.314	-1.874	-1.157	-0.826	-2.572	-1.141	-0.295	-0.263	-0.091	-0.058	-0.533	0.005	0.849	0.497
"YDR343C"	-0.039	4.7885	1.569	3.7425	3.826	4.3375	5.046	-3.1095	3.2935	1.843	0.758	3.4155	-1.03	0.321	3.083	0.2665	-0.0955	-0.2835	-0.5995	-0.7515	-0.1585	-0.021	0.2255	1.627	0.892	4.8385	-0.2125	-0.8455	-0.974	0.14	4.516	6.835	5.151	4.147	6.429	5.549	4.177	4.265	-0.04	1.163	1.22	0.298	0.937	1.309
"YDR380W"	-0.037	5.331	4.505	4.696	4.835	5.562	5.325	-3.548	0.787	2.896	4.403	0.066	-0.477	-0.106	1.067	-0.558	-0.326	2.727	3.44	3.386	1.259	2.279	2.576	-1.543	-0.296	5.956	0.407	0.397	0.036	-0.017	4.633	0.148	1.303	1.239	0.31	2.044	2.547	2.67	-0.007	0.049	-0.506	0.711	-0.409	-0.304
"YDR413C"	0.236	-2.496	-2.582	-2.392	-1.803	-2.779	-2.502	1.14	-2.622	-2.121	-1.452	-1.399	0.163	0.15	-0.966	-0.228	0.208	-0.736	-1.14	-0.978	-0.414	-1.054	-1.243	0.125	0.002	-2.652	0.295	-0.256	-0.054	-1.041	-2.964	-1.835	-1.046	-0.642	-2.336	-1.502	-1.256	-1.422	0.034	-0.355	0.488	0.126	0.22	0.086
"YDR417C"	-0.037	-1.534	-1.693	-2.075	-1.608	-2.715	-3.361	1.045	-3.705	-2.778	-2.407	-3.58	0.489	0.367	-2.146	-0.327	0.078	-1.423	-2.03	-1.427	-1.301	-2.082	-2.022	-0.542	-0.014	-2.642	-0.867	0.487	0.119	-0.093	-1.745	-3.553	-2.61	-1.768	-3.585	-3.332	-2.261	-2.404	-0.514	0.147	-0.501	0.015	-0.286	0.303
"YDR447C"	-0.42	-1.927	NaN	-2.299	-2.149	-3.242	-3.562	1.205	-4.882	-3.934	-3.26	-3.574	0.742	-0.061	-1.67	-0.192	0.176	-1.723	-2.33	-1.793	-1.376	-2.456	-2.291	-0.489	0.034	-2.593	-1.0535	-0.1735	0.107	-0.285	-3.102	-3.67	-2.356	-1.471	-4.358	-3.418	-2.211	-3.223	-1.347	-0.236	-0.732	0.875	0.127	-0.128
"YDR471W"	0.115	-2.267	-1.873	-2.818	-1.805	-3.206	-3.84	1.0	-3.952	-3.834	-2.619	-3.144	0.802	0.178	-1.643	-0.157	0.415	-1.902	-2.14	-1.212	-1.379	-2.072	-1.654	-0.382	0.0	-3.29	-0.04	0.3345	0.1225	-0.12	-2.211	-3.645	-2.464	-1.986	-3.608	-3.311	-2.499	-2.873	0.322	0.555	0.628	-0.311	0.223	0.471
"YDR516C"	0.13	3.855	3.535	3.356	2.828	3.245	3.346	-1.621	3.637	2.518	2.064	3.26	-2.54	0.349	1.443	-0.265	0.255	2.806	3.179	2.703	2.812	3.332	2.937	-0.149	-0.477	2.996	-0.078	0.311	0.557	0.113	3.683	3.694	2.42	1.293	4.37	3.235	2.456	3.112	-0.324	0.409	0.774	0.484	0.751	1.225
"YEL039C"	-0.083	2.494	2.035	1.728	2.081	2.125	2.503	-1.078	3.165	2.453	1.421	2.164	-0.802	-0.037	1.719	0.73	-0.013	0.692	0.881	0.953	0.853	0.796	0.681	1.297	0.969	2.392	-0.231	0.0345	-0.2235	-0.104	2.357	6.011	3.727	3.688	5.277	3.702	3.707	3.547	-0.296	0.855	-1.134	0.47	-0.285	NaN
"YER067W"	0.047	5.719	5.663	5.641	4.993	5.958	6.295	-3.706	6.406	5.001	4.451	5.941	-0.975	-0.013	3.049	1.94	-0.098	3.21	3.607	3.162	3.09	3.762	3.867	1.722	1.216	6.706	0.478	-0.807	-0.654	-0.051	3.976	5.257	4.359	3.463	6.041	5.036	4.169	4.367	0.243	0.038	-0.202	-0.056	0.671	0.989
"YER102W"	0.436	-1.613	NaN	-2.227	-1.876	-2.922	-3.415	1.351	-3.932	-3.965	-2.924	-3.101	0.673	0.501	0.327	-0.338	0.299	-1.183	-1.83	-1.701	-0.799	-1.931	-1.792	-0.552	-0.426	-2.712	-0.153	0.024	0.537	0.011	-2.448	-3.324	-2.758	-2.202	-2.385	-2.329	-2.436	-2.527	0.621	0.705	0.516	0.246	-0.271	-0.383
"YER103W"	0.003	6.403	1.634	4.997	6.844	7.074	7.18	-5.546	2.096	1.272	1.436	3.196	-0.339	-0.157	0.945	0.199	-0.128	3.348	2.907	3.177	2.83	3.212	3.412	-0.125	0.063	7.359	-0.117	-0.456	0.216	0.123	5.131	3.552	3.884	3.948	4.268	3.738	2.425	3.202	0.186	-0.486	0.3	0.266	0.252	0.115
"YFL054C"	0.1985	3.026	2.671	2.322	1.936	2.514	2.435	-1.807	2.741	1.996	0.652	3.161	-0.585	-0.087	1.681	0.252	0.049	-0.07	0.319	0.396	-0.291	0.391	0.589	0.604	0.01	2.858	-0.2615	-0.3745	-0.2435	-0.08	1.0735	2.003	1.557	0.8505	1.832	1.366	1.085	0.886	0.2115	0.005	-0.1925	0.221	0.3325	0.1745
"YFR017C"	0.08	4.105	3.69	3.496	2.045	3.969	3.073	-3.048	2.364	2.195	1.896	2.114	-1.91	0.134	1.98	0.885	0.398	2.951	2.87	2.177	1.856	2.472	2.799	0.093	0.043	3.775	0.109	-0.2985	-0.1865	-0.108	2.685	4.954	5.204	4.067	5.41	4.925	3.823	4.271	0.361	-0.176	-0.727	0.623	-0.003	NaN
"YFR053C"	0.452	5.916	4.752	4.876	5.265	6.125	6.12	-3.714	4.333	2.831	3.138	3.986	-1.753	0.527	0.826	0.943	-0.115	1.858	2.367	2.42	1.656	2.43	2.51	-0.108	0.137	4.784	0.128	0.411	0.835	0.18	5.495	4.333	2.442	2.077	5.992	4.03	3.313	3.899	-0.038	-0.131	0.802	-0.262	-0.008	0.033
"YGL037C"	0.058	4.922	5.031	4.738	4.635	4.777	4.892	-2.649	4.226	2.658	2.753	2.045	-0.678	-0.044	2.256	0.7	-0.098	3.473	4.034	4.0	3.629	4.14	4.201	0.601	0.889	4.782	0.459	1.738	1.752	0.261	5.736	3.734	3.731	3.099	4.634	3.141	3.145	3.313	0.103	-0.058	-0.286	-0.013	0.454	0.165
"YGL104C"	0.159	2.468	1.887	2.115	1.766	2.107	1.882	-0.974	2.984	2.155	1.626	1.559	-0.277	-0.112	0.611	0.409	0.422	1.606	1.832	1.746	1.432	1.504	1.585	0.177	0.189	2.33	-0.323	0.484	0.339	0.519	1.211	0.548	0.209	-0.11	1.442	0.712	-0.18	0.815	0.166	-0.186	0.071	0.263	0.669	0.31
"YGL135W"	0.294	-1.664	-2.365	-2.285	-2.468	-3.231	-3.984	1.167	-3.221	-2.573	-2.548	-3.217	0.532	0.502	-1.595	-0.201	-0.045	-1.778	-2.546	-2.004	-1.336	-2.237	-2.539	-0.08	0.176	-3.406	-0.213	0.158	0.234	0.149	-2.824	-3.443	-2.903	-2.236	-3.617	-3.009	-1.968	-2.509	0.247	0.258	0.536	-0.333	-0.125	-0.165
"YGL147C"	0.261	-2.372	-2.337	-3.006	-2.704	-4.102	-4.319	1.427	-3.892	-3.111	-3.389	-3.0	0.688	0.343	-1.568	-0.335	0.326	-1.576	-2.522	-2.212	-1.326	-2.365	-2.897	0.438	0.536	-3.829	-0.367	0.137	0.186	0.071	-2.3925	-3.1805	-2.6025	-3.0	-3.1585	-3.3875	-2.3945	-3.135	0.218	-0.242	0.328	-0.403	-0.492	-0.867
"YGL148W"	0.272	-1.712	-2.044	-2.027	-1.735	-2.05	-2.295	1.117	-3.561	-2.137	-1.873	-2.983	0.352	0.123	-0.914	-0.104	0.038	-1.601	-2.678	-1.939	-1.543	-2.648	-2.792	-0.363	-0.462	-2.451	-1.02	-0.158	-0.462	0.018	-2.144	-3.932	-2.547	-2.177	-3.123	-2.69	-2.266	-2.377	0.703	-0.793	0.659	-0.696	0.085	0.187
"YGL259W"	0.168	2.667	NaN	2.285	1.563	1.944	2.157	-1.28	3.517	2.619	2.423	0.895	-0.305	-0.005	3.24	0.25	0.681	0.593	0.971	0.95	0.47	1.075	1.618	0.159	-0.18	2.842	-0.716	-0.183	-0.544	-1.236	1.712	2.021	2.412	2.062	3.466	2.519	2.15	2.681	0.237	-0.388	0.352	0.876	0.425	-0.803
"YGR019W"	0.003	3.016	2.962	2.8	2.58	3.009	2.976	-1.554	4.045	3.096	3.356	2.14	-0.611	-0.031	1.661	0.803	-0.189	2.2	2.492	2.598	1.822	2.083	2.257	-0.961	-0.438	2.898	-0.433	0.891	0.585	0.175	1.815	2.108	1.173	1.461	3.364	2.372	1.811	1.997	0.734	-0.884	0.386	-0.531	0.893	0.647
"YGR079W"	-0.117	-2.785	-4.644	-3.48	-2.556	-3.142	-2.355	1.29	-3.414	-2.981	-2.425	-2.597	-0.04	0.193	-0.582	-0.344	-0.01	-1.89	-2.09	-1.583	-1.187	-1.73	-1.993	-0.764	-0.756	-3.774	-0.948	-0.015	-0.103	-0.347	-3.401	-1.857	-2.988	-0.534	-2.99	-2.303	-1.399	-0.04	-0.26	0.03	-0.897	0.567	-1.062	-1.349
"YGR118W"	-0.022	-1.5195	-1.543	-1.6645	-1.6245	-2.6185	-3.085	1.216	-2.621	-2.692	-2.455	-2.458	0.621	0.138	-1.246	-0.078	0.229	-1.375	-1.737	-1.367	-1.046	-1.832	-1.647	-0.002	0.623	-2.633	-0.073	0.237	-0.014	-0.026	-1.32	-2.477	-2.162	-1.82	-2.13	-2.249	-1.697	-1.94	-0.163	0.244	0.02	0.383	-0.175	-0.064
"YGR142W"	-0.007	3.998	3.718	3.7425	3.6725	4.975	5.075	-3.859	2.805	3.709	2.165	6.168	0.726	-0.163	2.436	0.396	-1.353	2.944	2.949	2.277	3.472	3.475	2.329	2.268	1.533	4.7155	-0.053	-1.381	-1.4425	0.437	6.459	4.076	3.663	4.432	1.914	3.176	2.95	4.794	0.068	-0.495	-0.162	0.346	0.392	0.485
"YGR194C"	-0.472	3.229	NaN	2.5445	2.0745	2.773	2.7325	-1.649	4.003	2.833	2.036	2.62	-0.99	-0.053	1.789	-0.267	-0.256	1.529	2.079	1.592	0.924	1.511	2.027	-0.394	-0.446	3.219	-0.343	0.045	0.474	0.222	2.234	3.239	2.701	1.932	4.12	2.96	2.149	2.21	-0.562	0.374	-0.256	0.207	0.308	0.117
"YGR214W"	-0.087	-1.7475	-2.1645	-2.4095	-2.2525	-3.7315	-4.254	1.051	-4.3	-2.826	-2.24	-3.581	0.468	0.302	-2.084	-0.208	0.128	-1.306	-2.222	-1.645	-1.191	-2.061	-1.791	-0.191	0.077	-3.3975	-0.322	0.109	0.085	-0.096	-2.003	-3.673	-2.906	-2.083	-3.805	-2.3	-2.11	-2.419	0.124	0.048	0.304	-0.502	-0.373	-0.175
"YGR250C"	0.173	2.412	1.796	1.5415	1.5295	2.827	3.252	-2.678	3.794	4.669	3.197	2.531	0.139	0.142	2.358	-0.279	NaN	0.824	1.137	0.992	0.834	1.338	1.404	0.748	0.203	2.756	-0.205	0.602	0.05	0.477	3.054	2.523	2.316	3.26	2.898	3.265	2.988	3.14	-0.114	-0.026	0.499	-0.102	0.115	0.138
"YHL021C"	0.23	5.88	5.7395	5.508	4.666	5.5395	5.718	-3.059	5.13	4.387	4.022	4.726	-1.198	-0.061	2.987	0.276	-0.56	3.59	3.443	3.832	2.99	3.239	3.337	0.593	0.217	5.9365	0.078	-0.159	0.601	0.238	6.107	6.428	4.596	3.722	6.624	4.847	4.725	3.995	0.03	-0.185	0.597	-0.613	1.855	2.244
"YHR010W"	0.277	-2.471	-1.8605	-2.255	-2.0245	-3.406	-3.8525	1.491	-3.693	-3.281	-2.926	-3.343	0.753	0.271	-1.584	-0.373	-0.034	-1.441	-1.972	-1.452	-1.084	-1.912	-1.667	-0.291	0.672	-3.0485	-0.331	0.064	0.182	-0.571	-2.868	-3.363	-2.267	-2.283	-3.56	-2.961	-1.715	-2.978	0.418	0.066	0.309	0.05	-0.005	0.0
"YHR016C"	-0.087	2.94566666666667	0.621666666666667	2.61933333333333	2.163	2.52366666666667	2.28866666666667	-1.295	0.0354999999999999	0.243	-0.1185	0.334	-0.62	0.17	1.206	0.013	0.115	0.9745	1.362	1.1185	0.6975	1.002	1.577	-0.065	-0.008	2.662	0.059	0.156	-0.422	0.098	2.221	2.325	2.338	1.917	3.443	2.046	1.937	1.191	-0.094	0.217	0.477	0.306	0.163	0.338
"YHR021C"	-0.169	-1.958	-1.584	-1.8445	-1.8895	-2.8035	-3.2995	1.113	-3.57	-3.061	-2.215	-2.639	0.491	-0.093	-0.938	-0.164	0.189	-1.43	-1.704	-1.357	-1.319	-1.271	-1.754	0.568	0.533	-2.676	-0.551	-0.28	-0.192	0.024	-2.042	-2.576	-2.1	-1.463	-3.519	-3.078	-2.345	-2.663	0.072	0.526	-0.204	0.588	-0.008	-0.09
"YHR062C"	0.046	-2.1055	-1.1365	-1.882	-1.8745	-2.1985	-2.079	1.047	-2.847	-1.483	-1.112	-2.092	0.099	0.086	-0.216	0.411	0.019	-0.36	-0.75	-0.653	-0.429	-1.122	-0.92	-0.11	-0.209	-2.44	0.122	-0.48	-0.029	0.01	-2.353	-0.846	-1.164	-0.635	-0.945	-1.54	-1.168	-0.262	0.292	-0.615	0.767	-0.946	-0.39	-0.268
"YHR087W"	-0.08	5.7105	5.698	5.252	6.08	5.929	6.501	-5.137	3.602	3.744	4.087	2.8	-1.973	-0.14	1.389	1.476	0.26	5.067	5.497	5.933	4.806	5.093	4.962	-0.548	0.474	6.1195	0.052	1.591	1.625	0.061	6.178	6.108	4.15	3.908	5.778	4.259	3.36	4.227	1.689	1.061	-1.541	1.747	0.784	1.502
"YHR096C"	0.363	5.573	5.3105	4.401	3.4085	5.0375	5.238	-3.693	4.284	5.741	5.155	4.426	2.137	0.528	3.498	0.537	-0.001	3.148	3.597	3.595	1.659	2.337	3.101	-0.087	-0.193	6.7425	-0.058	0.122	0.363	0.024	1.871	5.589	5.478	4.324	4.216	6.151	4.914	6.856	0.094	-0.136	0.098	0.0	0.252	0.182
"YHR104W"	-0.068	4.906	4.8105	4.6215	4.247	4.658	4.7775	-2.982	3.691	1.878	1.523	1.606	-1.057	-0.152	1.694	0.154	-0.098	2.72	3.95	4.176	2.268	3.382	3.895	-0.141	-0.115	5.319	-0.118	1.846	1.761	0.2	5.002	2.457	1.421	1.698	3.963	2.022	1.53	1.952	-0.016	0.102	-0.553	0.52	0.373	0.052
"YIL052C"	0.022	-2.0235	-1.6215	-2.1565	-1.989	-2.7275	-2.972	1.095	-3.856	-3.261	-2.61	-2.82	0.466	0.265	-1.876	0.107	0.24	-0.6	-1.273	-0.905	-0.684	-1.141	-1.223	-0.043	-0.046	-2.531	-0.569	0.081	0.327	-0.255	-2.337	-3.32	-2.562	-2.217	-2.821	-2.677	-1.94	-3.315	-0.165	0.277	0.131	0.718	-0.796	-0.407
"YIL101C"	-0.347	4.271	NaN	3.439	3.398	3.9075	3.7695	-1.848	4.085	3.455	3.609	2.324	-0.453	-0.406	2.598	0.55	0.046	1.93	2.166	1.643	1.053	1.652	1.944	1.015	0.231	4.3735	0.068	-1.125	-0.788	0.196	0.366	1.3765	1.809	1.642	2.0685	1.6855	1.1155	1.2415	-1.349	1.14	-0.806	0.9785	0.436	0.1625
"YIL133C"	0.242	-2.0235	-2.2305	-2.6465	-2.027	-3.384	-3.811	1.02	-3.333	-3.196	-2.331	-2.93	0.405	0.204	-1.852	-0.196	0.235	-2.045	-2.339	-1.436	-1.877	-2.453	-1.872	-0.822	-0.191	-3.3115	-0.851	-0.267	-0.295	-0.02	-2.292	-4.387	-3.183	-2.607	-4.098	-3.154	-2.466	-3.633	0.056	0.372	0.387	-0.164	-1.023	-0.955
"YIL148W"	0.003	-1.5795	-1.6495	-1.455	-1.3005	-2.3055	-2.8165	1.081	-1.734	-1.482	-1.077	-1.789	0.423	0.077	-1.561	0.008	0.067	-1.172	-1.243	-1.183	-0.603	-0.933	-1.415	0.134	0.062	-2.313	-0.029	0.539	-0.436	-0.312	-2.031	-2.58	-2.025	-1.956	-2.552	-2.609	-1.815	-2.449	0.266	0.32	-0.113	0.418	-0.225	-0.485
"YIR039C"	-0.28	3.633	3.4175	3.2675	2.848	3.293	3.373	-1.984	4.648	3.836	2.996	1.581	-0.403	-0.039	2.498	0.594	0.12	1.013	1.293	1.395	0.633	1.287	1.745	0.767	0.469	3.736	0.452	0.968	0.792	-0.482	2.835	2.417	2.921	2.163	4.051	2.778	2.53	3.2	0.187	0.053	0.183	0.922	0.079	-0.609
"YJL066C"	-0.158	2.484	1.324	2.363	2.0645	2.2855	2.4895	-1.509	3.176	3.323	2.755	1.811	-0.81	-0.13	1.048	0.38	-0.228	1.574	1.874	1.89	1.186	1.424	1.574	0.126	-0.349	2.9045	0.615	0.909	0.509	-0.063	1.4	2.893	2.947	1.997	4.144	3.6	3.185	2.863	0.324	-0.393	-0.076	-0.054	0.445	0.617
"YJL068C"	-0.21	1.998	3.105	1.9205	1.645	2.307	2.0815	-0.763	1.543	2.1	2.312	0.847	-0.55	-0.102	1.23	0.452	0.109	0.152	-0.003	0.239	0.441	0.182	0.23	-0.401	-0.07	2.2315	0.166	0.8	0.604	0.097	1.206	1.465	2.351	1.203	1.526	1.439	1.437	2.187	-0.15	0.385	-0.433	0.324	0.419	0.26
"YJL163C"	-0.325	3.0055	5.781	2.034	1.6395	2.0905	2.1745	-1.158	3.842	2.233	2.79	1.835	-0.922	-0.17	2.308	0.196	0.036	1.958	2.335	1.774	1.304	1.902	2.075	-0.397	0.68	2.3505	-0.105	-0.489	-0.378	-0.048	2.248	1.762	2.681	2.677	3.147	2.17	1.792	2.68	-0.194	0.062	-0.274	0.031	0.597	0.168
"YJR008W"	-0.476	3.38	2.5185	2.6695	2.33	2.81	2.208	-1.138	2.34	2.316	3.529	3.536	-0.258	-0.201	1.781	0.768	0.038	1.667	1.513	1.765	1.555	1.425	1.54	-0.069	0.342	2.806	0.504	0.189	0.625	0.166	2.387	3.648	3.265	2.533	3.072	3.435	2.523	3.297	0.465	-0.426	0.198	-1.234	1.106	0.992
"YJR069C"	-0.0945	-0.3655	-0.7445	-0.9195	-0.757	-1.1045	-1.034	0.702	-2.056	-1.976	-2.026	-1.806	0.082	-0.0915	-1.118	-0.215	-0.156	-0.921	-0.786	-0.603	-0.552	-1.094	-1.097	0.152	0.12	-1.066	-0.046	0.403	0.029	-0.232	-1.227	-1.467	-1.181	-0.635	-1.685	-2.036	-1.662	-2.416	0.036	-0.031	-0.073	0.232	-0.324	-0.284
"YJR123W"	0.046	-1.798	-2.13	-2.5565	-1.912	-3.5655	-4.258	1.3	-3.844	-3.276	-3.375	-3.809	0.788	0.248	-2.097	-0.432	0.56	-1.517	-2.264	-1.907	-1.58	-2.373	-2.137	-0.275	-0.089	-3.445	-0.314	0.101	-0.132	-0.629	-2.744	-4.305	-3.113	-2.761	-3.711	-4.025	-2.566	-3.587	0.329	0.143	0.699	-0.271	-0.472	-0.6
"YKL006W"	-0.004	-1.828	-2.227	-2.75	-1.949	-3.315	-3.5445	0.961	-4.299	-3.901	-2.854	-3.049	0.947	0.303	-1.748	-0.028	0.2	-1.562	-2.111	-1.56	-1.268	-2.103	-1.94	0.003	0.122	-3.02	-0.39	0.453	0.46	-0.795	-2.654	-4.432	-3.39	-2.92	-4.756	-4.221	-2.993	-3.593	0.366	0.442	-0.182	0.689	-0.655	-0.718
"YKL036C"	-0.089	2.7835	3.0415	2.617	2.4385	2.76	3.208	-1.66	2.415	1.0	0.948	0.672	-1.072	0.045	1.311	-0.791	-0.266	1.483	2.048	1.822	0.804	1.608	2.055	-0.026	-0.445	3.4625	-0.261	-0.685	0.221	0.155	2.378	0.14	0.568	0.424	2.138	0.731	0.388	1.222	-0.062	0.06	-0.196	-0.126	0.174	-1.203
"YKL091C"	-0.612	4.009	3.776	3.851	2.683	3.567	3.623	NaN	5.27	3.548	3.034	3.432	-0.836	-0.192	1.42	0.787	-0.031	2.482	3.059	3.309	2.427	3.042	3.043	0.086	0.302	3.699	0.325	0.694	1.093	0.179	3.205	3.707	2.805	1.478	4.146	3.248	2.188	2.104	0.356	-0.178	0.057	-0.032	0.415	0.31
"YKL103C"	-0.033	4.422	4.528	4.114	3.921	4.231	4.041	-2.622	3.523	2.534	2.703	1.974	-1.643	0.151	2.171	1.332	0.003	1.72	2.804	3.086	0.852	1.841	2.296	-0.087	0.118	4.119	-0.04	1.133	0.737	0.207	3.183	1.865	0.944	0.657	2.724	1.916	0.778	0.505	0.203	-0.175	-0.111	0.177	0.324	0.456
"YKL151C"	-0.357	4.653	4.894	4.533	3.849	4.45	4.63	-2.412	3.642	2.407	2.359	1.609	-1.431	-0.235	2.188	0.883	-0.074	1.652	2.498	2.582	1.567	2.276	2.615	0.577	0.636	4.996	0.34	0.354	0.304	-0.433	2.694	3.213	2.768	3.047	3.988	2.909	2.395	3.103	-0.359	-0.026	0.081	0.031	0.562	0.779
"YKL180W"	0.161	-1.731	-1.949	-1.947	-2.16	-2.81	-3.531	1.141	-2.661	-2.738	-1.831	-2.625	0.599	0.365	0.21	-0.18	0.469	-1.234	-2.003	-1.241	-0.999	-1.883	-1.742	-0.343	-0.213	-3.37	-0.099	-0.321	0.019	0.073	-1.891	-3.827	-3.339	-2.213	-3.071	-2.962	-2.254	-2.482	0.39	0.271	0.629	-0.209	-0.705	-0.843
"YKR094C"	-0.257	-1.518	-1.906	-2.14	-2.109	-2.994	-3.29	0.976	-3.138	-2.914	-2.274	-2.102	0.415	0.144	-1.456	0.127	0.016	-1.457	-1.747	-1.522	-1.033	-1.7	-1.911	-0.214	0.137	-2.821	-1.034	-0.025	0.11	-0.022	-2.445	-3.423	-2.549	-1.96	-3.694	-3.422	-2.865	-3.683	0.252	0.421	-0.135	0.523	-0.39	-0.596
"YLL026W"	0.13	5.873	2.796	5.276	5.224	6.223	6.124	-3.645	3.789	3.318	2.8	3.181	-0.868	-0.139	3.102	-0.592	1.096	2.495	2.676	2.481	2.286	2.702	2.804	0.703	0.414	5.928	-0.633	-0.393	-0.131	0.39	6.217	4.399	3.831	3.746	5.223	4.61	3.371	4.068	-0.415	0.346	0.17	0.17	0.63	0.967
"YLL039C"	-0.0085	3.942	3.74966666666667	3.18766666666667	3.84166666666667	4.33133333333333	4.529	-3.09233333333333	1.05933333333333	0.920333333333333	1.20133333333333	0.806333333333333	0.404	0.2175	-0.677	0.768	0.287	0.531	0.697	0.733666666666667	0.912333333333333	0.817333333333333	0.919333333333333	-0.162	-0.0795	4.756	-0.442	0.7975	1.028	-0.031	3.453	1.088	1.858	1.626	1.867	1.365	1.293	2.457	-0.579	0.519	-0.115	0.169	0.923	0.971
"YLL044W"	-0.028	-1.737	-2.245	-2.526	-2.196	-3.582	-4.162	1.121	-4.871	-3.525	-2.869	-3.313	0.501	0.04	-2.154	-0.355	-0.086	-1.386	-2.344	-1.619	-1.183	-2.075	-2.07	-0.904	-0.797	-3.517	-0.253	0.075	0.044	0.202	-2.328	-3.189	-2.774	-2.055	-3.806	-2.77	-2.196	-2.935	0.119	-0.447	0.573	-0.088	-0.894	-1.11
"YLR061W"	-0.46	-1.678	NaN	-2.212	-1.901	-3.322	-3.851	1.1	-4.925	-4.297	-3.603	-3.239	0.578	0.01	-1.525	-0.034	0.078	-1.005	-1.456	-0.703	-1.264	-1.889	-1.422	-0.263	0.156	-2.697	-0.771	0.079	0.044	0.031	-2.529	-2.468	-2.246	-1.804	-4.004	-2.793	-2.94	-3.717	0.172	0.099	-0.141	0.322	-0.601	-0.712
"YLR149C"	0.076	4.616	4.115	4.196	3.715	4.069	3.872	-3.273	4.105	3.465	3.85	3.078	-1.018	-0.144	3.392	0.592	0.282	2.647	2.93	2.4	1.68	2.382	2.61	1.212	-0.353	4.23	0.487	0.519	-0.107	0.082	3.532	4.245	3.572	3.263	4.717	4.271	2.991	3.931	-0.327	0.407	-0.572	-0.445	1.055	1.056
"YLR177W"	0.032	3.3095	1.4025	2.643	2.3305	3.1295	2.898	-2.1605	1.7235	0.9465	0.901	2.2765	-0.587	-0.078	0.279	0.111	0.103	2.308	2.21	1.2385	1.7975	2.389	1.895	-0.287	-0.079	3.1335	0.238	0.1345	-0.5635	0.218	3.163	1.244	1.235	1.845	3.171	2.094	1.505	2.555	-0.331	-0.195	-0.1	0.078	-0.209	-0.242
"YLR178C"	-0.333	6.029	-1.924	5.987	5.265	6.066	5.98	-4.062	5.949	5.421	5.219	3.832	-1.816	-0.06	2.411	1.467	0.108	3.187	4.242	4.453	2.758	3.766	4.028	0.78	0.55	6.29	0.09	1.785	2.238	0.125	4.402	5.407	4.372	3.242	5.3	4.727	3.457	3.71	-0.667	0.626	-1.313	0.76	-0.427	-0.995
"YLR196W"	-0.017	-5.425	-5.709	-5.04	-3.221	-4.896	-4.532	1.483	-5.083	-3.01	-2.049	-2.858	0.242	-0.053	-2.767	-0.131	0.24	-1.656	-2.793	-1.956	-1.326	-2.637	-2.454	-0.798	-0.569	-5.097	0.022	-0.685	-0.518	-0.121	-3.697	-2.901	-2.83	-2.024	-3.658	-2.412	-1.969	-2.265	0.217	-0.341	0.189	-0.476	-0.625	-0.35
"YLR197W"	-0.192	-4.98	-4.31	-4.044	-3.638	-4.76	-5.179	1.23	-5.817	-3.612	-2.795	-3.899	0.168	0.069	-1.633	-0.414	0.131	-0.92	-2.28	-1.776	-0.4	-1.768	-2.254	0.363	0.353	-5.072	-0.173	-0.318	-0.211	0.08	-4.496	-4.983	-3.17	-1.095	-4.545	-3.045	-2.593	-2.321	0.395	-0.094	0.278	-0.303	-0.759	-0.762
"YLR249W"	0.308	-2.818	-3.81	-3.122	-3.317	-4.232	-4.758	1.359	-6.529	-4.864	-3.482	-3.879	0.045	0.174	-2.381	-1.144	0.257	-2.165	-3.464	-2.334	-1.838	-2.703	-2.461	-0.562	-0.373	-4.59	-0.327	-0.652	-0.727	0.414	-3.998	-5.053	-5.102	-2.604	-5.085	-4.9	-3.269	-3.19	0.345	0.031	1.49	-1.487	0.163	0.27
"YLR258W"	-0.048	4.617	4.224	4.273	3.655	4.262	4.866	-2.434	4.602	3.602	3.358	2.686	-1.119	-0.031	3.045	0.303	0.375	2.515	2.646	2.207	1.935	2.64	2.578	-0.006	0.065	4.686	-0.061	-0.082	-0.227	0.129	3.754	3.968	3.416	2.076	5.121	3.888	3.318	2.343	-0.092	-0.018	-0.168	-0.03	0.281	0.211
"YLR327C"	0.192	5.954	5.645	5.778	5.125	5.199	5.112	-5.299	4.027	4.45	4.348	5.562	-0.515	0.14	3.116	3.044	0.118	3.569	3.895	3.191	2.478	2.683	3.199	2.743	1.563	6.244	0.688	3.671	3.3	0.032	4.915	6.94	6.324	5.267	4.86	5.963	5.223	5.412	-1.087	1.647	-1.028	1.18	2.291	2.534
"YLR372W"	-0.156	-2.207	NaN	-2.614	-1.814	-2.438	-2.835	0.939	-4.565	-3.104	-2.432	-3.069	-0.03	0.085	-1.677	-0.433	-0.081	-1.771	-2.3	-1.909	-1.539	-2.509	-2.442	-0.634	-0.431	-2.623	-0.44	-0.576	-0.332	0.133	-2.375	-3.386	-2.674	-2.156	-3.936	-3.603	-2.623	-3.925	0.254	0.075	0.335	0.055	-0.125	-0.416
"YLR413W"	-0.18	NaN	-4.323	-4.035	-3.749	-4.155	-3.973	1.475	-4.758	-4.864	-4.832	-3.237	-0.399	0.041	-2.459	-1.046	0.009	-0.92	-1.284	-1.378	-2.002	-1.873	-1.969	-0.978	-0.757	-3.69	0.441	-2.143	-2.061	0.313	-3.773	-4.298	-4.176	-4.129	-4.449	-4.04	-4.16	-4.919	1.212	-1.298	0.544	-0.241	-0.715	-0.477
"YLR449W"	0.198	-3.266	-3.157	-2.903	-3.009	-3.738	-3.97	0.94	-6.206	-3.515	-2.978	-2.597	0.394	0.054	-1.866	0.023	0.26	-1.213	-2.384	-2.197	-0.97	-2.329	-2.619	0.859	0.306	-4.241	-0.117	-0.762	-0.626	0.038	-5.408	-3.658	-2.81	-1.715	-4.694	-2.945	-2.791	-2.535	0.179	-0.243	-0.487	0.384	-0.991	-0.466
"YML024W"	NaN	-1.177	-1.867	-2.033	-2.347	-3.361	-3.373	0.485	-3.616	-3.535	-2.718	-3.523	0.451	NaN	NaN	-0.099	-0.183	-1.567	-2.106	-1.671	-1.066	-1.567	-2.011	-0.23	-0.412	-3.024	-1.085	-0.204	-0.114	-0.806	-2.692	-3.36	-1.947	-1.537	-2.891	-2.573	-1.907	-2.067	0.572	0.364	0.464	0.339	0.162	0.097
"YML100W"	0.208	6.476	6.109	6.414	5.251	6.445	7.021	-4.449	6.107	0.965	4.578	3.032	-1.292	-0.079	2.341	-0.295	0.269	2.753	3.692	4.03	2.199	2.933	3.008	-0.083	0.115	6.199	0.086	-0.361	-0.393	-0.097	5.901	2.766	1.304	1.959	4.68	2.566	1.707	2.578	-0.963	0.628	-0.93	-0.245	0.211	0.38
"YML128C"	-0.636	6.859	6.417	6.4	5.43	4.736	4.769	-4.216	4.497	4.007	5.074	4.28	-2.233	-0.294	3.824	0.577	0.555	3.249	3.623	4.151	2.778	3.393	3.76	1.365	0.553	5.297	-0.189	0.113	-0.035	-0.339	4.573	5.111	4.729	4.503	5.91	5.407	3.945	5.151	-1.08	0.693	-0.562	-0.004	-0.207	-0.029
"YMR031C"	-0.13	2.251	2.178	1.789	2.107	1.839	1.689	-0.887	2.709	2.057	1.333	1.488	-1.131	-0.793	2.319	-0.586	0.044	1.401	1.627	1.112	1.525	2.024	1.955	0.659	0.586	1.641	0.285	0.011	-0.166	0.207	1.926	2.695	2.279	1.608	2.994	2.662	1.673	1.056	-1.116	0.602	-1.171	0.666	-0.13	0.368
"YMR105C"	-0.152	7.421	7.216	6.858	6.445	6.665	6.783	-4.77	4.909	4.43	4.635	2.982	-2.457	0.09	3.115	0.693	0.129	2.888	3.652	3.607	2.154	3.361	3.627	0.394	0.629	6.837	-0.401	0.222	-0.21	0.362	5.764	4.164	3.912	3.617	6.583	5.468	3.536	4.665	-0.562	0.26	-0.369	0.063	-0.169	-0.563
"YMR217W"	-0.023	-2.517	-3.361	-3.444	-2.705	-2.964	-3.238	1.251	-5.293	-3.056	-2.634	-3.48	0.181	0.087	-2.318	-0.738	0.291	-1.125	-2.654	-2.29	-1.098	-2.321	-2.961	-0.755	-0.282	-3.402	-0.401	-0.605	-0.246	0.2045	-4.738	-3.621	-2.927	-2.073	-4.222	-3.421	-2.938	-3.323	0.238	-0.349	0.815	-0.696	-0.522	-0.467
"YMR242C"	-0.076	-2.278	-2.248	-2.539	-1.639	-3.309	-3.708	1.262	-4.702	-3.631	-3.001	-3.832	0.77	0.288	-1.611	-0.133	0.442	-2.03	-2.598	-2.072	-1.85	-2.755	-2.478	0.006	0.6	-3.054	-0.47	0.161	0.407	0.1305	-2.43	-4.158	-3.141	-2.446	-4.607	-3.588	-2.771	-3.856	0.193	0.353	0.061	-0.117	-0.562	-0.604
"YMR250W"	-0.23	6.007	5.745	5.491	5.246	5.448	5.563	-4.172	4.705	4.159	4.174	2.923	-1.972	-0.356	3.642	1.269	1.356	3.487	4.187	3.663	2.768	3.676	4.128	-0.361	0.198	5.984	-0.253	1.161	1.155	0.2185	4.606	5.331	5.018	3.436	5.68	4.944	4.024	3.524	-1.074	0.49	-0.955	0.637	0.188	-0.888
"YMR290C"	-0.043	-3.64	-3.112	-3.689	-2.957	-3.89	-3.624	0.988	-5.132	-3.842	-3.073	-3.243	0.078	0.132	-2.712	-0.174	-0.092	-1.983	-2.885	-2.633	-1.836	-2.648	-2.383	-1.162	-1.171	-4.129	0.103	-0.06	-0.464	0.1175	-4.343	-4.028	-3.856	-2.84	-4.544	-3.558	-3.243	-3.217	0.309	-0.191	-0.207	-0.372	-0.816	-0.989
"YNL002C"	-0.257	-4.666	-4.12	-4.07	-3.305	-4.559	-4.222	1.243	-5.196	-2.914	-2.336	-3.072	0.539	-0.152	-2.007	0.008	-0.059	-1.398	-2.774	-1.803	-1.355	-2.843	-2.776	0.756	0.143	-4.603	0.294	-0.49	-0.305	0.0375	-3.481	-2.92	-2.649	-1.781	-4.466	-2.41	-2.181	-2.211	-0.403	0.154	-0.54	0.637	-0.841	-0.399
"YNL067W"	-0.079	-2.389	-2.148	-2.348	-2.563	-3.335	-3.738	1.17	-4.019	-2.871	-2.054	-2.866	0.63	0.133	-1.956	-0.06	0.53	-1.4	-2.232	-1.859	-0.753	-2.17	-2.392	-0.622	0.152	-3.16	0.033	0.182	0.311	-5.0E-4	-2.636	-2.698	-2.15	-2.329	-3.107	-2.534	-2.013	-2.982	0.204	0.305	0.456	-0.073	0.123	0.034
"YNL110C"	-0.145	-4.43	-5.407	-3.64	-3.768	-4.56	-4.991	1.332	-5.108	-3.05	-1.92	-2.565	0.367	-0.179	-1.875	-0.074	-0.088	-2.395	-3.662	-2.623	-2.07	-3.62	-3.346	0.57	0.022	-5.064	-0.453	0.079	-0.189	0.017	-4.907	-3.18	-2.579	-1.804	-4.747	-2.546	-2.431	-1.608	-0.451	0.845	-0.627	0.838	-0.959	0.075
"YNL162W"	-0.13	-2.024	-1.886	-2.384	-1.97	-3.17	-3.58	1.123	-3.953	-3.395	-2.838	-2.86	0.758	0.065	-1.624	0.106	-0.03	-1.564	-2.109	-1.436	-1.282	-2.23	-1.918	-0.421	0.004	-2.998	-0.514	0.135	-0.334	-0.5945	-2.02	-2.704	-2.701	-2.189	-3.916	-3.323	-2.825	-3.105	0.144	0.206	0.01	0.405	-0.155	-0.38
"YNL194C"	0.11	5.751	5.035	4.078	3.57	4.628	4.437	-4.215	5.233	3.747	4.22	3.832	-1.334	0.027	3.796	0.736	0.057	3.28	3.68	2.673	2.008	3.187	3.576	0.573	-0.112	5.952	-0.537	-0.87	0.618	-0.0355	3.456	4.012	4.173	4.168	4.692	4.34	3.634	3.692	0.786	-1.288	0.376	-0.473	0.519	-0.07
"YNL195C"	0.0	4.678	4.181	3.81	1.953	2.014	2.055	-2.671	4.925	4.482	4.392	4.163	-0.571	-0.224	2.791	0.521	-0.145	3.054	4.083	3.862	1.459	3.081	3.564	0.446	-0.461	3.361	0.314	-1.14	-0.206	0.2235	2.819	4.582	5.316	4.473	4.625	5.372	4.191	4.489	0.568	-0.881	-0.343	-0.587	0.642	-1.083
"YNL209W"	0.2415	-2.368	-2.962	-2.469	-3.114	-4.441	-4.707	1.383	-3.795	-3.591	-3.471	-3.728	0.767	0.223	-1.452	-0.961	0.134	-1.338	-2.128	-1.821	-1.051	-1.61	-2.011	-0.118	0.071	-4.616	-0.128	-0.315	-0.646	0.5345	-3.361	-4.586	-3.709	-2.704	-4.209	-4.158	-3.075	-2.368	-0.014	0.322	0.803	-0.403	-0.297	-0.25
"YNL248C"	0.0	-4.791	-4.364	-4.315	-3.398	-4.455	-4.373	1.117	-5.716	-3.559	-3.442	-3.866	0.042	0.19	-1.381	-0.494	0.124	-2.371	-2.958	-1.972	-1.687	-2.005	-1.857	0.256	-0.422	-4.868	-0.517	-0.146	-0.259	0.195	NaN	-4.652	-4.217	-2.416	-6.193	-3.878	-3.385	-3.227	0.407	-0.187	0.076	0.291	-0.535	-0.818
"YNL255C"	0.013	-2.307	-1.78	-1.949	-2.087	-1.674	-2.303	1.207	-2.297	-1.542	-0.91	-1.708	0.445	0.179	-1.068	-0.059	0.099	0.24	-0.655	-0.907	-0.1	-1.201	-1.528	0.109	0.29	-2.084	-0.113	-0.031	-0.326	0.025	-1.791	-2.446	-1.888	-0.798	-2.147	-1.189	-1.154	-1.609	0.198	0.473	-0.204	0.367	-0.235	-0.436
"YNR014W"	-0.219	4.132	3.469	3.411	2.714	3.398	3.096	-2.233	1.8495	0.759	0.074	1.795	-0.717	0.026	0.606	0.903	-0.223	3.382	3.173	2.702	2.496	2.92	2.462	0.269	-0.353	3.438	-0.33	-1.079	-0.727	0.174	1.723	1.438	0.699	0.38	3.301	1.234	0.347	0.629	-0.424	0.022	-0.483	0.569	-0.502	-0.321
"YNR034W"	0.196	2.393	2.101	2.102	1.529	2.195	2.193	-1.212	1.1025	0.669	0.8665	0.71	-0.238	-0.321	0.76	0.237	0.159	2.755	3.39	2.794	2.477	2.793	2.466	-0.096	-0.171	2.115	0.086	0.16	-0.06	-0.222	2.138	1.425	0.764	1.342	1.423	1.342	0.179	2.174	0.73	-0.689	0.238	-1.006	0.006	0.01
"YOL084W"	-0.799	7.338	6.842	5.814	3.893	4.889	5.198	-4.858	3.98	2.867	5.506	1.682	0.228	-0.389	2.999	0.495	-0.119	4.466	4.039	4.815	1.316	3.062	2.77	-0.122	-0.187	6.093	-0.528	-1.033	-0.437	0.017	1.878	2.604	3.522	1.705	3.145	3.857	2.381	3.183	-1.891	1.285	-1.038	0.191	0.154	-0.227
"YOL121C"	-0.016	-1.91	-1.914	-2.133	-1.946	-3.131	-3.578	1.161	-1.946	-2.3835	-1.5685	-1.922	0.794	0.262	-1.826	-0.155	0.285	-0.861	-1.375	-0.927	-0.783	-1.672	-1.497	-0.002	0.173	-3.406	-0.827	0.039	0.013	0.042	-2.478	-3.912	-2.653	-2.14	-3.465	-2.982	-2.546	-2.879	0.126	0.078	-0.064	0.261	-0.611	-0.812
"YOL127W"	-0.025	-1.953	-1.89	-2.203	-1.985	-3.195	-3.601	1.172	-4.1025	-1.8795	-3.156	-1.0185	0.82	0.337	-1.67	0.093	0.289	-1.393	-1.856	-1.521	-1.145	-1.955	-1.871	0.282	0.745	-2.867	-0.29	1.464	1.243	-0.521	-2.233	-3.393	-2.333	-2.293	-3.103	-2.261	-2.342	-2.917	-0.134	0.557	0.071	0.457	-1.085	-1.322
"YOR054C"	-0.182	1.632	1.523	1.664	1.02	1.984	1.737	-0.734	1.631	0.745	2.0535	1.2535	0.577	-0.33	0.64	0.049	-0.278	1.418	1.504	1.038	1.259	1.762	1.615	0.225	0.183	1.895	-0.055	-0.207	-0.271	0.074	0.951	1.868	1.662	1.262	2.229	2.032	1.31	1.882	-0.298	-0.017	-0.087	-0.091	0.191	0.735
"YOR161C"	-1.38	4.001	3.236	3.086	3.119	3.816	4.021	-2.377	2.4685	0.4165	1.305	1.032	-1.784	-0.98	1.71	-0.707	0.416	3.281	3.838	3.915	3.134	3.494	3.886	-0.165	0.234	4.326	-0.24	-0.642	-1.394	0.003	3.637	1.615	0.898	1.382	2.792	1.126	0.17	2.276	-0.814	0.641	-0.804	-0.837	-0.555	-2.407
"YOR178C"	-0.274	3.206	3.13	2.615	1.968	2.423	2.529	-1.449	4.6505	3.5155	3.9715	2.579	-1.04	-0.31	2.585	0.266	0.291	-0.337	-0.359	-0.606	0.139	0.213	0.082	0.047	-0.144	3.243	-0.24	0.276	0.19	0.213	0.061	1.503	0.471	1.354	2.364	0.468	0.164	1.444	-0.084	-0.239	0.056	0.261	-0.15	-0.322
"YOR273C"	-0.47	3.782	1.599	3.0665	3.497	3.987	3.9945	-2.699	2.881	2.48366666666667	2.58366666666667	0.701666666666667	-0.7695	-0.278	2.066	-0.1415	0.0425	2.292	2.22	1.6695	2.2765	2.421	2.3945	0.725	0.106	3.7365	-0.609	-1.021	-0.893	0.187	3.611	0.167	0.54	0.274	2.858	1.322	1.437	0.585	-0.546	0.599	-0.381	0.551	0.023	-0.455
"YOR293W"	0.067	-2.282	-1.741	-2.435	-2.205	-3.618	-3.854	1.033	-4.155	-3.7615	-2.996	-3.442	0.626	0.213	-1.537	-0.075	-0.036	-2.072	-2.613	-1.918	-1.397	-2.238	-2.131	0.192	0.462	-3.151	-0.942	0.112	-0.003	0.035	-3.047	-3.53	-3.262	-3.205	-3.853	-3.23	-2.89	-3.271	0.085	0.147	0.269	-0.406	-0.118	-0.241
"YOR317W"	0.065	3.889	0.735	3.626	2.837	2.87	3.276	-2.003	2.1185	0.834	1.4275	0.92	-0.505	0.013	1.731	-1.069	0.05	1.308	1.33	1.118	1.142	1.439	1.666	-0.415	-0.325	4.014	-0.717	-0.254	-0.316	0.219	2.113	1.543	1.727	0.497	2.338	2.485	1.416	1.569	-0.205	0.368	0.8	-0.79	0.28	0.473
"YOR369C"	-0.067	-1.398	-1.705	-2.084	-2.312	-2.946	-2.962	1.029	-3.6225	-4.255	-2.7865	-3.0405	0.649	0.263	-1.649	-0.044	0.217	-1.519	-2.104	-1.873	-1.053	-1.97	-2.181	0.256	0.225	-2.806	-0.685	-0.228	-0.119	-0.123	-2.698	-3.362	-2.395	-1.842	-3.032	-3.003	-2.641	-3.203	0.499	0.598	0.31	0.344	0.046	-0.038
"YOR374W"	-0.268	6.023	5.497	5.435	4.793	5.107	5.196	-3.698	3.814	3.737	4.754	3.9755	-1.1	-0.503	2.88	0.126	-0.468	3.434	4.197	4.026	2.6	3.521	3.774	-0.104	-0.434	5.624	-0.371	-0.603	-0.448	0.135	5.156	4.248	4.075	3.07	4.363	3.921	2.721	2.469	-0.819	0.853	-0.657	0.318	0.089	0.275
"YPL004C"	-0.151	3.048	2.832	2.525	2.254	2.241	2.589	-0.934	2.962	1.8025	2.109	1.4925	-0.562	-0.217	1.669	-0.837	-0.26	1.641	2.317	2.41	1.502	2.437	2.236	-0.522	-0.484	2.2	0.203	0.221	-0.183	0.157	3.003	2.73	2.358	1.924	3.09	2.61	1.146	0.623	-0.268	0.159	0.1	-0.235	0.21	0.457
"YPL043W"	-0.198	-4.246	-2.686	-4.0	-3.773	-4.198	-4.087	0.604	-4.668	-2.8315	-2.0985	-3.157	0.309	-0.013	-1.632	0.188	-0.112	-2.339	-2.772	-2.128	-1.506	-2.207	-2.26	0.424	-0.1325	-4.555	-0.013	-0.302	-0.292	0.191	-3.988	-3.093	-2.958	-2.833	-4.308	-2.784	-2.516	-1.302	-0.025	-0.297	-0.466	0.156	-1.348	-0.722
"YPL079W"	-0.307	-2.261	-2.147	-2.597	-2.277	-3.115	-3.828	0.688	-4.616	-4.1965	-3.3525	-3.085	0.672	0.085	-1.496	0.148	0.031	-2.117	-2.574	-1.965	-1.758	-2.209	-2.429	-0.575	-0.058	-3.135	-0.364	0.277	0.111	-0.574	-1.936	-2.865	-2.753	-2.74	-3.573	-3.431	-2.725	-2.785	-0.041	0.134	-0.077	-0.028	-0.573	-1.115
"YPL081W"	-0.167	-2.088	-1.226	-2.158	-1.543	-2.931	-3.841	0.427	-4.5065	-3.3595	-3.083	-2.5355	0.633	0.068	-1.813	0.175	0.099	-2.363	-2.576	-1.786	-2.106	-2.383	-2.29	-0.74	-0.266	-2.52	0.353	0.437	0.504	-0.095	-1.967	-3.083	-2.359	-1.427	-3.939	-2.717	-2.656	-3.157	-0.027	-0.001	0.037	-0.257	-0.685	-0.632
"YPL090C"	0.1	-2.294	-1.862	-2.09	-2.497	-3.529	-3.965	0.955	-3.9615	-3.256	-2.4215	-3.398	0.491	-0.043	-1.174	-0.278	-0.045	-2.093	-2.805	-2.023	-1.131	-1.985	-1.805	0.558	0.445	-3.272	-0.231	-0.333	-0.416	0.123	-2.536	-4.244	-3.265	-3.165	-4.101	-3.571	-2.951	-2.658	-0.168	0.155	-0.11	-0.243	-0.294	-0.35
"YPL186C"	-1.563	3.741	3.288	3.149	2.445	2.982	2.824	-2.379	4.53	4.047	4.3765	3.634	-0.792	-0.387	2.117	1.303	0.206	0.251	1.293	1.83	0.418	1.595	1.175	1.55	0.932	3.423	-0.529	-0.002	0.713	0.07	3.248	3.028	3.716	3.007	3.997	3.587	1.863	4.312	-1.095	0.562	-1.533	0.502	-0.29	-0.894
"YPL220W"	0.064	-1.847	0.52	-2.404	-2.267	-3.278	-3.871	1.277	-3.389	-2.4215	-2.214	-3.0375	0.968	0.447	-2.396	-0.008	0.081	-1.42	-2.457	-2.005	-1.023	-2.078	-2.022	-0.373	0.249	-3.09	-0.281	0.099	0.334	0.216	-2.654	-3.366	-2.375	-1.67	-3.554	-2.774	-2.352	-3.007	-0.112	0.138	0.503	-0.233	-0.169	-0.324
"YPL230W"	-0.13	4.974	4.291	4.618	3.373	4.328	4.009	-2.977	5.7835	4.1855	4.299	4.669	-1.239	0.091	1.862	1.354	-0.203	3.397	3.667	3.445	2.464	3.243	3.113	1.315	-0.36	4.608	0.274	-1.173	-0.09	0.099	2.809	4.381	3.913	2.496	-1.432	1.055	-1.089	-0.368	0.269	0.044	-0.088	-0.476	0.492	0.414
"YPL247C"	-0.134	3.7175	3.1825	2.8855	2.3165	3.0315	3.09	-1.7005	3.12633333333333	2.68633333333333	2.16	1.923	-1.221	-0.367	NaN	0.081	-0.1675	2.5345	2.9995	2.6075	2.1785	2.611	2.5025	0.462	0.206	3.357	0.737	-0.303	-0.08	0.264	2.541	3.502	2.62	1.528	3.868	2.856	1.362	1.934	-0.153	-0.359	-0.262	-0.917	-0.968	-2.536
"YPR044C"	-0.432	-1.3805	-1.4165	-1.9475	-1.783	-2.4	-2.752	0.9015	-3.163	-2.92933333333333	-2.52066666666667	-3.21966666666667	0.481	0.127	-1.324	0.103	-0.088	-1.0815	-1.535	-1.1145	-0.976	-1.5965	-1.486	0.15	-0.131	-2.5325	-0.812	0.279	-0.038	0.179	-1.457	-2.586	-2.282	-1.954	-2.862	-2.352	-2.43	-2.877	0.164	0.396	-0.662	0.609	-0.571	-1.039
"YPR102C"	0.009	-2.11	-1.829	-2.298	-2.206	-3.37	-4.232	1.367	-3.521	-3.2315	-3.3515	-3.5055	0.704	0.174	-1.781	-0.226	0.219	-1.647	-2.388	-1.826	-1.25	-2.23	-2.126	0.444	0.696	-3.007	-0.251	-0.009	0.025	0.117	-2.5	-3.927	-2.614	-2.344	-4.015	-3.517	-2.547	-3.247	-0.003	0.253	0.005	0.272	-0.369	-0.381
"YPR163C"	-0.041	-2.552	-2.883	-2.832	-2.415	-3.276	-3.939	1.032	-3.6815	-2.265	-1.717	-2.5635	0.082	-0.189	-1.271	-0.483	-0.06	-1.315	-2.045	-1.884	-0.687	-1.688	-1.806	-0.259	0.723	-3.572	-0.342	-0.156	-0.371	0.195	-3.015	-3.506	-3.14	-1.955	-3.575	-2.873	-2.034	-2.32	-0.092	0.194	-0.644	0.591	-0.577	-0.007
