	"108.heat shock 15 min"	"115.heat shock 20 min repeat"	"116.heat shock 40 min"	"408.heat shock 29 to 37, 20 minutes"	"409.heat shock 25 to 37, 20 minutes"	"410.heat shock 21 to 37, 20 minutes"	"497.Heat Shock 000 minutes"	"781.Heat Shock 000 minutes (series 2)"	"797.Heat Shock 000 minutes (series 3)"	"834.1.5 mM diamide (30 min)"	"854.YPD_6_h_30C"	"861.YPD_5_d_30C"	"1009.YPD 2 h (25C)"	"4779.DBY7286 + 0.1 mM H2O2 - 30 min"	"4872.1M sorbitol - 60 min"	"4874.1M sorbitol - 90 min"	"6344.DES460 + 0.02% MMS - 5 min"	"6351.DES460 + 0.02% MMS - 30 min"	"6354.DES460 + 0.2% MMS - 45 min"	"6357.DES460 + 0.02% MMS - 60 min"	"6358.DES460 + 0.02% MMS - 90 min"	"7760.Na 45min"	"8247.steady state 36 dec C: y14n095"	"8520.DES460 + 0.02% MMS - 120 min"	"8522.DES459 (mec1-) + 0.02% MMS - 45 min"	"8523.DES459 (mec1-) + 0.02% MMS - 60 min"	"8524.DES459 (mec1-) + 0.02% MMS - 90 min"	"8525.DES459 (mec1-) + 0.02% MMS - 120 min"	"12744.heat shock 17 to 37, 20 minutes"	"30773.Pomona/Brown Sir3x red"	"32253.DBY8778_heat_shock2_15min"	"32254.DBY8778_heat_shock2_30min"	"33259.delKIN82_heat shock _15min"	"33779.delYPL230w_stationary_phase_5hours"	"40950.H2O2_II_42_min"	"40951.H2O2_II_49_min"	"40952.H2O2_II_56_min"	"40953.H2O2_II_63_min"	"40954.H2O2_II_70_min"	"40968.MD_II_49_min"	"40969.MD_II_56_min"	"40970.MD_II_63_min"	"40972.MD_II_85_min"	"40973.MD_II_100_min"	"40975.MD_II_130_min"	"40976.MD_II_140_min"
"YAL025C"	-3.328	-3.541	-1.491	-2.585	-2.861	-1.16	0.582	1.022	0.971	-2.533	-3.811	-3.37	-0.347	0.3	-0.008	-0.0755	0.133	-0.996	-0.9405	-1.132	-1.168	-2.292	-0.578	-0.983	0.105	0.2715	0.069	0.0715	-2.373	0.066	NaN	-3.235	-3.005	-4.546	-3.945	-1.81	-2.816	-1.476	-2.999	-2.102	-2.964	-2.144	-1.274	-1.758	-1.847	-1.275
"YAL034C"	1.672	-0.392	0.296	1.322	1.886	1.874	-0.418	-0.933	-0.719	0.763	3.837	1.428	-5.0E-4	0.887	0.009	-0.0675	0.182	0.157	0.029	-0.1195	0.073	1.533	0.415	-0.124	-0.373	-0.292	-0.2325	-0.027	2.202	0.102	1.843	1.198	1.883	2.944	1.894	1.857	2.15	1.68	1.406	0.814	2.196	1.675	1.994	1.391	1.422	1.273
"YBL064C"	3.764	3.794	2.215	3.768	4.454	4.288	-1.882	-2.098	-2.178	3.372	3.751	-0.857	0.55	1.145	-0.4815	0.9565	0.052	1.9045	2.454	2.7245	2.9475	2.953	1.022	3.3395	1.4345	1.5485	1.229	1.3755	4.937	0.125	4.277	3.627	3.707	4.371	3.557	4.73	4.644	4.1	4.598	4.294	3.213	3.804	3.343	2.586	3.546	3.207
"YBL078C"	2.604	2.342	1.615	2.615	3.251	2.666	-1.8735	-2.248	-0.36	2.023	2.379	1.286	-0.2165	0.311	-0.118	-0.086	0.008	1.138	1.0255	0.6635	0.798	3.113	-0.179	0.941	0.7295	0.6495	0.486	0.638	3.649	-0.012	2.061	1.89	3.751	3.878	2.039	2.535	2.615	1.814	2.117	2.449	2.409	1.629	0.582	0.858	1.54	1.023
"YBR079C"	-1.418	-2.18	-0.505	-1.147	-1.984	-2.451	-0.1205	0.644	0.638	-1.433	-2.406	-4.79	-0.606	-0.267	-0.0865	-0.197	0.034	-0.2665	-0.3405	-0.4855	-0.701	-1.053	-0.733	-0.475	-0.0595	0.055	-0.1735	-0.092	-2.715	0.138	-2.083	-1.602	-1.859	-2.215	-1.588	-2.293	-1.541	-2.069	-1.533	-1.815	-3.602	-2.935	-1.917	-0.029	-0.903	-1.746
"YBR084W"	-2.64	-3.129	-1.216	-2.61	-3.49	-3.539	0.407	0.888	0.738	-2.218	-4.143	-5.362	-0.02	-0.126	-0.015	-0.2625	-0.166	-0.8135	-0.699	-0.809	-1.1245	-2.037	0.125	-0.7975	-0.294	-0.382	-0.6805	-0.666	-4.142	0.193	-4.322	-3.02	-3.783	-4.104	-2.647	-3.082	-3.886	-2.886	-2.974	-2.671	-4.042	-2.826	-2.786	-2.018	-2.88	-3.139
"YBR214W"	2.351	1.9155	1.356	1.0875	1.61	1.77	-0.922333333333333	-2.023	0.0225	1.29	0.634	-0.419	0.008	-0.4125	0.117	0.111333333333333	-0.34	0.57	0.542333333333333	0.763666666666667	1.35966666666667	2.278	0.0415	0.788333333333333	-0.249333333333333	-0.16	0.091	-0.034	1.9665	0.147	4.093	3.729	2.948	4.29	3.454	2.647	2.815	1.724	2.173	2.483	2.489	1.667	2.161	1.803	1.428	2.117
"YCL037C"	-3.343	-2.957	-1.134	-2.341	-3.618	-3.651	0.64	0.537	0.291	-2.297	-4.172	-3.932	-0.015	0.279	-0.06	-0.022	-0.128	-0.74	-0.733	-0.6355	-0.7265	-1.23	0.008	-0.7385	-0.674	-0.3455	-0.456	-0.4435	-2.787	0.295	-2.844	-1.031	-3.208	-1.746	-3.924	-5.179	-3.883	-3.259	-3.41	-2.213	-2.414	-2.976	-3.335	-1.49	-2.281	-1.224
"YCR004C"	1.669	1.229	1.149	1.351	1.572	1.736	-0.3525	-0.353	-0.411	1.777	1.142	-2.456	0.455	0.261	-0.0875	-0.4965	0.336	0.4695	0.6995	0.586	0.858	1.54	0.233	0.924	0.207	0.2245	-0.0105	0.068	2.11	0.052	1.135	0.879	1.866	1.329	0.972	1.729	1.772	1.58	1.511	2.107	1.934	1.444	1.788	1.756	1.151	0.774
"YCR087W"	-2.207	-1.898	-1.82	-1.939	-2.231	-1.945	1.104	1.123	1.188	-1.046	-0.709	-2.054	-0.561	0.138	-0.0065	-0.159	-0.1	-0.6115	-0.747	-0.44	-0.5105	-1.358	-0.205	-0.2955	0.0465	0.055	0.3275	0.2765	-2.45	-0.377	-1.787	-1.973	-1.763	-2.163	-1.184	-1.495	-1.478	-1.824	-1.811	-1.322	-2.32	-2.32	-1.689	-1.726	-1.318	-1.967
"YCRX16C"	-1.652	-2.03	-1.217	-1.941	-2.404	-1.971	0.996	0.974	0.803	-1.642	-1.763	-2.452	-0.469	0.307	0.2085	-0.0345	0.119	-0.359	-0.344	-0.3535	-0.393	-1.447	-0.137	-0.039	0.037	-0.0475	0.087	0.1525	-2.117	-0.439	-1.794	-1.195	-0.998	-2.277	-1.643	-2.145	-2.682	-2.184	-1.936	-2.005	-2.971	-2.553	-1.558	-1.362	-0.96	-1.629
"YDL014W"	-3.382	-2.366	-1.899	-2.465	-4.46	-4.776	1.4755	1.341	1.058	-1.992	-3.37	-2.641	5.0E-4	-0.095	-0.232	-0.289	-0.252	-0.9035	-0.7165	-0.782	-1.0865	-1.546	-0.174	-0.758	-0.477	-0.4475	-0.3335	-0.206	-4.277	0.121	-3.718	-3.081	-3.399	-4.482	-2.119	-3.4	-2.687	-2.521	-1.377	-2.864	-3.081	-2.681	-2.986	-2.123	-2.192	-3.258
"YDL050C"	-2.278	-1.047	-1.363	-2.322	-2.45	-2.283	0.067	0.319	0.813	-1.515	-1.678	-2.937	0.174	0.408	0.123	0.284	0.131	-0.464	-0.641	-0.679	-0.749	-2.059	0.024	-0.42	0.02	0.046	-0.081	0.318	-2.875	-0.127	-2.137	-1.852	-1.796	-3.019	-1.414	-2.287	-2.228	-1.877	-1.387	-2.371	-2.39	-2.294	-2.015	-1.907	-2.446	-2.598
"YDL051W"	-2.35	-2.784	-2.026	-2.447	-3.059	-3.066	0.273	0.817	0.807	-1.688	-3.639	-3.563	-0.208	0.028	0.163	0.016	-0.038	-0.819	-0.865	-0.759	-0.815	-1.945	0.096	-0.585	-0.102	-0.085	-0.159	-0.231	-3.388	0.14	-2.805	-1.933	-2.491	-3.192	-2.373	-2.38	-2.435	-2.444	-2.047	-2.607	-2.117	-3.291	-2.863	-2.803	-2.324	-2.58
"YDL060W"	-2.485	-1.469	-1.838	-2.459	-2.961	-1.9	0.303	0.807	0.586	-1.932	-2.808	-2.3	0.129	0.744	0.215	-0.223	-0.054	-0.475	-0.624	-0.813	-0.602	-0.546	-0.674	-0.276	0.002	0.181	0.204	0.308	-2.833	0.112	-2.676	-1.819	-2.62	-2.496	-2.964	-3.2	-2.179	-1.891	-1.444	-2.574	-1.437	-1.951	-2.235	-1.724	-2.051	-2.296
"YDL063C"	-3.209	-3.024	-2.433	-2.945	-2.864	-2.304	0.263	1.0	0.922	-2.352	0.085	-3.701	-0.321	0.384	-0.15	-0.175	-0.129	-1.055	-0.695	-0.866	-0.74	-1.966	-0.032	-1.032	-0.289	-0.035	-0.007	-0.145	-3.467	0.095	-3.005	-2.816	-2.525	-3.127	-3.065	-3.912	-2.986	-2.206	-2.188	-2.459	-3.077	-2.855	-3.121	-1.95	-1.545	-2.039
"YDL124W"	3.398	3.375	2.513	2.524	3.037	2.927	-1.409	-1.287	-1.851	3.54	4.364	1.202	0.568	0.214	0.832	0.39	0.619	1.503	1.483	1.673	1.628	3.951	0.539	1.581	1.33	0.96	0.867	0.801	2.293	0.071	3.568	3.134	2.977	3.876	2.349	3.418	2.865	3.897	3.054	3.299	4.106	2.923	3.349	3.681	2.555	2.808
"YDL148C"	-4.262	-3.284	-1.419	-2.868	-3.476	-2.829	0.984	0.896	0.854	-3.097	-3.372	-4.257	0.08	0.313	0.234	-0.134	-0.092	-1.195	-1.228	-1.243	-1.078	-2.173	-0.809	-1.132	0.503	0.599	0.741	0.598	-3.488	0.026	-2.998	-1.35	-1.648	0.058	-2.374	-2.66	-2.849	-1.971	-1.869	-1.765	-2.934	-1.825	-2.401	-2.235	-2.478	-2.319
"YDL153C"	-4.549	-4.333	-1.678	-3.047	-4.369	-3.668	1.087	1.042	1.016	-2.998	-3.698	-2.931	-0.236	-0.252	0.179	-0.117	-0.267	-1.238	-1.204	-1.057	-0.948	-2.642	-0.705	-1.011	0.234	0.432	0.491	0.268	-4.079	0.076	-2.5	-2.189	-1.85	-5.47	-2.409	-3.278	-2.478	-2.582	-2.011	-1.891	-1.822	-2.384	-2.786	-2.056	-2.46	-1.216
"YDR032C"	2.621	2.386	2.085	1.969	2.575	2.651	-0.844	-1.201	-1.099	2.744	2.223	-1.615	0.48	0.345	-0.254	-0.159	0.221	0.703	1.116	1.22	1.496	0.924	1.262	1.438	0.347	0.395	0.549	0.198	2.935	0.072	2.422	2.381	3.219	2.667	2.011	2.887	2.996	3.105	3.317	3.225	4.115	3.714	4.659	3.971	4.542	4.07
"YDR083W"	-2.781	-3.602	-1.574	-2.743	-3.018	-3.242	0.97	1.266	0.774	-2.515	-3.47	-2.922	-0.269	0.511	0.177	-0.043	-0.375	-0.98	-0.861	-1.012	-1.087	-1.78	-0.644	-0.837	0.429	0.319	0.308	0.329	-3.386	-0.044	-3.178	-2.503	-1.496	-2.713	NaN	-2.971	-3.133	-2.902	-2.678	-2.916	-2.089	-2.822	-1.884	-1.268	-0.75	-1.59
"YDR101C"	-3.513	-3.404	-1.887	-3.0	-3.74	-3.659	1.358	1.377	1.43	-2.204	-4.306	-4.667	0.188	0.024	0.107	0.093	-0.233	-1.295	-1.139	-1.223	-1.21	-2.352	-0.225	-1.528	-0.079	0.113	0.039	-0.231	-3.253	-0.103	-3.244	-2.428	-3.315	-3.048	-5.251	-2.911	-2.551	-2.764	-2.644	-3.486	-3.361	-2.827	-3.089	-2.576	-3.128	-2.094
"YDR120C"	-3.186	-2.84	-1.943	-2.699	-2.817	-2.359	1.226	1.101	1.033	-2.025	-2.742	-3.115	0.119	-0.388	0.056	0.332	-0.397	-1.021	-0.972	-1.131	-0.769	-2.465	-0.104	-1.373	-0.023	0.114	0.064	-0.179	-2.159	-0.02	-3.752	-2.621	-2.093	-2.616	NaN	-3.661	-3.766	-3.542	-2.798	-2.198	-4.601	-2.119	-2.564	-1.71	-1.973	-2.809
"YDR184C"	-3.745	-3.004	-1.647	-2.64	-3.408	-2.671	0.902	1.162	0.854	-1.547	-3.504	-1.842	0.067	0.262	0.004	0.06	-0.249	-0.618	-0.514	-0.569	-0.682	-1.882	0.007	-0.286	0.281	0.187	0.323	0.05	-3.644	-0.2535	-3.588	-2.225	-2.068	-3.208	NaN	-3.0325	-3.0895	-2.2905	-3.084	-0.915	-2.793	-2.1695	-2.957	-1.5655	-2.0565	-1.032
"YDR321W"	-1.45	-2.499	-1.277	-2.037	-2.545	-2.484	0.767	0.698	0.858	-1.816	-3.554	-4.43	0.275	-0.392	-0.017	-0.202	0.099	-0.549	-0.652	-0.505	-0.69	-1.545	0.555	-0.592	-0.425	-0.308	-0.113	-0.126	-2.221	0.05	-2.479	-1.895	-1.458	-3.214	-2.472	-2.671	-3.009	-4.335	-2.664	-2.832	-3.642	-4.82	-2.058	-2.768	-2.173	-2.168
"YDR391C"	2.866	2.203	1.608	2.222	2.543	2.198	-1.064	-1.127	-0.787	1.418	3.005	-0.924	0.299	0.31	0.089	-0.22	0.172	0.431	0.632	0.364	0.713	2.406	-0.115	0.587	0.614	0.352	0.54	0.905	2.907	0.027	3.456	3.28	3.107	3.318	1.543	2.277	2.282	1.582	2.007	1.702	2.421	2.137	0.737	1.464	1.453	1.011
"YDR399W"	-3.808	-4.226	-1.273	-3.084	-3.396	-2.921	0.899	1.164	1.022	-2.786	-4.676	-4.784	0.177	0.163	-0.101	-0.402	-0.062	-1.012	-0.93	-1.286	-1.01	-4.052	0.01	-1.141	-0.254	-0.238	-0.221	-0.158	-2.993	-0.051	-2.911	-2.011	-2.094	-2.321	-4.807	-3.393	-4.366	-4.453	-2.615	-4.282	-3.815	-3.846	-3.723	-1.731	-3.639	-3.377
"YDR413C"	-2.496	-2.392	-1.602	-1.803	-2.779	-2.502	1.14	1.079	0.937	-1.55	-2.622	-2.057	-0.135	0.08	0.208	-0.05	-0.231	-0.698	-0.723	-0.491	-0.622	-1.14	-0.235	-0.677	0.153	0.222	0.298	0.039	-2.652	-1.041	-2.964	-1.766	-1.818	-2.336	-1.988	-2.095	-2.112	-1.61	-2.009	-1.569	-1.985	-1.746	-2.423	-1.855	-1.578	-1.085
"YDR496C"	-5.251	-3.9025	-2.571	-3.671	-4.953	-4.7405	1.31	1.402	1.146	-2.809	-3.1645	-4.393	-0.0525	0.187	0.0765	-0.09	-0.191	-1.128	-1.238	-1.2075	-1.315	-3.5775	-0.7585	-1.2795	0.452	0.59	0.507	0.392	-5.1875	0.163	-3.216	-2.317	-1.02	-1.917	-2.456	-2.2185	-2.1355	-2.6255	-1.32	-2.303	-2.1025	-2.312	-2.664	-2.334	-2.6665	-2.11
"YDR512C"	1.176	1.168	-0.035	1.172	1.296	1.442	-0.305	-0.448	-0.299	1.558	1.552	-1.469	0.209	0.041	-0.211	0.127	0.069	0.255	0.444	0.453	0.481	0.826	0.449	0.329	0.221	-0.086	-0.042	-0.481	1.921	-0.803	2.135	1.87	2.081	1.168	1.154	1.19	1.737	1.865	1.448	1.359	1.636	1.381	2.535	1.497	1.124	1.181
"YDR513W"	2.412	1.899	1.699	2.432	2.488	2.811	-0.911	-0.977	-0.919	2.567	3.15	-2.242	0.319	0.291	0.198	0.281	0.278	0.833	0.765	0.554	0.191	1.71	0.031	0.503	0.467	0.294	0.112	0.053	2.825	0.181	3.768	3.163	3.445	3.813	2.567	3.148	3.15	3.558	2.907	3.371	4.006	3.043	3.039	2.327	3.011	2.25
"YDR533C"	2.65	2.639	2.419	3.253	4.202	4.401	-1.204	-1.427	-1.547	4.932	4.381	2.124	0.351	1.154	-0.03	0.35	0.251	1.132	1.765	1.872	1.897	2.384	0.421	2.198	1.163	1.17	0.965	1.007	4.974	0.098	2.364	2.16	3.034	5.494	3.294	3.92	3.369	2.416	3.567	2.801	4.442	3.558	4.309	3.029	3.625	3.254
"YER110C"	-2.284	-3.748	-1.949	-3.479	-2.781	-3.755	0.115	0.844	0.554	-3.971	-5.799	-3.969	0.022	-0.14	0.239	0.074	-0.079	-0.634	-0.7	-0.884	-0.851	-1.865	0.086	-0.832	-0.968	-0.412	-0.281	-0.175	-3.165	0.199	-0.285	-0.333	-0.636	-0.061	-2.719	-4.092	-3.027	-3.583	-2.822	-4.794	-2.965	-2.05	-3.102	-2.172	-1.662	-2.658
"YER126C"	-3.132	-2.634	-1.396	-3.488	-4.626	-4.459	0.995	1.185	0.966	-2.383	-4.455	-5.367	0.014	0.251	0.385	0.309	0.017	-0.783	-0.603	-0.92	-0.742	-3.035	-0.496	-0.564	0.437	0.26	0.453	0.391	-5.253	-0.476	-5.806	-2.916	-3.166	-3.761	-3.063	-2.043	-2.284	-3.4505	-1.8395	-1.628	-1.6815	-1.8555	-1.6975	-1.4685	-1.2225	-1.029
"YGL078C"	-4.33	-3.709	-1.968	-3.238	-4.399	-3.428	1.47	1.485	1.169	-2.465	-4.866	-4.455	0.148	-0.231	0.117	-0.065	-0.061	-1.352	-1.279	-1.448	-1.38	-3.376	-0.457	-1.112	-0.176	0.13	-0.033	-0.177	-4.147	0.004	-3.538	-2.819	-2.52	-3.576	-3.661	-4.176	-2.945	-2.745	-2.258	-2.219	-3.367	-1.981	-2.643	-2.457	-2.919	-2.236
"YGL123W"	-1.71	-2.557	-1.674	-2.339	-3.47	-4.378	1.27	1.264	1.189	-1.236	-3.781	-5.982	0.589	0.007	0.027	-0.229	0.274	-0.334	-0.318	-0.467	-0.511	-2.323	-0.32	-0.495	-0.145	-0.201	-0.32	-0.118	-3.308	0.216	-2.292	-1.348	-1.987	-4.123	-1.237	-1.047	-2.466	-2.204	-2.415	-1.618	-1.9	-1.946	-2.404	-1.944	-2.333	-2.058
"YGL147C"	-2.372	-3.006	-1.899	-2.704	-4.102	-4.319	1.427	1.186	1.241	-1.232	-3.892	-7.507	0.278	0.068	0.326	0.219	0.431	-0.407	-0.382	-0.492	-0.74	-2.522	0.098	-0.708	-0.118	-0.051	-0.216	-0.008	-3.829	0.071	-2.3925	-1.8665	-2.087	-3.1585	-2.138	-2.793	-3.253	-3.352	-2.829	-1.129	-2.987	-3.054	-2.849	-2.553	-2.63	-3.298
"YGL171W"	-4.302	-4.243	-1.503	-2.091	-3.818	-3.208	1.073	1.03	0.854	-3.363	-5.822	-4.649	0.029	0.38	0.01	-0.194	-0.251	-1.056	-0.851	-0.938	-0.759	-3.247	-0.538	-0.752	0.058	0.362	0.29	0.276	-3.658	-0.154	-3.355	-2.839	-2.722	-3.848	-2.656	NaN	-2.777	-2.687	-2.71	-3.711	-2.26	-1.978	-1.505	-1.626	-3.002	-3.004
"YGR008C"	3.569	3.526	2.106	3.322	3.458	3.861	-2.063	-2.251	-1.107	3.108	3.053	-0.346	0.241	0.39	-0.078	0.023	0.562	0.625	1.074	0.941	1.306	2.784	0.252	1.52	0.923	0.664	0.671	0.744	3.879	0.132	3.801	2.668	2.409	5.566	3.508	3.992	3.382	3.152	3.308	2.632	2.091	1.98	1.853	1.488	1.715	1.631
"YGR103W"	-4.795	-5.229	-3.278	-4.485	-5.118	-3.624	1.487	1.243	1.223	-3.985	-4.825	-5.518	-0.038	-0.468	0.129	-0.29	-0.084	-1.602	-1.459	-1.251	-1.138	-3.571	-1.01	-1.159	0.068	0.46	0.298	0.176	-5.075	0.129	-4.921	-3.6885	-3.2185	-4.287	-1.469	-2.261	-4.308	-2.93	-2.48	-2.75	-2.366	-3.142	-2.479	-3.181	-3.975	-2.5
"YGR123C"	-3.5875	-3.2965	-1.9375	-3.0495	-4.1895	-3.748	1.116	0.996	0.986	-1.517	-4.447	-4.328	0.022	-0.064	-0.141	0.106	-0.2795	-0.925	-0.737	-0.754	-0.832	-1.73	-0.328	-0.6	-0.159	0.033	-0.091	-0.408	-4.594	0.2875	-2.795	-1.547	-2.966	-3.836	-1.6565	-1.7785	-1.7395	-2.0045	-1.422	-1.597	-2.078	-1.407	-1.67	-1.483	-2.132	-1.731
"YGR128C"	-2.985	-3.042	-1.3415	-2.4315	-3.197	-2.749	0.453	0.922	0.782	-2.352	-3.032	-4.271	-0.071	0.391	0.096	-0.15	-0.059	-0.65	-0.361	-0.594	-0.493	-2.422	-0.143	-0.446	0.155	0.21	0.293	0.147	-2.534	0.033	-2.714	-1.919	-1.414	-0.921	-4.806	-2.6405	-2.081	-2.224	-1.335	-1.582	-1.682	-2.0775	-1.5745	-1.3425	-1.8025	-2.6165
"YGR158C"	-1.5985	-1.3315	-1.0915	-0.914	-1.451	-1.544	0.972	0.674	0.497	-1.001	-2.111	-2.421	0.139	-0.209	-0.275	-0.199	-0.1195	-0.51	-0.535	-0.523	-0.354	-1.232	0.139	-0.634	-0.186	-0.059	-0.087	-0.26	-1.6075	0.128	-1.299	-0.52	-1.474	-2.299	-2.7335	-1.874	-1.3705	-1.5995	-1.547	-1.848	-1.223	-1.64	-2.056	-3.052	-1.622	-1.8995
"YGR160W"	-6.235	-5.9475	-4.248	-5.567	-6.207	-4.6575	1.617	1.4	1.481	-2.687	-4.796	NaN	0.109	0.436	-0.184	-0.447	-0.422	-1.904	-1.726	-1.399	-1.188	-3.857	-0.593	-1.076	-0.833	-0.628	-0.418	-0.665	-6.3385	0.2235	-4.64	-4.207	-4.966	-4.708	-7.282	-5.339	-5.2565	-4.8055	-3.1145	-4.4545	-5.111	-5.62	-4.079	-6.344	-4.482	-3.988
"YGR214W"	-1.7475	-2.4095	-1.2835	-2.2525	-3.7315	-4.254	1.051	0.967	0.903	-1.42	-4.3	-5.16	0.303	0.067	0.128	-0.029	0.356	-0.269	-0.327	-0.522	-0.515	-2.222	0.159	-0.475	0.105	-0.051	0.132	0.224	-3.3975	-0.096	-2.003	0.027	-1.347	-3.805	-1.819	-2.207	-2.933	-2.931	-2.636	-1.891	-2.058	-1.289	-1.54	-2.769	-2.078	-2.448
"YHL011C"	-2.744	-2.467	-1.4255	-2.107	-3.0145	-3.024	1.122	1.023	0.785	-1.5	-2.604	-3.592	0.22	0.065	-0.008	0.173	-0.339	-0.992	-0.454	-0.452	-0.192	-1.859	0.289	-0.123	-0.118	-0.055	0.196	0.074	-3.2715	0.231	-2.38	-1.532	-2.437	-2.086	-0.784	-1.746	-2.302	-2.095	-1.778	-1.435	-2.228	-0.755	-1.476	-0.993	-1.577	-1.669
"YHR020W"	-2.592	-3.22	-1.1335	-2.5795	-3.3085	-3.731	0.957	0.868	0.727	-2.358	-4.019	-4.045	0.286	-0.091	-0.16	-0.26	0.1685	-0.256	-0.316	-0.509	-0.544	-2.165	-0.066	-0.521	-0.158	-0.307	-0.2	-0.279	-3.5805	0.075	-3.021	-1.53	-2.574	-3.861	-2.132	-2.031	-1.903	-2.306	-1.471	-2.26	-2.475	-3.496	-2.501	-2.595	-3.397	-2.597
"YHR148W"	-3.0225	-2.0375	-1.108	-2.8705	-3.2345	-2.692	1.152	1.341	0.758	-1.443	-3.086	-3.377	-0.085	0.482	-0.024	0.176	0.0325	-0.504	-0.553	-0.819	-1.037	-2.43	-0.173	-0.559	0.099	0.045	0.421	0.369	-3.95	0.093	-2.565	-2.119	-2.035	-2.893	-3.323	-3.249	-3.362	-1.915	-4.073	-2.256	-2.333	-1.169	-2.863	-0.905	-1.588	-2.152
"YHR169W"	-3.982	-3.384	-1.629	-2.497	-3.146	-2.919	1.313	1.037	1.078	-2.003	-4.241	-3.088	0.076	0.007	-0.009	-0.3	-0.2335	-1.087	-1.018	-0.983	-0.761	-1.985	0.035	-0.908	-0.036	0.024	0.12	-0.093	-3.6155	0.096	-2.583	-1.533	-1.636	-2.087	NaN	-3.404	-3.113	-3.352	-2.985	-4.577	-5.35	-4.569	-2.461	-3.238	-2.71	-2.794
"YHR170W"	-5.3995	-4.622	-2.4275	-4.14	-4.723	-3.947	1.401	1.292	0.893	-2.551	-4.51	-4.858	0.213	-0.257	0.037	-0.156	-0.1305	-1.052	-1.528	-1.479	-1.253	-2.244	-0.578	-1.224	0.319	0.314	0.522	0.268	-5.252	0.187	-3.576	-2.405	-2.772	-3.601	-2.751	-3.22	-3.476	-3.076	-2.087	-2.821	-3.173	-3.089	-2.219	-3.041	-4.036	-2.383
"YHR199C"	1.2085	0.9215	0.21	0.8095	1.3135	1.3685	-0.268	-0.57	-0.85	1.215	1.593	0.48	0.192	-0.067	-0.17	0.274	0.209	0.442	0.586	0.676	0.828	2.128	0.785	0.786	0.078	0.075	0.275	0.326	1.4135	0.159	1.623	1.586	1.641	1.317	3.69	3.838	2.393	2.773	3.081	2.392	1.858	2.615	2.314	1.927	2.155	1.706
"YIL018W"	1.619	-2.4325	-1.4745	-2.2685	-3.509	-3.965	1.253	1.177	1.056	-1.216	-4.365	-5.749	0.222	-0.012	-0.233	-0.299	0.074	-0.299	-0.4	-0.417	-0.409	-1.963	-0.014	-0.454	0.069	-0.051	-0.005	0.159	-3.4165	0.152	-2.641	-1.895	-1.899	-4.06	-2.249	-2.277	-2.962	-2.689	-2.573	-1.901	-1.909	-1.868	-1.919	-2.534	-1.992	-2.409
"YIL019W"	-4.4845	-3.631	-1.9705	-3.3725	-2.9215	-2.461	1.333	1.208	0.846	-2.382	-2.459	-3.212	-0.207	0.229	0.446	0.65	-0.205	-0.919	-1.125	-1.105	-1.259	-2.101	-0.283	-0.6	0.197	0.297	0.621	0.371	-3.595	-0.224	-4.534	-3.09	-3.039	-4.006	-1.861	NaN	-3.058	-3.118	-3.455	-4.402	-3.036	-2.762	-3.255	-2.302	-3.424	-4.0
"YIR012W"	-1.5825	-1.894	-1.3355	-1.7575	-1.855	-2.3105	1.162	0.869	0.737	-0.977	-4.7	-4.69	0.222	-0.185	0.194	-0.101	0.0135	0.005	-0.614	-0.573	-0.491	-2.396	0.082	-0.434	-0.04	0.29	0.032	0.0	-2.0615	0.015	-2.037	-1.743	-2.222	-3.439	-3.007	-1.988	-1.517	-1.046	-0.878	-2.635	-2.14	-2.658	-1.846	-3.403	-1.67	-2.629
"YJL069C"	-3.028	-3.073	-1.348	-1.3795	-2.9805	-3.0365	1.0	0.854	0.756	-2.116	-4.742	-6.298	-0.007	0.187	-0.09	-0.244	-0.174	-0.746	-0.522	-0.477	-0.512	-2.329	-0.03	-0.58	-0.075	0.328	0.193	0.027	-3.224	0.036	-1.862	-1.93	-2.285	-2.354	NaN	-3.223	-3.75	-1.763	-2.393	-4.069	-3.096	-2.407	-2.556	-2.789	-2.615	-3.111
"YJL109C"	-2.39833333333333	-2.722	-1.614	-2.64066666666667	-3.525	-3.447	0.335	0.3375	0.333	-1.971	-2.165	-2.278	-0.1435	0.4595	-0.025	-0.2445	-0.0193333333333333	-1.0005	-0.7635	-0.68	-0.81	-1.2615	-0.338	-0.7595	-0.5325	-0.202	-0.3985	-0.2065	-3.01866666666667	-0.0535	-2.8695	-2.029	-2.124	-2.9815	-2.278	-5.133	-2.804	-3.415	-2.0755	-2.735	-2.0515	-2.1535	-3.9425	-1.9915	-1.9955	-2.1055
"YJL157C"	-1.8605	-2.1155	-0.738	-1.141	-2.2225	-2.6375	0.926	0.861	0.864	-1.039	-2.634	-7.731	0.175	0.039	0.018	0.33	-0.0515	-0.521	-0.745	-0.343	-1.092	-2.276	0.074	-0.932	-0.328	-0.621	-0.91	-0.692	-2.3715	-0.261	-1.385	-1.101	-1.152	-0.879	-3.606	-3.623	-3.099	-2.999	-2.752	-1.913	-2.797	-2.146	-1.831	-1.459	-0.803	-2.44
"YJL188C"	-1.789	-1.645	-1.4305	-1.9795	-2.06	-2.5615	1.008	1.159	0.709	-0.502	-2.525	-4.633	0.143	0.732	0.017	-0.001	0.2065	-0.084	-0.346	-0.85	-0.598	-1.518	-0.252	-0.657	0.209	0.048	0.075	0.503	-2.649	0.024	-1.864	-0.523	-1.115	-2.777	-0.734	-1.724	-1.074	-1.739	-1.831	-1.276	-1.582	-1.943	-1.859	-1.412	-1.571	-1.667
"YJL189W"	-1.379	-1.8565	-1.682	-1.73	-2.7325	-2.8195	1.089	0.91	0.731	-0.63	-3.545	-4.28	-0.204	0.474	-0.058	-0.041	0.1395	-0.49	-0.329	-0.719	-0.798	-1.438	-0.435	-0.117	0.183	0.175	0.007	0.205	-2.3825	-0.775	-1.952	-1.387	-1.325	-2.888	-2.298	-2.1	-1.306	-2.027	-2.275	-1.035	-1.686	-2.178	-1.756	-1.431	-2.053	-2.524
"YJL190C"	-2.166	-2.525	-1.748	-2.8085	-3.022	-3.838	1.36	1.453	1.126	-1.241	-3.794	-6.079	0.176	0.182	0.048	0.142	0.2805	-0.064	-0.298	-0.671	-0.598	-2.412	-0.208	-0.548	-0.082	-0.492	-0.012	0.14	-3.7855	0.084	-3.078	-2.014	-2.354	-4.874	-1.298	-2.517	-1.48	-3.118	-2.885	-2.334	-2.141	-2.48	-3.032	-2.905	-1.849	-2.584
"YJL208C"	-2.433	-2.228	-1.104	-0.7505	-1.906	-1.574	0.758	0.922	0.522	-1.36	-2.326	-3.324	0.234	0.162	-0.175	0.203	-0.3155	-0.331	-0.888	-0.794	-0.529	-2.018	-0.434	-0.662	-0.002	0.052	0.195	0.023	-2.466	0.134	-2.875	-2.009	-2.275	-3.351	-1.663	-2.484	-1.773	-1.504	-0.995	-2.535	-1.349	-1.278	-1.345	-1.291	-2.657	-1.706
"YJR070C"	-4.6905	-4.824	-1.8185	-3.895	-4.828	-4.332	1.246	1.272	1.129	-2.577	-5.317	-7.226	0.391	0.198	-0.067	-0.189	0.1045	-0.79	-0.694	-0.862	-0.886	-2.306	-0.075	-0.858	0.038	-0.154	-0.118	-0.208	-4.7655	0.168	-3.81	-2.429	-4.096	-3.754	-2.78	-3.368	-3.447	-3.971	-1.731	-1.609	-3.121	-2.681	-1.175	-2.012	-1.311	-2.238
"YJR071W"	-1.613	-2.866	-1.795	-3.6225	-3.68	-3.2685	0.966	0.867	0.927	-2.037	-4.366	-4.787	-0.082	-0.038	-0.435	-0.015	-0.0865	-0.52	-0.526	-0.456	-0.548	-1.678	-0.162	-0.569	-0.089	0.156	-0.046	-0.211	-3.9695	-0.273	-1.199	-1.303	-1.146	-1.797	-2.257	-1.594	-2.297	-0.968	-2.334	-2.624	-2.826	-2.144	-0.743	-1.354	-1.886	-1.795
"YJR132W"	-1.582	-1.0285	-0.838	-0.887	-0.8345	-1.335	0.362	0.55	0.248	-1.613	-1.209	-3.493	0.072	-0.57	0.424	0.419	-0.1385	-0.778	-0.658	-0.611	-0.463	-0.954	0.062	-0.385	-0.176	0.012	0.048	0.0	-0.988	0.061	-1.507	-1.22	-2.046	-1.498	-1.793	-1.976	-1.653	-2.249	-1.206	-1.799	-2.379	-1.252	-1.213	-0.734	-1.002	-1.779
"YLR061W"	-1.678	-2.212	-1.602	-1.901	-3.322	-3.851	1.1	1.127	0.696	-1.287	-4.925	-6.591	0.289	0.117	0.078	0.433	0.465	-0.171	-0.1	-0.408	-0.462	-1.456	-0.292	-0.507	0.156	0.033	0.142	0.164	-2.697	0.031	-2.529	-1.288	-1.166	-4.004	-1.112	-1.222	-2.006	-2.22	-1.462	-1.725	-2.442	-1.637	-2.564	-1.564	-1.508	-2.199
"YLR175W"	-4.176	-3.679	-2.134	-3.07	-4.552	-4.902	1.215	1.304	1.12	-2.257	-5.607	-5.468	0.04	0.026	0.21	0.163	-0.038	-0.983	-0.937	-1.073	-1.188	-2.188	-0.794	-1.334	0.521	0.435	0.238	-0.142	-4.431	0.268	-4.177	-1.884	-3.986	-4.338	-4.035	-3.423	-3.083	-2.593	-2.074	-1.537	-2.056	-2.507	-1.852	-2.004	-2.305	-1.628
"YLR249W"	-2.818	-3.122	-1.868	-3.317	-4.232	-4.758	1.359	1.219	0.978	-2.746	-6.529	-6.742	0.176	-0.755	0.257	-0.006	-1.1	-0.731	-0.904	-0.938	-0.9	-3.464	-0.508	-0.823	-0.511	-0.536	-0.403	-0.33	-4.59	0.414	-3.998	-2.239	-4.627	-5.085	-2.492	-2.945	-3.861	-4.463	-2.262	-2.776	-3.492	-2.717	-3.279	-2.727	-3.921	-3.381
"YLR264W"	-1.088	-1.77	-1.106	-1.722	-2.019	-2.178	0.631	0.922	0.819	-0.78	-3.105	-5.152	0.095	0.286	-0.175	0.181	0.246	-0.079	-0.056	-0.511	-0.336	-1.665	0.097	-0.369	0.29	-0.418	0.019	0.162	-1.005	0.154	-1.947	-1.632	-1.316	-3.145	-2.665	-3.008	-2.899	-2.481	-2.579	-2.32	-3.351	-2.946	-3.256	-2.57	-3.435	-3.465
"YLR325C"	-1.897	-1.721	-1.114	-1.92	-2.61	-3.056	1.112	0.677	1.01	-1.195	-4.528	-5.498	0.124	0.257	0.292	-0.181	-0.234	-0.469	-0.569	-0.687	-0.714	-2.0	-0.304	-0.684	-0.098	-0.106	-0.187	0.542	-2.735	0.039	-1.941	-1.328	-1.548	-2.866	-1.3	-1.761	-2.545	-2.072	-2.201	-0.9	-4.042	-2.092	-2.823	-2.521	-2.375	-2.27
"YML022W"	-1.818	-2.392	-1.445	-2.188	-2.749	-2.982	1.21	0.996	1.034	-1.184	-3.236	-3.98	0.198	-0.206	-0.154	-0.391	-0.035	-0.601	-0.685	-0.529	-0.766	-1.859	0.299	-0.801	-0.002	-0.156	0.002	0.066	-2.765	0.121	-2.245	-1.763	-3.371	-2.661	-3.475	-2.41	-2.739	-2.787	-1.557	-3.098	-2.752	-1.935	-1.483	-1.336	-1.858	-1.558
"YML024W"	-1.177	-2.033	-1.775	-2.347	-3.361	-3.373	0.485	0.906	0.975	-1.217	-3.616	-4.621	-0.127	-0.021	-0.183	-0.062	0.177	-0.409	-0.634	-0.519	-0.605	-2.106	-0.101	-0.914	-0.411	-0.146	-0.064	-0.244	-3.024	-0.806	-2.692	-1.512	-2.411	-2.891	-3.422	-2.663	-3.094	-3.159	-2.141	-0.975	-2.724	-1.807	-2.705	-2.178	-1.314	-2.255
"YML026C"	-1.59	-2.104	-0.984	-1.803	-3.139	-3.539	0.441	0.972	1.104	-1.177	-3.811	-5.271	0.053	-0.085	-0.067	-0.007	0.137	-0.421	-0.596	-0.699	-0.584	-2.403	-0.457	-0.991	-0.242	-0.048	0.056	-0.073	-3.032	-0.823	-2.416	-1.558	-1.911	-4.595	-1.578	-1.576	-3.083	-2.657	-1.677	-0.607	-2.13	-1.177	-2.644	-1.331	-1.119	-1.619
"YML056C"	-3.762	-3.158	-1.618	-3.16	-2.963	-3.376	0.759	1.188	1.131	-2.244	-3.967	-5.251	0.162	-0.256	-0.123	-0.279	0.221	-0.598	-1.2	-1.225	-0.89	-2.415	0.13	-0.841	-0.477	-0.617	-0.275	0.023	-3.776	0.38	-4.017	-2.736	-2.625	-4.322	-1.982	-2.557	-2.921	-2.551	-2.237	-2.925	-3.068	-3.468	-3.232	-2.885	-5.009	-3.48
"YMR090W"	3.078	2.946	1.72	3.018	3.436	3.281	-1.626	-1.616	-0.806	3.516	4.168	1.741	0.247	1.016	2.016	0.955	NaN	0.665	1.3	1.463	0.799	4.107	-0.196	1.209	1.247	1.195	0.941	0.947	3.497	0.11	2.821	2.308	3.622	3.446	2.589	3.219	3.495	3.418	3.549	2.985	3.738	3.356	3.814	2.072	2.195	2.158
"YMR093W"	-2.825	-3.204	-1.01	-1.949	-3.006	-2.835	0.838	1.178	0.92	-2.0	-1.169	-4.21	-0.091	0.285	0.05	-0.092	-0.076	-0.636	-0.433	-0.993	-0.667	-2.058	-0.209	-0.588	0.229	0.04	0.087	0.053	-3.181	-0.087	-2.663	-2.209	-3.287	-3.843	NaN	-2.335	-2.58	-2.454	-2.058	-0.968	-1.652	-2.276	-2.234	-0.706	-0.719	-1.833
"YMR173W"	2.238	2.3905	2.16	3.1995	2.774	2.5865	-1.2695	-1.2815	-1.2405	2.3415	3.7635	-1.418	0.4835	1.05	1.975	1.0225	0.225	1.478	2.0555	2.055	1.9785	2.533	-0.006	2.031	1.5835	1.3345	1.0575	1.0535	2.395	-0.041	3.067	1.963	2.555	2.384	2.9625	3.046	3.173	3.5555	3.231	2.207	2.8135	2.916	3.2015	2.0655	2.189	2.7605
"YMR290C"	-3.64	-3.689	-2.627	-2.957	-3.89	-3.624	0.988	1.028	1.098	-2.5	-5.132	-5.217	-0.08	0.351	-0.092	0.063	-0.189	-1.277	-0.974	-0.868	-0.82	-2.885	-0.468	-0.866	-0.334	-0.35	-0.259	-0.37	-4.129	0.1175	-4.343	-3.775	-3.98	-4.544	-1.858	-2.743	-2.311	-3.104	-1.514	-2.27	-1.98	-2.837	-1.285	-1.635	NaN	NaN
"YMR310C"	-3.117	-2.423	-1.416	-2.264	-2.522	-1.974	1.112	1.304	0.872	-1.738	-2.999	-3.842	0.202	0.487	0.2	0.115	-0.11	-0.637	-0.914	-0.821	-0.664	-1.65	-0.04	-0.792	-0.393	-0.207	-0.262	-0.264	-2.882	0.012	-2.857	-1.577	-2.977	-3.588	-1.988	-1.598	-1.033	-1.34	-1.046	-1.258	-1.468	-1.211	-0.815	-1.094	-1.746	-1.862
"YMR315W"	3.125	2.919	1.955	2.539	2.595	3.078	-1.199	-1.321	-1.021	3.578	1.294	-2.44	0.754	0.005	0.231	-0.172	0.291	0.704	0.785	0.902	0.846	2.302	0.398	1.036	0.01	0.019	-0.355	-0.241	3.17	0.3455	3.016	2.34	2.098	0.562	2.548	3.406	2.24	2.581	3.039	1.797	2.72	3.187	4.183	2.827	2.043	3.202
"YNL022C"	-1.72	-2.028	-0.981	-0.458	-1.986	-1.406	0.683	0.86	0.755	-1.529	-2.558	-3.745	0.008	0.044	0.121	0.125	-0.197	-0.768	-0.392	-0.409	-0.411	-2.042	0.196	-0.356	0.258	0.206	0.118	0.106	-1.851	0.0435	-2.755	-2.251	-1.986	-2.039	-3.386	-1.925	-2.144	-2.038	-1.429	-2.07	-4.189	-3.057	-1.81	-2.629	-1.921	-3.295
"YNL061W"	-4.928	-3.927	-1.543	-4.143	-4.404	-3.948	1.161	1.249	0.976	-2.373	-4.329	-4.27	0.037	0.121	-0.042	0.247	-0.213	-0.85	-0.916	-0.998	-1.031	-2.599	-0.244	-0.73	0.048	-0.047	0.329	0.104	-5.38	-0.0205	-3.925	-2.946	-2.461	-2.571	-2.625	-1.669	-1.39	-1.484	-1.398	-1.895	-2.081	-1.499	-1.854	-1.121	-2.191	-1.375
"YNL112W"	-3.638	-4.018	-4.954	-3.939	-4.081	-3.89	1.485	1.408	1.45	-2.575	-3.476	-3.27	-0.202	0.492	-0.023	-0.128	-0.34	-2.01	-1.615	-0.98	-1.298	-3.587	-0.604	-1.078	-0.852	-0.465	-0.376	-0.486	-3.744	0.2065	-4.902	-4.336	-4.121	-4.027	-2.865	-3.642	-4.675	-5.837	-4.887	-2.554	-5.632	-4.774	-4.008	-3.601	-4.335	-4.678
"YNL174W"	-5.157	-4.699	-1.913	-4.233	-5.579	-4.714	0.965	0.755	0.772	-2.718	-5.141	-4.409	-0.074	0.091	0.29	-0.031	-0.103	-0.923	-0.825	-0.709	-0.61	-2.4	-0.367	-0.711	-0.028	0.184	0.145	0.069	-5.426	0.192	-3.76	-2.801	-2.503	-3.816	-1.585	-2.734	-3.361	-3.661	-1.461	-2.261	-4.173	-3.46	-3.42	-3.932	-3.568	-3.586
"YNL175C"	-5.334	-4.901	-2.739	-4.11	-4.362	-3.931	1.14	1.152	0.899	-2.692	-4.877	-6.011	0.116	-0.001	0.344	0.153	-0.542	-1.122	-0.84	-0.736	-0.538	-0.83	-0.592	-0.532	0.084	0.211	0.411	0.191	-5.147	0.1725	-2.388	-1.8585	-1.746	-2.5475	-3.174	-4.009	-4.49	-2.353	-2.696	-2.788	-2.99	-2.735	-1.578	-3.054	-2.676	-2.821
"YNL182C"	-6.33	-4.05	-1.434	-2.807	-4.805	-3.807	1.266	1.125	1.115	-2.311	-4.184	-2.532	0.08	0.11	-0.103	-0.317	-0.167	-0.997	-0.966	-0.923	-0.97	-2.324	0.13	-1.146	0.034	0.088	0.181	-0.054	-4.61	0.1635	-3.082	-2.517	-3.01	-3.607	-5.251	-2.917	-3.551	-2.861	-1.756	-2.838	-3.559	-3.206	-3.015	-2.59	-3.844	-2.844
"YNL208W"	2.199	2.136	1.706	1.987	1.899	2.025	-0.746	-0.963	-0.832	2.363	-0.995	-0.799	0.047	1.082	0.121	-0.051	-0.318	0.012	0.404	0.118	0.115	1.685	-0.047	0.125	-0.317	-0.356	-0.599	-0.391	2.091	0.111	2.098	2.512	2.698	1.712	2.796	3.143	3.143	3.015	2.671	2.658	2.2	2.238	2.263	1.952	2.701	2.813
"YNL241C"	2.541	1.983	1.395	1.635	1.852	1.903	-0.64	-0.807	-1.137	2.369	1.678	-1.111	-0.189	-0.34	0.146	0.418	0.161	1.108	1.118	0.975	0.803	1.929	0.448	1.155	0.483	0.256	0.307	0.447	1.778	0.0905	2.412	2.009	2.241	0.894	3.22	3.304	3.42	2.978	3.271	2.16	2.988	3.66	2.277	2.04	1.85	2.581
"YNL255C"	-2.307	-1.949	-1.803	-2.087	-1.674	-2.303	1.207	1.222	1.096	-1.179	-2.297	-5.229	0.286	0.208	0.099	0.289	NaN	-0.414	-0.297	-0.343	-0.091	-0.655	-0.482	-0.12	0.277	0.177	0.427	0.206	-2.084	0.025	-1.791	-1.317	-1.348	-2.147	-1.254	-1.524	-1.775	-1.428	-1.595	-1.897	-1.321	-1.156	-0.867	-1.546	-1.121	-0.843
"YNR053C"	-5.074	-4.159	-1.498	-3.104	-3.74	-3.215	1.405	1.412	0.237	-2.392	-3.029	-3.447	-0.002	-0.054	-0.046	-0.144	0.069	-1.221	-1.062	-1.111	-1.122	-3.205	-0.151	-1.021	-0.263	0.098	-0.065	-0.25	-4.11	0.107	-3.937	-3.267	-2.674	-4.56	NaN	-4.575	-4.096	-2.795	-2.159	-0.927	-4.611	-2.687	-3.036	-2.841	-1.732	-2.306
"YOL022C"	-2.578	-2.43	-1.397	-2.344	-2.29	-2.301	0.934	0.777	0.4675	-1.669	-1.8955	-4.073	0.011	0.106	0.076	-0.123	0.008	-0.646	-0.391	-0.324	-0.005	-1.85	-0.343	-0.108	0.385	0.219	0.339	0.185	-2.13	0.07	-2.882	-2.184	-3.424	-2.775	-1.783	-2.89	-2.214	-1.966	-2.035	-1.499	-1.21	-2.087	-1.053	-1.612	-1.031	-2.059
"YOL077C"	-5.439	-5.04	-2.828	-4.336	-5.22	-4.28	1.476	1.273	-0.096	-2.938	-5.186	-6.552	0.172	-0.24	-0.102	0.019	-0.085	-1.19	-1.046	-0.89	-0.767	-3.287	-0.445	-0.911	-0.046	0.218	0.219	0.147	-4.7	0.014	-4.969	-3.866	-4.679	-5.145	-3.715	-3.742	-2.522	-2.623	-2.653	-2.256	-2.396	-2.023	-2.745	-3.886	-3.121	-2.036
"YOL092W"	-1.993	-2.049	-1.388	-1.627	-1.473	-1.931	0.906	1.057	0.385	-1.456	-2.052	-3.162	0.226	-0.527	0.166	0.068	-0.245	-0.403	-0.609	-0.276	-0.376	-1.178	-0.953	-0.423	-0.144	-0.104	0.177	0.231	-1.767	0.168	-2.017	-1.566	-2.177	-2.329	-1.326	-2.272	-1.82	-2.099	-1.622	-2.871	-1.862	-1.711	-1.47	-2.059	-1.987	-1.744
"YOR021C"	-2.424	-2.232	-1.715	-1.661	-2.204	-2.166	0.971	0.942	0.348	-1.656	-2.468	-2.956	0.103	0.153	0.045	-0.006	0.25	-0.629	-0.648	-0.505	-0.752	-1.808	-0.343	-0.426	0.223	0.091	0.145	0.05	-2.297	-0.035	-2.366	-1.299	-1.996	-1.781	-2.095	-1.531	-2.254	-1.488	-1.6	-0.846	-1.116	-1.555	-1.61	-0.767	-0.713	-1.373
"YOR095C"	-4.521	-4.288	-2.381	-3.939	-4.34	-4.285	1.399	1.185	1.246	-2.585	-1.698	-4.37	0.306	-0.252	-0.103	-0.002	-0.16	-1.263	-1.098	-0.869	-1.021	-3.094	1.094	-1.296	-0.652	-0.391	-0.247	-0.374	-3.778	-0.006	-3.665	-3.086	-3.849	-4.298	-4.894	-4.286	-3.211	-2.89	-1.974	-2.025	-3.035	-3.139	-3.823	-2.563	-2.794	-2.208
"YOR096W"	-2.282	-2.106	-1.624	-2.334	-3.385	-3.991	1.283	1.183	1.159	-1.253	-3.836	-0.414	0.48	-0.189	0.109	0.271	-0.01	-0.52	-0.457	-0.512	-0.428	-2.369	-0.174	-0.76	-0.087	-0.021	-0.031	-0.005	-3.232	0.07	-3.251	-1.525	-2.638	-4.458	-2.674	-1.468	-1.843	-1.564	-2.978	-2.884	-2.052	-1.113	-1.996	-2.016	-2.792	-2.288
"YOR167C"	-1.171	-1.916	-2.16	-1.631	-2.402	-2.633	1.232	0.974	0.689	-0.632	-1.901	-3.313	0.09	0.06	-0.245	-0.238	0.279	-0.257	-0.416	-0.337	-0.481	-1.912	0.095	-0.749	-0.301	-0.234	-0.09	-0.002	-2.358	-0.157	-1.736	-1.289	-0.704	-3.035	-2.131	-2.271	-1.865	-2.662	-2.11	-2.174	-2.345	-2.588	-2.289	-1.757	-2.577	-1.684
"YOR243C"	-3.594	-3.234	-2.239	-2.436	-3.633	-3.982	1.203	1.139	1.2455	-1.827	-3.8055	-4.3935	-0.145	-0.078	-0.005	0.213	-0.109	-0.732	-0.582	-0.696	-0.451	-1.872	-0.7165	-0.611	0.261	0.255	0.121	-0.021	-4.099	0.194	-2.845	-1.727	-2.616	-2.825	-3.948	-3.202	-2.909	-2.358	-2.809	-1.423	-3.764	-1.523	-1.883	-1.82	-2.099	-1.547
"YOR272W"	NaN	-3.645	-2.034	-3.098	-2.566	1.0	1.2	1.356	0.9675	-2.516	-4.8145	-4.712	0.18	-0.074	0.167	0.184	-0.615	-1.023	-0.688	-0.526	-0.266	-1.261	-0.268	-0.633	0.238	0.573	0.421	0.362	-2.217	0.152	-3.187	-3.082	-2.816	-3.502	-3.479	-3.546	-2.98	-3.332	-2.014	-2.465	-1.672	-2.079	-2.663	-2.388	-3.252	-2.332
"YOR310C"	-5.053	-4.365	-2.174	-3.309	-4.639	-3.004	1.211	1.223	1.0465	-2.686	-6.006	-7.1385	0.437	-0.202	0.202	0.415	-0.205	-0.768	-0.905	-0.845	-0.871	-2.449	-0.6225	-0.965	0.251	0.315	0.322	0.134	-4.948	0.099	-4.326	-3.006	-4.099	-5.14	-2.739	-3.031	-3.155	-2.87	-2.127	-3.139	-1.453	-2.776	-1.821	-2.448	-2.327	-1.711
"YPL142C"	-1.892	-1.932	-1.577	-2.625	-2.913	-3.225	1.023	1.2695	1.009	-0.87	-3.1395	-5.604	0.25	0.226	0.2	-0.016	0.304	-0.111	-0.392	-0.385	-0.394	-1.852	-0.112	-0.415	-0.193	-0.818	-0.325	0.209	-3.034	0.142	-2.333	-1.691	-1.946	-3.677	-1.636	-1.81	-2.248	-1.627	-2.396	-1.317	-1.341	-1.475	-1.95	-1.113	-1.618	-1.262
"YPL207W"	-3.26	-2.94	-1.312	-2.29	-3.419	-2.713	0.819	0.586	0.533	-1.9435	-2.321	-3.832	0.114	-0.45	0.091	-0.218	-0.038	-1.349	-1.055	-0.897	-0.717	-2.017	-0.281	-0.696	-0.234	0.143	-0.073	-0.19	-0.968	-0.24	-3.502	-1.519	-2.636	-3.018	-4.227	-3.465	-3.378	-2.895	-2.61	-4.209	-2.237	-2.542	-1.973	-2.689	-3.0	-2.057
"YPL211W"	-4.373	-3.949	-2.598	-2.921	-1.832	-2.713	1.059	0.954	1.1155	-2.363	-5.5605	-5.029	0.1	-0.036	-0.02	-0.075	0.025	-1.174	-0.983	-0.851	-0.818	-3.124	-0.291	-0.765	-0.245	-0.073	-0.005	-0.144	-2.166	-0.625	-3.213	-2.313	-3.89	-3.981	NaN	-5.176	-4.397	-4.022	-4.322	-2.466	-3.148	-3.742	-4.195	-2.835	-3.903	-3.206
"YPL226W"	-3.457	-3.002	-1.42	-2.4945	-3.229	-4.183	0.7565	0.906666666666667	0.858	-1.997	-4.86566666666667	-5.67966666666667	-0.0175	-0.2885	-0.0735	0.0015	0.0465	-0.6695	-0.6865	-0.7095	-0.7495	-1.907	-0.409333333333333	-0.606	-0.397	-0.0845	-0.2905	-0.2985	-3.215	0.2765	-3.076	-2.041	-3.793	-3.811	-2.6675	-2.5635	-2.1345	-2.386	-1.6895	-2.2525	-2.957	-1.972	-1.733	-2.674	-3.622	-2.153
"YPL263C"	-1.7625	-1.571	-0.506	-1.659	-2.1515	-1.5755	0.4145	0.418333333333333	0.451	-1.816	-2.61633333333333	-4.9735	-0.414	-0.3075	0.0595	-0.3045	-0.2455	-0.5105	-0.334	-0.354	-0.1475	-1.43	0.200333333333333	-0.188	0.054	0.2145	0.205	0.1745	-2.388	0.126	-2.6785	-1.4635	-2.031	-2.799	-2.485	-2.719	-1.385	-2.52	-2.426	-1.634	-1.436	-1.49	-2.024	-1.655	-0.846	-1.661
"YPL266W"	-3.981	-3.222	-1.605	-2.968	-3.585	-3.063	1.381	1.1895	1.17	-1.846	-4.1135	-3.1595	0.104	-0.389	0.11	0.236	-0.1	-0.976	-0.837	-0.716	-0.416	-2.134	0.1965	-0.538	0.002	0.398	0.516	0.366	-3.636	0.157	-4.813	-2.51	-2.945	-4.271	-1.911	-2.797	-2.362	-1.537	-1.689	-3.087	-2.361	-1.756	-1.214	-2.527	-0.991	-2.411
"YPR010C"	-3.225	-2.887	-1.446	-3.0415	-3.3095	-3.049	0.823	0.671666666666667	0.688333333333333	-2.196	-2.19933333333333	-3.425	-0.039	-0.1185	-0.0985	-0.207	-0.2815	-0.995	-0.9105	-0.919	-0.9	-1.1495	-0.0433333333333333	-1.0765	-0.586	-0.328	-0.3555	-0.374	-3.0355	-0.024	-3.6845	-2.23	-3.8585	-3.761	-2.228	-6.98	-3.1	-2.989	-2.201	-2.611	-3.308	-1.99	-2.088	-2.236	-2.396	-1.731
"YPR110C"	-3.178	-3.084	-1.217	-2.507	-3.52	-3.728	0.96	1.068	0.986	-2.073	-5.7185	-6.318	0.151	-0.227	-0.091	-0.257	0.102	-0.593	-0.473	-0.671	-0.799	-2.308	0.1245	-0.474	0.029	0.041	-0.052	-0.042	-3.168	-0.194	-3.436	-2.354	-3.503	-3.882	-3.569	-1.995	-2.88	-2.431	-2.452	-2.052	-1.588	-3.122	-2.837	-2.592	-1.539	-1.492
"YPR112C"	-0.627	-2.839	-1.287	-2.907	-1.994	-3.273	0.0	0.781	0.823	-2.899	-3.443	-3.311	-0.205	0.746	-0.108	-0.301	-0.153	-0.129	-0.59	-0.505	-0.869	-3.07	-0.7305	-0.281	-0.007	0.153	0.086	0.184	-3.648	-0.478	-4.543	-3.417	-3.013	-3.372	-6.027	-3.738	-2.878	-4.031	-1.931	-1.802	-1.781	-4.646	-2.096	-1.322	-1.753	-2.772
"YPR163C"	-2.552	-2.832	-1.926	-2.415	-3.276	-3.939	1.032	1.048	1.063	-1.6565	-3.6815	-5.4905	0.346	-0.298	-0.06	-0.396	-0.192	-0.59	-0.415	-0.547	-0.189	-2.045	-0.2075	-0.661	0.187	0.436	0.209	0.127	-3.572	0.195	-3.015	-1.939	-2.373	-3.575	-1.346	-2.361	-2.021	-1.999	-1.944	-1.872	-1.95	-1.8	-1.598	-2.167	-2.195	-2.771
