	"860.YPD_3_d_30C"	"861.YPD_5_d_30C"	"1015.YPD 3 d (25C)"	"1016.YPD 5 d (25C)"	"1017.YPD 7 d (25C)"	"1018.YPD 13 d (25C)"	"28844.P2Comp 09 hr 36 min Phosphate Batch vs Chemostat Comparison2"
"YAL035W"	-2.5615	-3.6215	-2.29966666666667	-2.08033333333333	-1.92533333333333	-2.48066666666667	0.085
"YAL038W"	-2.4	-6.086	-1.1525	-1.42	-1.859	-3.2025	0.777
"YAR047C"	0.905	-0.077	1.0025	1.1485	1.226	0.936	0.828
"YAR071W"	-4.063	-5.43	-2.2355	-2.6735	-3.725	-3.467	0.2675
"YBL024W"	-4.671	-4.879	-2.6055	-3.4875	-3.5465	-3.993	0.191
"YBL077W"	-3.136	-5.081	-2.345	-2.816	-3.3595	-3.1945	-0.42
"YBR011C"	-4.081	-5.344	-1.271	-2.3835	-3.0585	-3.4585	0.3575
"YBR028C"	-2.27	-3.596	-0.575	-1.494	-2.3575	-2.334	0.0605
"YBR082C"	-2.746	-3.456	-0.7415	-1.767	-2.379	-2.5995	0.372
"YBR118W"	-2.846	-5.272	-1.294	-1.7525	-2.167	-3.221	-0.7755
"YBR121C"	-4.037	-5.791	-3.155	-4.1355	-4.173	-4.5985	-0.405
"YBR249C"	-3.39	-6.025	-1.6935	-2.9975	-3.288	-3.9875	-1.713
"YCL045C"	-3.044	-3.911	-1.34133333333333	-2.25533333333333	-2.94333333333333	-2.69566666666667	0.0595
"YCR003W"	-1.833	-2.705	-0.698	-1.028	-1.3745	-1.3805	0.317
"YCR092C"	-1.206	-1.956	0.393	-0.6155	-0.7075	-0.8745	0.198
"YCR094W"	-1.568	-2.607	-0.447	-0.8265	-0.997	-1.3025	-0.04
"YDL015C"	-2.047	-4.309	-0.6435	-1.2485	-1.9455	-2.2355	-1.04
"YDL116W"	-1.035	-1.111	-0.353	-0.84	-2.788	0.3	-0.2545
"YDL195W"	-2.022	-4.61	-1.091	-2.271	-2.24	-2.391	0.037
"YDR091C"	-3.384	-4.4	-2.044	-2.636	-3.222	-3.423	-1.228
"YDR279W"	-2.006	-2.943	-1.143	-1.473	-2.195	-2.117	-0.236
"YDR284C"	-1.533	-1.912	0.425	-0.716	-0.73	-1.084	0.13
"YDR312W"	-2.612	-3.564	-1.373	-2.214	-2.451	-2.68	-0.848
"YDR422C"	-0.319	-3.118	0.742	-0.132	-0.638	-0.92	0.108
"YEL040W"	-3.786	-4.551	-3.561	-3.111	-3.855	-3.066	-0.63
"YEL042W"	-3.201	-4.334	-1.658	-1.896	-2.665	-3.071	-1.0815
"YER043C"	-4.78	-6.476	-3.716	-3.31	-4.857	-4.918	-0.542
"YER090W"	-3.804	-5.004	-1.311	-2.327	-2.585	-3.495	0.172
"YER171W"	-0.852	-1.984	-0.381	-0.49	-1.108	-1.58	0.0135
"YFL002C"	-1.624	-4.836	-1.266	-1.171	-1.723	-2.131	-0.015
"YFL039C"	-2.57	-3.733	-0.492	-1.583	-2.201	-2.764	0.235333333333333
"YFR002W"	-1.995	-7.825	-0.567	-1.556	-2.295	-2.746	0.1345
"YGL022W"	-3.396	-4.268	-0.699	-1.211	-1.242	-2.176	-0.087
"YGL026C"	-3.132	-4.669	-0.839	-1.868	-2.181	-2.636	-0.624
"YGL065C"	-1.909	-2.778	-0.647	-1.365	-1.862	-2.045	0.04
"YGL111W"	-2.589	-2.826	-1.401	-2.167	-1.95	-2.363	0.132
"YGL200C"	-2.687	-3.963	-0.668	-1.049	-1.435	-1.681	-0.143
"YGL245W"	-4.799	-6.655	-2.121	-3.552	-4.345	-4.779	0.4715
"YGR175C"	-3.074	-4.5	-0.251	-2.53	-2.628	-3.285	-1.3565
"YGR185C"	-5.306	-6.361	-2.944	-4.576	-4.871	-5.006	0.742
"YGR229C"	-2.847	-4.256	-1.658	-2.401	-2.58	-3.391	0.016
"YGR285C"	-4.078	-6.1	-2.811	-3.452	-4.07	-4.065	-0.506
"YHR063C"	-3.309	-4.42	-1.916	-2.162	-3.419	-3.036	-0.253
"YHR193C"	-3.11	-4.166	-1.913	-1.778	-2.357	-2.845	-0.157
"YHR204W"	-1.658	-2.025	-0.447	-0.668	-0.88	-1.121	0.215
"YIL020C"	-2.251	-3.447	-1.135	-1.853	-1.943	-1.728	-0.845
"YIL044C"	-1.784	-2.248	-0.505	-1.033	-1.385	-1.612	-0.125
"YIL078W"	-5.192	-6.059	-3.226	-4.41	-4.902	-4.944	-0.13
"YIR012W"	-3.791	-4.69	-1.486	-1.547	-2.217	-2.528	-1.214
"YIR015W"	0.059	-2.649	0.313	0.974	0.737	1.028	0.064
"YJL014W"	-2.624	-3.962	-1.58	-2.252	-3.068	-2.866	-0.618
"YJL090C"	0.979	-0.74	0.526	0.05	0.705	0.852	0.271
"YJL111W"	-3.38	-6.57	-1.305	-1.573	-1.994	-2.239	-0.304
"YJL125C"	-2.343	-4.009	-0.974	-1.983	-1.697	-1.865	-0.371
"YJL145W"	-2.136	-3.628	-1.482	-2.303	-2.334	-2.853	-0.156
"YJL169W"	-2.464	-3.972	-0.685	-0.932	-1.455	-1.448	0.044
"YJR003C"	-2.48	-3.457	-0.91	-2.176	-2.349	-2.42	-0.663
"YJR006W"	-1.626	-3.835	-0.229	-1.436	-1.352	-1.692	-0.358
"YJR014W"	-2.399	-3.649	-1.062	-0.993	-1.578	-1.95	-0.276
"YJR016C"	-2.006	-5.079	-0.998	-0.939	-1.747	-2.976	-0.547
"YJR076C"	-2.55	-4.614	-0.776	-1.815	-2.814	-3.117	0.457
"YKL077W"	-1.385	-3.224	-0.188	-0.722	-1.046	-1.627	0.039
"YKL081W"	-4.49	-5.155	-3.654	-2.997	-2.811	-3.497	-0.075
"YKL145W"	-1.469	-3.898	0.168	-0.904	-1.615	-1.832	-0.116
"YKL212W"	-3.014	-4.806	-1.598	-2.516	-2.929	-3.374	0.42
"YKR070W"	-1.471	-3.904	-0.157	-0.637	-1.682	-1.411	0.416
"YLL005C"	-0.288	-2.671	1.097	0.276	-0.206	-0.791	0.68
"YLR008C"	-2.048	-2.631	-1.493	-1.242	-1.503	-2.347	-0.132
"YLR044C"	-4.948	-6.198	-1.066	-1.373	-0.923	-2.628	-0.113
"YLR060W"	-4.941	-5.967	-2.667	-3.118	-3.713	-4.371	-0.455
"YLR061W"	-4.939	-6.591	-2.88	-3.309	-3.833	-3.91	-2.028
"YLR062C"	-5.705	-6.896	-3.706	-4.299	-4.293	-5.234	-2.893
"YLR186W"	-4.298	-5.516	-1.671	-1.74	-2.678	-2.467	-0.993
"YLR188W"	-1.732	-2.848	-0.517	-0.637	-1.07	-1.029	-0.006
"YLR209C"	-2.896	-3.171	-0.964	-1.123	-1.447	-1.271	-0.557
"YLR272C"	-2.076	-2.418	-0.985	-1.137	-1.266	-1.078	-0.02
"YLR277C"	-1.526	-3.303	-0.452	-1.054	-1.52	-1.345	0.002
"YLR373C"	-1.399	-2.4195	0.5665	-0.7405	-1.063	-0.8885	0.166
"YML063W"	-4.048	-13.273	-2.875	-3.123	-3.364	-4.059	-1.999
"YML078W"	-1.133	-3.857	0.316	-0.3	-0.871	-1.129	-0.139
"YMR047C"	-1.2605	-3.61	-0.463	-0.7645	-1.0335	-1.4915	-0.035
"YMR131C"	-5.052	-6.665	-3.214	-4.236	-5.241	-4.266	-1.086
"YMR208W"	-2.542	-3.618	-1.136	-1.98	-2.454	-2.354	-0.753
"YMR229C"	-4.4055	-5.288	-2.0525	-3.7195	-3.685	-3.93	-0.694
"YMR235C"	-3.534	-5.187	-2.046	-2.838	-3.21	-3.756	-0.244
"YMR237W"	-2.955	-4.233	-0.65	-1.452	-1.947	-2.335	0.504
"YMR307W"	-5.132	-5.877	-3.39	-4.432	-5.016	-4.56	-0.683
"YMR318C"	-3.467	-3.423	-2.822	-2.227	-2.227	-2.879	-0.454
"YNL118C"	-1.807	-5.007	-0.265	-2.012	-2.449	-2.675	0.106
"YNL130C"	-1.94	-2.872	-0.669	-0.934	-1.411	-1.614	-0.51
"YNL167C"	-1.892	-3.18	-0.054	-0.561	-1.669	-1.67	0.739
"YNL220W"	-3.758	-6.09	-1.771	-1.724	-2.555	-3.197	0.008
"YNL261W"	-1.862	-4.047	-0.227	-1.285	-1.715	-1.269	-0.206
"YNL313C"	-3.628	-5.714	-1.551	-2.01	-2.343	-2.518	-0.424
"YNL316C"	-1.309	-3.472	-0.872	-1.127	-1.298	-1.41	0.067
"YOL093W"	-2.371	-4.67	-0.784	-0.686	-1.299	-1.847	0.171
"YOL139C"	-2.31	-5.5	-1.945	-1.487	-1.966	-2.188	-0.283
"YOR001W"	-1.861	-4.782	-1.018	-1.551	-2.081	-2.136	-1.028
"YOR103C"	-1.431	-2.033	-0.79	-0.954	-1.114	-1.311	0.496
"YOR109W"	-2.42	-3.566	-0.913	-1.1	-1.591	-1.813	-0.408
"YOR122C"	0.4715	-3.762	0.445	-0.888	-1.118	-1.919	-0.143
"YOR197W"	-1.971	-3.178	-0.795	-1.165	-1.398	-1.64	0.443
"YOR198C"	-4.452	-5.562	-2.828	-4.384	-4.657	-4.415	0.294
"YOR206W"	-3.681	-6.4785	-2.637	-3.151	-3.692	-3.694	-1.232
"YOR224C"	-3.348	-4.849	-2.296	-2.099	-2.615	-2.202	-0.254
"YOR271C"	-2.276	-2.9995	-1.175	-1.395	-0.914	-1.184	-0.476
"YOR293W"	-2.7875	-4.496	-2.507	-1.856	-2.041	-3.118	-1.234
"YOR326W"	-3.4635	-4.9875	-2.099	-3.585	-3.591	-2.795	-0.274
"YOR331C"	-1.513	-4.099	-0.38	-0.706	-1.671	-2.079	-0.289
"YPL028W"	-3.482	-5.5385	-1.006	-1.692	-2.17	-2.948	-0.544
"YPL037C"	-3.9955	-5.417	-1.872	-2.115	-3.222	-3.654	0.023
"YPL043W"	-2.4695	-3.79	-2.134	-1.995	-2.623	-2.739	0.437
"YPL048W"	-3.2175	-4.579	-0.823	-1.535	-1.925	-2.183	-0.054
"YPL094C"	-3.0415	-5.3055	-1.061	-2.024	-2.284	-2.741	-0.202
"YPL158C"	-1.597	-3.676	-1.789	-1.362	-2.019	-1.818	0.08
"YPL195W"	-1.607	-4.488	-0.938	-1.595	-1.621	-1.904	-0.365
"YPL243W"	-4.1455	-5.276	-1.873	-2.602	-3.541	-3.544	-0.088
"YPL273W"	-3.722	-5.69966666666667	-3.2755	-2.794	-3.21	-3.3575	-0.828
"YPR013C"	-1.511	-2.517	0.204	0.556	0.963	1.354	0.061
"YPR029C"	-1.735	-4.2395	-0.605	-1.909	-1.836	-2.242	-0.277
"YPR033C"	-4.8805	-7.94	-2.55	-3.951	-4.382	-4.54	-0.798
"YPR074C"	-5.337	-5.42	-3.162	-3.369	-3.61	-3.663	-0.212
"YPR114W"	-2.9825	-3.903	-1.177	-1.633	-1.738	-2.533	0.58
"YPR118W"	-3.9965	-5.524	-2.077	-2.882	-3.334	-3.538	-0.324
"YPR125W"	-1.846	-4.04	-0.532	-1.108	-1.757	-2.566	0.175
"YPR145W"	-3.737	-5.02	-2.21	-3.369	-3.625	-3.498	-1.38
"YPR163C"	-2.9485	-5.4905	-2.325	-2.642	-2.895	-2.82	-1.172
"YPR187W"	-3.609	-5.408	-2.016	-2.28	-2.584	-3.22	-1.235
