	"103.alpha factor release sample026"	"104.alpha factor release sample024"	"497.Heat Shock 000 minutes"	"686.YP ethanol vs reference pool"	"857.YPD_12_h_30C"	"858.YPD_1_d_30C"	"859.YPD_2_d_30C"	"860.YPD_3_d_30C"	"861.YPD_5_d_30C"	"944.starv_in_H2O_4_h_30C"	"945.starv_in_H2O_6_h_30C"	"1012.YPD 12 h (25C)"	"1013.YPD 1 d (25C)"	"1014.YPD 2 d (25C)"	"1015.YPD 3 d (25C)"	"1016.YPD 5 d (25C)"	"1017.YPD 7 d (25C)"	"1018.YPD 13 d (25C)"	"1107.alpha factor release sample025"	"4872.1M sorbitol - 60 min"	"8287.mcm1-1 + pRS315 vs. mcm1-1 + pRS-MCM7"	"11466.yO1 test hyb"	"18418.2mM MD 170min"	"18424.2mM MD 055min"	"18428.2mM MD 030min"	"21654..24 mM H2O2- 275 minutes"	"21662..24 mM H2O2- 230 minutes"	"30773.Pomona/Brown Sir3x red"	"33780.delYPL230w_stationary_phase_7hours"
"YBL024W"	0.021	-0.0895	1.0735	-1.0245	-2.16	-2.175	-2.483	-4.671	-4.879	-2.114	-2.409	-3.8255	-2.047	-2.147	-2.6055	-3.4875	-3.5465	-3.993	-0.252333333333333	0.065	0.126	-2.18	-0.905	-0.1495	0.226	-0.796	0.092	-0.009	-1.714
"YBL072C"	0.516	0.298	1.4025	-0.9405	-2.694	-2.486	-3.041	-3.192	-6.241	-3.188	-3.091	-4.1825	-2.074	-2.5425	-2.5865	-2.5245	-3.2065	-4.2	0.2455	0.611	0.504	-2.524	-1.584	-0.488	0.801	-0.94	0.033	0.135	-2.598
"YBL077W"	0.346	0.153	0.6685	-1.134	-1.571	-2.021	-1.176	-3.136	-5.081	-2.607	-2.667	-2.792	-1.615	-2.0335	-2.345	-2.816	-3.3595	-3.1945	0.062	0.0635	0.345	-1.547	-1.3055	-1.8955	0.08	-0.472	-0.853	0.115	-2.752
"YBL079W"	0.138	-0.0635	-0.171666666666667	-0.0966666666666667	-0.4265	-0.3605	-0.4125	-1.1	-1.929	-0.2625	-1.065	-0.679	-0.543333333333333	-0.537	-0.560666666666667	-0.818	-1.078	-0.826	-0.222	-0.156666666666667	-0.017	-0.2775	-0.232333333333333	-0.0636666666666666	0.425666666666667	-0.1965	0.0185	-0.173	-0.569
"YBR082C"	-0.026	0.0	-0.605	-0.915	-0.767	-1.412	-1.155	-2.746	-3.456	-0.797	0.564	-0.811	-0.897	-1.1805	-0.7415	-1.767	-2.379	-2.5995	-0.013	0.2625	-0.046	-2.2115	-0.479333333333333	-0.203333333333333	-0.421	0.0025	0.0805	-0.1055	-0.898
"YBR096W"	0.566	0.469	-0.3265	-0.4795	-0.335	-1.618	-0.773	-2.825	-3.347	-1.3	-1.672	-0.6475	-0.9895	-1.7275	-1.5245	-1.829	-1.7925	-2.066	0.0555	-0.07	0.263	-0.446	0.0125	0.1285	0.2695	-0.17	-0.447	0.073	-1.362
"YBR106W"	0.448	0.216	0.9	-0.828	-1.83	-2.108	-1.986	-3.354	-5.052	-2.595	-2.731	-2.3915	-1.999	-2.0935	-2.137	-2.3225	-3.147	-3.2985	0.3165	0.066	0.634	-1.924	-0.582	-0.166	0.328	-1.279	-0.79	0.118	-2.779
"YBR121C"	0.197	0.424	0.801	-1.014	-1.543	-2.186	-2.714	-4.037	-5.791	-2.366	-2.465	-3.2385	-1.721	-2.416	-3.155	-4.1355	-4.173	-4.5985	-0.0135	-0.1215	0.001	-2.249	-1.101	-1.3825	-0.2115	-0.268	-0.538	0.12	-1.806
"YBR143C"	0.095	-1.098	1.0005	-1.0625	-2.197	-1.932	-2.537	-3.195	-4.642	-2.012	-2.112	-3.1475	-1.838	-2.126	-2.659	-2.698	-2.699	-3.572	-0.087	0.029	0.241	-1.699	-1.6145	-1.415	-0.3495	-0.316	-0.381	0.105	-2.453
"YBR166C"	1.062	0.218	0.183333333333333	-0.194666666666667	-1.251	-1.0985	-1.407	-2.2345	-3.0285	-0.887	-1.552	-1.33633333333333	-0.705	-0.636333333333333	-1.099	-0.965333333333333	-1.83066666666667	-1.03266666666667	-0.062	-0.174	-0.023	-0.643	0.456	0.4885	0.457	-0.2245	0.123	0.023	-0.833
"YBR246W"	0.199	1.063	0.5475	-0.4065	-1.195	-0.766	-0.796	-2.137	-3.138	-1.077	-1.419	-0.906	-0.9535	-0.9095	-0.74	-1.3615	-1.8565	-1.287	0.328	-0.1025	0.099	-0.088	-0.296	0.793	0.753	0.502	-0.155	0.083	-0.393
"YBR288C"	0.109	0.199	0.5175	-0.437	-1.173	-0.889	-1.298	-2.229	-3.524	-0.751	-1.088	-1.2745	-1.0805	-0.9095	-1.1005	-1.2605	-1.978	-1.688	0.057	-0.2105	-0.057	-0.958	0.1	-0.888	-0.624	0.331	0.321	0.1	-0.937
"YCL059C"	0.576	0.325	0.974	-0.7355	-1.722	-1.081	-1.769	-2.558	-5.277	-1.283	-1.197	-3.4015	-1.887	-1.4885	-1.846	-2.0685	-3.0265	-2.4555	0.019	0.0035	-0.011	-0.73	0.45	-1.421	0.763	0.606	-0.154	-0.102	-2.396
"YCR002C"	0.236	-0.04	0.424	-0.894	-1.293	-1.572	-1.667	-3.669	-5.182	-0.658	-1.575	-1.074	-0.8665	-1.1235	-1.597	-2.564	-2.9535	-2.7005	0.072	0.0355	0.106	-1.48	0.303	-0.358	0.595	-0.979	-0.137	0.049	-1.257
"YCR013C"	0.251	0.127	-0.2875	-0.735	0.95	0.742	0.949	-3.099	-5.566	-1.264	-1.02	-0.731	0.8845	1.107	0.635	-1.827	-2.591	-3.6275	0.056	0.0775	0.455	0.07	0.681	0.16	-0.362	0.868	0.134	0.138	-1.652
"YCR057C"	0.119	0.069	0.732	-0.898	-2.651	-1.732	-2.636	-3.423	-5.109	-1.301	-1.536	-1.667	-1.605	-1.7665	-1.5195	-1.962	-2.812	-2.1505	0.055	0.0055	0.111	-1.771	-0.007	-0.67	-0.149	-0.015	-0.66	0.203	-2.48433333333333
"YDL135C"	0.1535	0.086	0.03	-0.116	-0.673	-0.522	-1.211	-1.586	-4.374	-0.165	0.761	-0.437	-0.708	-0.523	-0.552	-1.246	-1.998	-1.559	0.0695	0.257	0.247	-0.644	-0.026	-0.4725	0.1765	-0.251	0.082	0.117	-0.568
"YDL150W"	-0.0715	0.0075	NaN	-0.305	-0.601	-0.448	-1.089	-1.728	-3.715	-0.97	-0.525	-2.606	-1.645	-1.402	-1.259	-1.456	-1.824	-1.598	-0.1305	-0.157	0.237	0.032	-0.529	-0.1575	-1.102	0.005	-0.033	-0.104	-2.591
"YDL225W"	-0.009	0.201	-0.379	-0.07	-0.435	-0.872	-1.155	-2.271	-3.558	-0.621	-0.882	-1.031	-0.537	-0.981	-1.021	-0.994	-1.953	-1.522	0.06	-0.057	0.073	-0.459	0.3045	-0.302	0.024	0.068	0.165	0.189	-0.719
"YDR002W"	-0.048	0.091	0.515	-0.537	-1.054	-1.992	-1.109	-2.756	-4.542	-1.99	-1.796	-2.073	-1.447	-1.309	-0.91	-1.672	-2.746	-2.987	-0.131	0.03	0.179	-1.802	-1.4125	-1.2705	-1.4615	-0.52	-0.134	0.228	-1.465
"YDR023W"	0.121	0.082	0.322	1.176	-1.347	-2.164	-2.077	-2.907	-5.745	-1.813	-1.696	-3.05	-1.744	-1.553	-2.313	-3.056	-3.357	-3.85	0.047	-0.019	0.317	-2.091	-1.065	0.444	-0.105	-0.043	-0.045	0.282	-1.66
"YDR025W"	0.296	0.003	0.692	-1.0	-2.573	-2.592	-2.705	-3.393	-6.697	-3.471	-3.326	-4.504	-2.828	-1.915	-2.886	-2.503	-2.895	-3.518	0.181	-0.035	0.298	-1.7675	-2.13966666666667	-1.08966666666667	-0.249333333333333	-0.861	-0.168	-0.1195	-3.552
"YDR071C"	-0.054	-0.042	0.498	-0.191	-0.825	-1.203	-1.492	-2.459	-4.374	-0.581	-0.861	-0.965	-0.648	-0.696	-0.953	-1.937	-3.125	-2.557	0.182	0.015	0.207	-1.47	-0.1565	0.106	-0.4475	0.116	0.119	0.161	-0.713
"YDR087C"	0.147	0.027	0.873	-0.867	-1.909	-2.277	-3.312	-3.817	-4.944	-1.204	-1.594	-1.886	-1.819	-1.373	-2.022	-1.73	-3.407	-2.893	0.061	0.311	0.07	-1.782	0.395	-1.2435	-0.626	0.52	0.174	-0.476	-3.436
"YDR101C"	0.441	0.099	1.358	-0.843	-2.55	-2.315	-2.948	-4.145	-4.667	-1.752	-2.552	-2.52	-2.005	-1.96	-2.252	-2.862	-3.177	-3.516	0.113	0.107	0.191	-2.013	-0.7145	-1.0715	-0.542	-0.515	-0.227	-0.103	-2.294
"YDR117C"	0.456	0.21	0.17	-0.671	-0.838	-0.837	-0.535	-1.737	-2.494	-0.634	-1.141	-0.957	-1.292	-0.967	-1.278	-1.618	-1.45	-1.497	0.013	0.349	-0.025	-0.613	0.594	-0.1425	0.1055	0.323	0.206	0.151	-0.635
"YDR158W"	-0.005	0.06	0.567	-0.482	-0.799	-1.356	-0.19	-3.546	-5.115	-1.965	-1.881	-1.393	-0.514	-0.996	-1.763	-3.109	-3.802	-4.509	0.042	0.129	0.583	0.253	-0.022	0.352	0.492	-0.053	0.689	-0.157	-1.752
"YDR161W"	0.04	0.016	0.387	-0.893	-2.192	-1.24	-2.356	-2.842	-4.816	-0.877	-1.278	-1.951	-1.46	-1.406	-1.537	-2.298	-2.511	-2.286	0.153	0.168	0.442	-1.526	-0.994	-0.999	-0.321	-0.018	0.322	-0.259	-1.162
"YDR165W"	0.114	0.06	0.933	-0.581	-2.247	-1.905	-2.27	-3.111	-5.309	-1.636	-1.883	-3.057	-1.816	-1.396	-1.582	-1.767	-2.409	-2.23	0.27	-0.044	0.793	-1.0245	-0.1255	-0.641	-0.8805	-0.032	0.174	-0.157	-2.632
"YDR303C"	-0.114	-0.363	-0.559	-0.493	-0.969	-0.635	-0.708	-2.132	-7.617	-0.134	-0.667	-1.458	-0.884	-0.741	-0.902	-2.494	-2.18	-2.511	-0.34	-0.165	0.364	-0.762	0.099	-0.466	0.096	-0.463	-0.66	0.273	-1.282
"YDR341C"	0.039	0.073	0.688	-0.658	-1.763	-1.574	-1.681	-3.212	-5.262	-2.134	-2.218	-2.942	-1.135	-1.942	-2.263	-3.262	-3.294	-3.559	0.152	0.1	-0.093	-1.562	-0.189	0.237	0.254	0.004	-0.248	0.213	-1.941
"YDR454C"	0.195	0.048	0.952	-0.541	-0.938	-1.715	-1.528	-2.876	-4.275	-2.414	-2.283	-1.427	-0.963	-1.608	-1.534	-1.835	-2.466	-2.28	0.117	0.129	0.095	-1.702	-1.37	-1.601	-1.026	-0.601	-0.078	0.113	-1.127
"YEL042W"	0.294	-0.116	0.745	-0.433	-0.736	-1.264	-1.261	-3.201	-4.334	-1.329	-1.924	-1.851	-1.109	-1.705	-1.658	-1.896	-2.665	-3.071	0.134	-0.007	0.571	-1.2195	-0.27425	-0.75075	0.40425	0.4295	0.169	0.386	-1.963
"YEL054C"	0.502	0.199	1.093	-0.77	-1.871	-1.511	-2.981	-2.98	-7.056	-3.003	-2.232	-3.347	-2.336	-2.777	-2.579	-2.504	-3.005	-3.554	0.369	0.091	0.343	-2.202	-1.5125	-0.40875	0.485	-0.3985	0.0665	0.1225	-2.936
"YER009W"	0.031	-0.072	0.3	-0.807	-0.827	-1.398	-0.688	-2.671	-4.765	-2.143	-1.906	-1.108	-0.939	-1.407	-1.465	-2.034	-2.393	-2.025	0.441	-0.029	0.668	-0.484	-0.76325	-0.674	-0.03	-0.357	-0.016	-0.173	-1.084
"YER043C"	0.553	0.477	1.109	-1.172	-2.553	-2.767	-3.397	-4.78	-6.476	-3.096	-3.18	-3.583	-2.272	-3.174	-3.716	-3.31	-4.857	-4.918	0.405	-0.103	0.714	-1.415	-0.4185	-0.0355	0.2545	-0.447	-0.445	0.21	-2.202
"YER086W"	0.236	0.171	0.938	-0.928	-1.076	-1.236	-1.424	-3.61	-5.173	-2.311	-2.028	-2.719	-1.373	-1.847	-1.837	-2.624	-2.882	-3.77	0.265	0.09	0.134	-0.886	-0.286	0.229	-0.0745	-0.289	0.3	-0.133	0.245
"YER090W"	0.077	0.047	0.672	-0.608	-1.299	-1.569	-1.173	-3.804	-5.004	-1.889	-1.861	-1.857	-0.616	-1.078	-1.311	-2.327	-2.585	-3.495	0.15	-0.122	-0.432	-0.819	0.675	0.5805	-0.518	-0.184	-0.373	0.015	-0.297
"YER102W"	0.532	0.436	1.351	-1.525	-2.924	-2.3	-2.578	-3.64	-6.434	-3.37	-3.204	-4.286	-2.008	-2.613	-2.593	-2.579	-3.326	-3.859	0.501	0.299	0.564	-2.388	-1.6615	-1.3825	-0.548	-1.067	0.005	0.011	-2.329
"YER118C"	0.507	0.423	0.606	-0.744	-0.898	-0.913	-1.822	-2.598	-3.457	-0.87	-1.557	-1.7	-0.974	-1.116	-1.35	-1.371	-2.206	-1.965	0.503	0.143	0.187	-1.1755	-0.70875	-0.99	0.166	0.1445	0.283	0.02	-2.193
"YER127W"	-0.219	-0.082	1.253	-0.434	-1.672	-1.949	-2.155	-2.611	-4.439	-1.435	1.661	-1.589	1.466	-1.363	-1.279	-1.098	-2.485	-1.946	0.063	0.2	0.339	-1.479	-0.804666666666667	-1.39075	-0.463	-0.298	-0.0675	-0.057	-3.002
"YER131W"	0.242	0.098	1.224	-1.21	-2.3	-1.895	-2.47	-3.664	-6.55	-2.905	0.589	-4.139	-2.089	-2.2	-2.498	-2.105	-2.654	-3.304	0.356	0.487	0.56	-2.4735	-1.05433333333333	-1.8175	-0.635	-0.146	0.1955	0.0585	-4.068
"YER145C"	0.837	0.746	0.644	1.48	-0.47	-1.834	-1.544	-3.836	-5.091	-0.786	-0.621	0.206	-0.392	-1.863	-1.163	-1.536	-2.549	-2.941	0.817	-0.067	0.029	-1.5505	0.74375	0.76825	-0.0705	0.002	0.2805	-0.0095	-2.311
"YER162C"	0.082	0.102	-0.499	0.524	2.02	2.241	1.633	3.374	3.649	1.656	1.782	1.282	1.124	1.724	1.546	2.103	2.72	2.163	-0.126	-0.319	-0.08	1.636	-0.09	-0.644666666666667	-1.07	0.6255	0.25	0.0225	1.466
"YER164W"	0.164	-0.006	-0.068	-0.316	-0.022	0.319	-0.238	-1.33	-3.903	-0.43	-0.089	-0.613	-0.603	-0.339	-0.589	-1.061	-1.577	-2.102	-0.164	-0.486	0.123	-0.0915	0.105333333333333	-0.361	0.00866666666666667	0.428	0.1675	0.3015	-0.399
"YFL002C"	0.467	0.279	0.935	-0.222	-1.038	-0.974	-0.661	-1.624	-4.836	-0.72	-0.853	-1.444	-0.761	-1.06	-1.266	-1.171	-1.723	-2.131	-0.012	-0.108	-0.015	0.023	-0.645333333333333	-0.50725	-0.343	-0.4695	0.0095	-0.252	-0.585
"YFL045C"	0.604	0.313	0.87	-1.298	-1.88	-1.85	-2.231	-2.163	-4.897	-2.463	-2.891	-2.228	-1.282	-1.424	-2.201	-1.923	-2.307	-2.378	0.532	0.031	0.741	-0.93	-1.35625	-1.06575	-0.246	-0.6975	-0.298	-0.194	-1.949
"YFR002W"	-0.078	0.215	0.455	-0.142	-0.074	-0.461	-0.567	-1.995	-7.825	-0.818	-0.976	-1.099	-0.666	-0.587	-0.567	-1.556	-2.295	-2.746	-0.091	-0.042	-0.069	-0.007	-0.41275	0.141333333333333	0.37675	0.508	0.3365	-0.147	-0.34
"YFR028C"	0.081	-0.279	0.695	-0.237	-0.627	-1.456	-0.875	-2.027	-4.271	-1.037	-1.293	-1.141	-0.829	-1.142	-1.447	-1.092	-1.864	-1.575	-0.128	0.191	0.134	-1.1065	-0.288	-0.54375	0.4282	-0.0195	5.0E-4	0.1	-0.743
"YFR044C"	-0.072	-0.085	0.414	0.175	-0.324	-1.41	-1.632	-3.87	-5.917	-1.039	-1.546	1.368	0.355	-0.706	-0.82	-0.889	-1.826	-2.142	-0.042	0.24	0.251	-1.522	0.969	1.27166666666667	0.0753333333333333	-0.215	-0.216	0.331	0.409
"YGL001C"	-0.007	0.032	0.376	-0.494	-0.912	-1.369	-1.474	-2.878	-4.137	0.039	-0.673	-0.745	-0.098	-0.843	-1.195	-1.719	-2.358	-2.176	0.081	0.317	0.314	-1.066	-0.623	1.0595	0.753	-0.484	0.087	0.002	-0.564
"YGL016W"	0.213	0.0325	0.233	-0.539	-0.604	-1.474	-1.127	-3.034	-4.265	-1.104	-1.391	-1.719	-0.997	-1.815	-1.608	-2.599	-3.554	-2.639	0.0545	0.106	0.373	-1.374	-0.2645	-1.022	0.0105	0.201	-0.258	0.185	-0.881
"YGL021W"	-0.311	-0.732	0.059	-0.423	-1.292	-2.697	-1.335	-2.714	-5.572	-1.086	-2.056	-1.377	-1.041	-1.254	-2.515	-2.192	-3.105	-2.246	-0.826	0.296	0.147	-1.476	-0.67	0.15	1.27433333333333	-0.392	0.241	0.374	-1.007
"YGL049C"	0.282	0.234	-0.045	-0.521	-0.919	-0.946	-0.555	-2.05	-4.12	-1.033	-1.097	-1.227	-0.75	-0.621	-0.562	-1.692	-1.763	-2.23	0.02	-0.035	0.088	-0.776	-0.5335	-0.7205	-0.4525	-0.547	0.154	-0.051	-1.503
"YGL050W"	0.24	0.016	0.55	-0.054	-0.788	-0.71	-1.231	-1.73	-2.381	-0.557	-0.638	-1.029	-0.833	-0.732	-0.359	-0.824	-0.874	-1.231	0.14	-0.311	0.284	-0.706	-0.229	-0.5435	-0.476	0.309	-0.095	-0.259	-1.239
"YGL076C"	0.175	0.02	1.317	-0.842	-2.564	-2.446	-2.401	-3.976	-5.667	-2.857	-1.957	-4.142	-2.037	-2.568	-2.648	-2.836	-2.79	-3.782	0.275	-0.016	0.565	-1.8735	-1.7195	-1.15	0.003	-0.393	-0.0685	-0.0315	-3.315
"YGL077C"	-0.036	-0.256	0.132	-0.842	-1.05	-1.539	-1.395	-3.716	-3.533	-1.313	-1.711	-0.726	-0.842	-1.683	-1.693	-2.529	-2.903	-2.463	-0.094	0.431	0.815	-1.243	-0.71	-1.22333333333333	0.0633333333333333	-0.855	-0.156	0.251	0.565
"YGL099W"	-0.044	0.056	0.834	-1.079	-1.774	-2.004	-2.335	-2.895	-5.764	-1.291	-1.425	-2.755	-1.738	-1.805	-1.984	-2.516	-3.273	-3.42	0.124	0.157	0.335	-2.114	-1.0975	-0.155	-0.317666666666667	-0.759	-0.121	0.164	-2.525
"YGL135W"	0.478	0.294	1.167	-1.162	-2.548	-2.301	-2.942	-3.418	-5.687	-3.119	-2.071	-3.581	-2.03	-2.512	-2.692	-2.267	-2.874	-3.825	0.502	-0.045	0.671	-2.233	-1.8375	-1.2205	0.296	-0.532	-0.704	0.149	-3.009
"YGL147C"	0.509	0.261	1.427	-1.473	-3.389	-2.422	-3.896	-3.921	-7.507	-3.466	-3.166	-4.384	-2.459	-2.874	-3.388	-3.018	-2.755	-3.483	0.343	0.326	0.902	-2.532	-2.29233333333333	-0.847	0.389333333333333	-1.182	-0.548	0.071	-3.3875
"YGL232W"	-0.014	0.017	0.553	-0.088	-0.348	-0.412	-1.617	-2.079	-2.628	-0.3	-0.56	-1.152	-0.845	-1.042	-1.033	-1.825	-1.906	-2.353	-0.038	-0.39	-0.025	-0.912	-0.313	-0.4045	-0.4115	-0.14	0.002	-0.403	-0.675
"YGL238W"	0.002	0.025	0.242	-0.667	-1.08	-0.967	-1.048	-1.585	-4.337	-1.39	-1.824	-1.481	-1.294	-1.238	-1.24	-1.654	-1.937	-2.674	0.071	0.04	0.316	-0.873	-0.223666666666667	-0.293666666666667	-0.142333333333333	-0.354	-0.131	0.339	-0.923
"YGL245W"	0.451	0.143	0.521	-1.136	-1.579	-1.475	-2.145	-4.799	-6.655	-1.699	-2.088	-1.847	-1.416	-1.589	-2.121	-3.552	-4.345	-4.779	0.065	-0.194	0.039	-1.658	-0.602666666666667	0.555333333333333	0.512666666666667	-0.627	-0.552	0.257	-0.834
"YGL253W"	0.624	0.612	0.705	-1.728	-2.185	-1.924	-0.458	-2.17	-4.666	-0.793	-0.699	-0.799	-0.067	-0.348	-0.677	-1.66	-1.811	-2.803	0.544	0.038	0.609	-1.286	-0.023	0.3005	0.937666666666667	-0.703	-0.269	0.172	-1.462
"YGR061C"	0.167	0.179	0.2555	-0.907	-1.0655	-1.003	-1.6865	-2.8345	-3.447	-1.048	-1.7135	-1.835	-1.1355	-1.7575	-1.891	-1.7885	-1.6345	-2.528	-0.344	-0.0275	0.108	0.329	0.02	-0.148	-0.6205	-0.457	-0.2845	0.024	-0.8895
"YGR085C"	0.287	0.271	1.473	-0.601	-2.202	-2.29	-2.146	-3.406	-6.059	-3.013	-2.215	-4.359	-2.106	-2.625	-2.77	-3.306	-3.54	-4.179	0.272	0.278	0.538	-2.156	-1.216	-1.597	-0.7035	-0.984	0.019	0.177	-3.003
"YGR122W"	0.11	0.221	0.0	-0.047	1.026	1.324	0.695	0.156	-2.288	0.461	0.722	0.805	0.677	0.886	1.104	-0.399	-0.911	-1.032	0.094	-0.041	0.219	0.658	0.6215	0.489	0.27125	0.129	0.0425	0.155	0.86
"YGR124W"	0.523	0.515	0.585	-1.414	-1.917	-2.741	-2.43	-2.597	-4.207	-1.518	-0.014	-2.554	-1.658	-2.324	-2.426	-2.945	-3.169	-3.758	0.447	-0.188	0.286	-2.916	-0.21075	-0.2275	0.03225	-0.3555	-0.463	0.3015	-2.662
"YGR135W"	-0.054	0.084	0.312	-0.047	-0.057	-0.491	-0.524	-1.553	-4.32	-0.99	-0.726	-0.353	-0.181	-0.565	-0.551	-1.689	-1.765	-1.935	0.029	-0.046	0.32	-0.9925	0.1545	0.32925	0.17025	-0.0095	0.3075	0.1475	-0.885
"YGR148C"	0.242	-0.073	1.076	-0.934	-3.033	-2.31	-2.615	-3.884	-5.757	-2.956	-2.722	-5.063	-2.455	-2.508	-2.896	-3.022	-3.649	-4.092	0.127	0.022	0.527	-2.7095	0.07075	-0.2935	-0.463	0.3	0.05	0.117	-2.693
"YGR175C"	0.049	0.178	0.767	-0.186	0.64	0.235	-1.083	-3.074	-4.5	-1.563	-1.196	-1.38	0.5	0.085	-0.251	-2.53	-2.628	-3.285	-0.233	0.31	-0.032	0.106	-0.07725	-0.28175	-0.05525	-0.46	-0.3525	0.272	-0.395
"YGR185C"	0.07	0.39	0.667	-0.665	-1.31	-2.13	-2.168	-5.306	-6.361	-2.6	-2.266	-2.754	-1.434	-2.531	-2.944	-4.576	-4.871	-5.006	-0.005	0.181	-0.156	-2.438	-0.223	-0.351	-0.142	-0.102	0.086	0.247	-2.312
"YGR199W"	-0.124	0.065	-0.076	0.255	0.35	0.161	0.495	-1.35	-2.439	-0.835	-0.822	1.228	0.201	-0.153	0.08	-1.2	-1.04	-1.731	0.084	0.197	0.395	0.151	0.3865	-0.043	0.0155	0.035	-0.118	0.15	-0.17
"YGR200C"	-0.282	0.036	0.888	-0.601	-1.152	-1.152	-1.306	-2.863	-3.668	-1.597	-1.625	-0.958	-1.1	-1.274	-1.456	-1.861	-2.863	-2.446	0.108	-0.037	0.252	-1.091	0.0864999999999999	-0.0015	-0.433	-1.024	-0.481	0.178	-0.82
"YGR204W"	0.317	0.386	-0.078	-1.0	-1.306	-0.834	-0.835	-1.538	-5.27	-0.539	-0.019	-0.735	-0.524	-0.669	-0.989	-1.97	-1.483	-2.095	0.193	-0.09	0.275	-1.658	0.109	0.679	0.57	0.53	0.017	0.491	-1.657
"YGR229C"	0.177	0.105	0.6	-0.267	-0.754	-1.164	-0.943	-2.847	-4.256	-1.987	-1.316	-1.823	-0.983	-1.569	-1.658	-2.401	-2.58	-3.391	0.106	0.076	0.0	-1.347	-1.086	-0.66	-0.0685	-0.395	-0.282	0.164	-1.098
"YGR236C"	-0.538	-0.813	-0.807	1.495	5.548	6.013	4.335	5.413	6.474	5.567	5.087	2.582	2.144	3.123	3.07	4.433	4.451	5.04	0.0385	0.085	-0.875	4.122	0.4065	0.8795	0.267	-0.354	0.051	-0.731	6.182
"YGR265W"	0.261	0.113	0.397	-1.25	-1.777	-2.017	-2.576	-2.202	-3.223	-1.703	-2.118	-2.827	-1.933	-2.395	-2.652	-2.824	-2.827	-2.343	0.01	-0.055	0.122	-0.76	0.603	-0.118	-0.1305	-0.427	-0.553	-0.414	-2.311
"YGR285C"	0.114	0.098	1.014	-1.082	-1.794	-1.645	-1.67	-4.078	-6.1	-1.877	-1.393	-3.556	-2.259	-2.557	-2.811	-3.452	-4.07	-4.065	0.256	0.15	0.02	-2.068	0.0489999999999999	-0.755	-0.564	-0.333	-0.469	0.188	-2.554
"YHL034C"	0.333	0.457	0.448	-0.123	0.087	-1.162	-1.589	-1.801	-3.26	0.441	-0.038	-0.636	-0.844	-0.827	-1.108	-1.2	-1.905	-1.822	0.307	-0.338	0.047	-0.837	0.583	-0.4325	-0.7945	0.636	-0.153	0.09	0.699
"YHR005C"	-0.566	0.507	0.841	-0.618	0.127	0.255	-0.01	-1.947	-4.17	-1.102	-1.473	0.009	-0.667	-0.574	-0.985	-2.115	-2.592	-2.519	-0.243	-0.301	0.016	-0.333	0.13	0.157	-0.2195	0.277	0.273	0.171	-0.005
"YHR019C"	0.196	0.26	1.111	-1.258	-1.467	-1.831	-2.048	-4.051	-5.077	-2.664	-2.76	-2.07	-1.385	-2.109	-2.06	-3.117	-3.721	-4.387	0.046	0.071	0.141	-1.834	0.311	0.4695	0.562	-0.564	-0.228	0.257	-1.349
"YHR025W"	-0.122	-0.009	0.819	-1.09	-1.274	-1.993	-1.868	-2.666	-5.429	-2.199	-0.368	-1.781	-1.065	-1.97	-1.896	-1.471	-2.319	-2.178	0.034	-0.196	0.157	-1.627	0.5995	0.3335	0.042	0.117	-0.02	0.193	-1.597
"YHR042W"	0.078	0.239	0.921	-0.308	-0.737	-1.128	-1.322	-2.228	-4.647	-1.35	-1.381	-1.434	-1.232	-1.325	-1.914	-1.986	-1.732	-1.698	0.133	-0.009	-0.12	-1.098	-0.57	-0.439	0.7	-0.181	-0.098	0.096	-1.442
"YHR047C"	-0.102	0.063	0.063	-1.037	-1.862	-1.732	-2.047	-3.032	-4.423	-0.614	0.114	-0.677	-1.388	-1.632	-1.63	-1.978	-3.102	-3.056	-0.109	-0.23	-0.022	-1.841	1.1025	1.102	1.0855	-0.363	0.155	0.451	-0.857
"YHR063C"	0.061	-0.049	-0.213	-0.78	-1.345	-1.469	-2.215	-3.309	-4.42	-0.927	-0.253	-2.142	-1.217	-1.385	-1.916	-2.162	-3.419	-3.036	0.195	-0.03	-0.235	-1.701	-0.2815	0.4815	0.486	-0.225	-0.167	NaN	-1.513
"YHR064C"	0.067	0.198	0.709	-1.126	-1.668	-1.77	-1.712	-3.329	-5.238	-2.559	-0.22	-2.977	-1.449	-1.754	-2.25	-2.957	-3.678	-3.675	-0.017	-0.069	-0.324	-2.056	-0.1995	-1.7225	-0.1175	-0.6	-0.266	0.507	-2.781
"YHR065C"	-0.215	-0.232	0.66	-0.754	-1.573	-1.183	-2.105	-3.857	-4.644	-1.01	1.123	-2.379	-1.197	-1.073	-1.503	-1.762	-2.801	-2.479	-0.114	0.252	-0.007	-0.852	-0.2615	0.3855	0.1045	0.168	-0.058	NaN	-1.607
"YHR068W"	-0.167	-0.12	0.968	-1.125	-2.251	-3.015	-2.166	-4.28	-6.532	-2.526	-1.119	-2.945	-1.652	-1.927	-2.429	-2.724	-3.669	-3.425	0.09	0.241	-0.048	-2.29	-0.461	-0.9425	-0.5135	-0.048	-0.219	0.103	-2.362
"YHR123W"	-0.039	-0.238	0.148	-0.716	-1.05	-1.555	-1.135	-3.763	-4.132	-1.439	-2.046	-2.216	-1.72	-1.965	-2.024	-2.917	-2.775	-2.647	0.152	0.254	-0.118	-1.21	-0.4665	-0.829	-0.9685	-0.423	0.46	0.095	-2.231
"YHR203C"	0.077	-0.013	1.231	-2.628	-2.671	-2.372	-2.895	-3.782	-5.944	-3.412	-3.049	-4.669	-2.276	-2.437	-2.591	-2.575	-3.081	-3.941	0.219	0.264	0.251	-2.302	-1.912	-1.3785	0.11	-0.789	-0.438	0.138	-3.449
"YHR208W"	-0.032	0.147	0.987	-1.326	-1.413	-1.397	-1.898	-3.12	-4.064	-1.934	-1.898	-2.228	-1.185	-1.232	-1.339	-2.263	-2.683	-2.939	0.016	-0.359	-0.266	-1.267	-0.865	-0.1145	0.436	0.041	-0.399	0.189	-3.088
"YIL015W"	0.234	-0.604	0.255	-2.342	-2.151	-2.442	-0.263	-3.634	-4.048	-2.971	-3.632	1.467	-2.395	-1.746	-2.415	-2.74	-2.546	-3.25	-0.98	-0.543	-0.283	-2.054	-0.663	0.038	0.4685	-0.299	0.009	0.055	-1.072
"YIL021W"	-0.241	-0.213	0.817	0.037	-0.313	-0.81	-1.022	-1.965	-3.289	-0.937	-0.841	-0.964	-0.373	-1.198	-1.127	-1.2	-1.693	-1.565	-0.171	0.094	0.246	-1.047	0.6125	-0.081	0.009	0.009	0.054	0.114	-0.389
"YIL039W"	0.034	0.001	0.566	-0.214	-0.673	-1.325	-1.46	-3.668	-4.517	-1.3	-0.337	-0.324	-0.319	-1.043	-1.386	-1.646	-2.122	-1.552	0.113	0.233	0.065	-1.385	-0.5465	-0.65	-0.626	-0.068	-0.552	0.109	-1.176
"YIL045W"	0.02	-0.024	-0.913	1.113	4.285	5.025	4.058	4.605	5.042	2.2	2.313	4.236	3.986	4.311	4.378	4.139	3.804	2.963	-0.099	-0.009	-0.347	2.832	1.097	-0.5565	0.383	0.434	0.405	0.097	2.985
"YIL078W"	0.023	0.025	0.897	-1.288	-2.219	-2.498	-1.911	-5.192	-6.059	-2.5	-2.462	-3.786	-1.821	-2.436	-3.226	-4.41	-4.902	-4.944	-0.017	0.141	0.306	-2.348	-0.5225	0.139	0.611	-0.776	-0.565	0.351	-2.548
"YJL075C"	0.515	0.141	-0.431	-0.309	-1.13	-0.784	-0.834	-2.151	-3.941	-0.957	-1.004	-1.736	-0.961	-0.869	-1.011	-1.434	-1.779	-1.075	-0.269	-0.007	-0.291	0.432	0.044	0.153	0.3835	0.483	-0.309	-0.334	-1.2075
"YJL081C"	0.197	-0.009	0.183	-0.102	-0.784	-0.905	0.098	-1.725	-4.519	-0.553	-0.861	-0.204	-0.38	-0.686	-0.81	-1.259	-1.944	-1.52	-0.056	0.151	0.361	0.43	-0.4665	0.0825	0.012	0.028	-0.278	0.072	-0.4
"YJL097W"	-0.168	-0.097	0.188	0.123	-0.584	-1.604	-2.089	-2.596	-4.683	-0.944	-1.483	0.237	-0.265	-1.025	-1.409	-1.461	-2.558	-2.276	0.488	-0.165	0.333	-1.401	0.892	1.261	-0.804	-0.7	-0.284	-0.627	-0.877
"YJL138C"	0.192	0.135	1.168	-0.635	-1.167	-1.195	-1.358	-3.125	-5.625	-1.674	-1.959	-2.086	-0.932	-1.763	-2.049	-2.542	-2.785	-3.522	0.091	0.058	0.527	-1.828	-0.9745	0.0435	0.309	-1.526	-0.417	0.344	-1.373
"YJL157C"	-0.377	0.079	0.926	-0.778	-1.634	-1.708	-0.962	-3.548	-7.731	-2.54	-2.599	-0.111	-1.274	-1.008	-2.535	-3.198	-3.396	-3.219	-0.456	0.018	0.218	-1.339	-0.9825	-1.551	-0.688	-0.793	-0.396	-0.261	-0.388
"YJL183W"	0.001	-0.357	0.489	-0.746	-2.032	-2.434	-1.944	-2.097	-4.986	-1.21	-1.424	-1.695	-0.997	-1.436	-1.333	-1.66	-2.208	-2.121	-0.094	0.247	0.306	-1.239	-0.856	0.124	0.3635	-0.135	-0.216	-0.071	-1.595
"YJL192C"	-0.058	0.037	0.516	-0.097	-0.943	-1.258	-1.255	-3.649	-4.214	-1.29	-1.458	-1.028	-0.659	-1.289	-0.942	-1.68	-2.446	-1.599	0.093	0.043	0.375	-1.156	0.061	-1.1415	-0.5595	-0.572	-0.237	-0.056	-1.259
"YJL196C"	-0.142	0.144	0.262	-0.859	-0.873	-1.534	-0.896	-3.4	-4.585	-1.932	-1.147	-0.062	-0.18	-0.493	-0.83	-1.269	-1.633	-1.812	0.508	0.123	0.303	-1.467	-0.0355	-0.6205	-0.904	-0.246	0.048	-0.132	-1.099
"YJR006W"	0.011	0.279	0.16	-0.069	0.417	0.433	0.803	-1.626	-3.835	0.113	-0.385	-0.344	-0.122	-0.466	-0.229	-1.436	-1.352	-1.692	0.133	0.321	0.059	-0.086	0.0375	-0.0655	0.421	0.5	0.439	0.034	-0.79
"YJR007W"	0.419	0.056	1.053	-0.919	-2.107	-1.68	-2.662	-3.21	-8.057	-1.824	-1.91	-1.755	-1.571	-1.848	-2.051	-2.909	-3.009	-3.616	0.148	-0.054	0.103	-1.685	-0.994	0.0775	0.1405	-0.012	-0.246	-0.02	-1.44
"YJR016C"	-0.084	-0.025	NaN	-1.386	-1.274	-1.146	-1.028	-2.006	-5.079	-2.16	-1.999	-0.856	-0.305	-0.554	-0.998	-0.939	-1.747	-2.976	-0.198	0.289	-0.675	-1.54	-0.821	-0.1835	-0.1775	0.025	-0.394	0.228	-2.158
"YJR143C"	0.057	-0.032	0.597	-0.945	-1.648	-1.487	-1.713	-4.675	-5.523	-2.573	-3.031	-1.799	-1.08	-1.986	-2.118	-3.335	-3.698	-3.382	0.242	0.239	0.398	-1.896	-0.6485	-0.3015	0.6005	-1.39	-0.779	0.162	-1.52
"YJR145C"	0.263	-0.027	1.17	-1.487	-2.731	-2.328	-2.413	-3.54	-6.528	-3.597	-3.707	-4.857	-1.988	-2.396	-2.336	-2.519	-3.105	-3.178	0.228	0.381	0.237	-2.312	-1.7965	-1.191	-0.024	-1.44	-0.48	0.106	-3.771
"YKL006W"	0.237	-0.004	0.961	-1.288	-2.854	-2.383	-3.16	-2.835	-5.113	-2.997	-2.743	-4.545	-2.315	-2.442	-2.791	-1.939	-2.29	-2.843	0.303	0.2	0.518	-2.458	-1.15	-1.015	0.131	0.16	-0.324	-0.795	-4.221
"YKL026C"	-0.012	-0.046	-1.322	0.848	4.429	4.068	3.618	5.561	6.641	3.305	3.067	3.106	2.687	3.137	3.607	4.354	3.97	3.468	-0.084	0.101	-0.372	1.288	1.715	0.613	1.293	0.86	0.178	-0.287	4.063
"YKL080W"	-0.127	-0.139	0.55	-1.216	-1.941	-1.25	-1.469	-4.229	-5.94	-1.461	-1.699	-0.56	-0.824	-1.299	-1.962	-2.874	-2.944	-2.866	0.135	0.172	0.378	-1.244	-0.301	-1.248	0.775	0.792	-0.178	0.138	-1.391
"YKL212W"	0.013	0.068	0.473	-0.313	-0.845	-1.247	-1.079	-3.014	-4.806	-1.651	-1.64	-1.923	-0.736	-1.656	-1.598	-2.516	-2.929	-3.374	0.042	-0.068	-0.029	-1.089	0.098	-0.27	-0.541	0.152	-0.182	0.215	-1.481
"YKR001C"	0.25	0.07	0.051	-0.156	0.129	-0.259	-0.404	-2.222	-5.109	-0.213	-0.344	-0.618	-0.048	-0.86	-0.751	-2.374	-2.626	-3.069	0.062	0.138	0.008	-1.178	0.426	0.256	-0.337	-0.067	0.423	0.187	-0.618
"YKR059W"	0.381	0.296	1.161	-0.733	-1.181	-1.543	-1.54	-2.817	-4.998	-2.531	-2.238	-2.018	-1.043	-1.844	-2.106	-2.623	-2.96	-3.568	0.175	0.062	0.514	-1.996	0.508	0.315	0.117	-1.311	-0.653	0.219	-1.849
"YKR094C"	-0.121	-0.257	0.976	-1.08	-2.274	-1.978	-2.41	-2.464	-4.383	-1.972	-2.7	-2.785	-1.579	-1.746	-1.839	-1.792	-2.197	-2.387	0.144	0.016	0.253	-2.035	-1.516	-0.893	0.305	-1.174	-0.649	-0.022	-3.422
"YLL011W"	-0.535	-0.296	1.3	-0.759	-2.362	-2.077	-2.646	-1.781	-4.961	-1.708	-1.637	-3.178	-1.717	-1.771	-1.944	-2.156	-2.442	-2.375	-0.079	0.087	0.122	-1.767	-0.859	-0.242	0.463	-0.28	-0.532	0.102	-2.117
"YLL035W"	-0.299	-0.599	0.707	-0.322	-1.497	-1.446	-1.47	-2.821	-3.138	-1.045	-1.184	-2.024	-1.466	-1.355	-1.239	-1.67	-2.017	-1.979	0.129	-0.092	-0.102	-0.872	0.071	-0.575	-0.184	0.175	-0.361	0.366	-1.751
"YLR029C"	0.168	0.159	1.094	-1.619	-2.572	-2.334	-3.108	-3.615	-6.877	-2.78	-2.648	-3.178	-1.893	-2.201	-2.595	-2.242	-2.378	-2.987	0.219	-0.158	0.456	-2.49	0.104	-0.093	-0.847	-0.618	0.294	0.243	-2.766
"YLR060W"	-0.019	0.007	0.836	-1.157	-2.296	-2.499	-2.849	-4.941	-5.967	-2.672	-2.566	-2.773	-1.546	-2.397	-2.667	-3.118	-3.713	-4.371	-0.01	-0.212	0.376	-2.464	-0.432	-2.108	0.03	-0.884	-0.429	0.239	-2.996
"YLR061W"	-0.248	-0.46	1.1	-1.105	-3.603	-2.908	-3.127	-4.939	-6.591	-3.021	-3.058	-4.326	-2.164	-2.433	-2.88	-3.309	-3.833	-3.91	0.01	0.078	0.509	-2.482	-2.123	-0.965	0.174	-0.783	-0.848	0.031	-2.793
"YLR066W"	-0.126	-0.184	0.414	-0.555	-0.609	-0.728	-0.857	-1.805	-4.153	-0.588	-0.522	-0.857	-0.462	-0.663	-0.708	-1.092	-1.743	-2.746	0.156	-0.194	0.039	-0.683	0.354	-0.537	0.003	0.231	-0.014	-0.072	-1.203
"YLR075W"	0.172	0.023	1.136	-0.786	-2.246	-2.047	-2.366	-1.991	-6.109	-2.807	-2.616	-4.079	-1.489	-1.706	-1.888	-1.003	-2.135	-2.586	0.337	0.189	0.443	-2.132	0.949	-0.663	0.049	-0.61	0.102	0.209	-3.6
"YLR076C"	-0.027	0.08	0.754	-0.466	-1.808	-1.463	-1.839	-1.78	-4.142	-2.924	-2.039	-3.015	-1.22	-1.575	-1.453	-1.198	-1.871	-1.996	0.14	-0.03	0.147	-2.021	0.419	-0.111	0.111	-0.597	-0.311	0.219	-3.418
"YLR083C"	-0.275	-0.663	0.768	-0.926	-1.598	-2.021	-2.216	-3.767	-5.137	-0.41	-0.858	-3.208	-1.494	-2.031	-2.545	-2.29	-3.88	-3.36	-0.167	0.145	0.635	-2.297	-1.051	-0.407	-0.123	-0.315	-0.699	0.391	-2.869
"YLR153C"	0.096	0.035	0.374	-0.61	-0.454	-0.867	-1.497	-4.481	-5.598	-0.269	-0.671	-0.79	0.537	-1.29	-2.312	-3.578	-3.672	-3.394	0.096	-0.102	NaN	-0.699	1.831	-1.23	-0.084	0.7	-0.633	0.258	-1.016
"YLR208W"	-0.378	-0.217	0.589	-0.592	-0.814	-1.266	NaN	-1.968	-4.432	-1.568	-2.018	-1.032	-1.003	-1.454	-1.248	-1.898	-2.183	-2.499	-0.254	-0.252	0.076	-1.044	-0.915	-0.429	-0.33	-0.41	-0.568	0.35	-1.02
"YLR226W"	-0.218	-0.215	0.305	0.254	-1.314	1.593	-1.296	-1.197	-2.826	-0.533	0.082	-0.516	-0.848	-0.853	-0.466	-1.153	-1.102	-1.7	-0.247	-0.063	0.076	-0.701	-0.746	-0.428	-0.382	-0.282	-0.521	0.03	-1.163
"YLR276C"	-0.161	-0.182	1.132	-0.734	-1.532	-1.655	-1.858	-3.174	-5.399	-1.65	0.689	-3.49	-1.977	-1.889	-2.427	-1.866	-3.17	-3.081	-0.097	-0.088	0.217	-1.452	-0.186	-1.263	0.789	-0.948	-0.775	-0.237	-1.145
"YLR291C"	-0.132	-0.03	0.708	-0.737	-1.83	-1.482	-1.792	-3.037	-4.762	-1.104	-2.027	-1.003	-1.21	-1.186	-1.283	-1.783	-2.216	-2.363	0.033	-0.181	0.029	-1.532	-0.312	-0.825	0.167	0.747	-0.001	0.157	-1.191
"YLR293C"	0.291	0.175	0.886	-1.282	-2.565	-2.207	-2.675	-3.488	-6.281	-2.233	-2.661	-2.473	-1.576	-1.45	-2.158	-2.379	-3.03	-3.186	0.285	0.078	-0.145	-2.235	0.24	-1.34	0.664	-0.467	-0.028	0.092	-2.422
"YLR339C"	0.583	0.39	0.906	-1.371	-2.664	-3.285	-3.76	-4.988	-6.865	-3.201	-2.938	-3.117	-1.977	-2.647	-2.474	-2.461	-3.161	-3.973	0.472	-0.052	0.06	-2.977	-1.441	-2.195	0.905	-0.229	0.079	0.106	-3.723
"YLR340W"	0.11	-0.041	1.063	-1.031	-1.969	-2.963	-2.876	-4.11	-6.819	-3.015	-2.689	-3.499	-1.834	-2.703	-2.701	-2.702	-3.206	-4.105	0.223	0.285	0.403	-2.949	-0.854	-1.753	-0.561	-0.42	0.317	0.222	-3.289
"YLR363C"	-0.134	-0.125	0.063	-0.21	-0.432	-0.305	-0.444	-1.953	-2.721	0.345	-0.276	-0.342	-0.525	-0.462	-0.341	-0.933	-1.754	-1.515	0.032	-0.067	0.18	-0.705	-0.043	-0.423	0.21	-0.072	0.188	0.06	-0.751
"YLR367W"	0.079	-0.202	0.942	-1.128	-2.91	-2.22	-3.463	-2.78	-6.716	-2.335	-1.174	-3.649	-2.095	-2.591	-2.935	-2.165	-2.476	-3.007	0.2055	0.19	0.744	-1.95	-1.189	-1.301	-0.404	-1.674	-0.778	0.097	-2.183
"YLR409C"	-0.188	-0.016	0.947	-1.644	-1.8	-1.629	-2.222	-3.204	-4.211	-1.928	-2.361	-2.708	-1.92	-2.024	-2.286	-2.713	-3.315	-3.47	0.054	0.013	0.494	-1.502	-1.319	-0.242	-0.13	-0.299	-0.07	0.44	-1.992
"YLR413W"	-0.322	-0.18	1.475	-2.452	-4.832	-4.874	-5.063	-5.414	-5.846	-3.034	-3.629	-4.176	-4.488	-4.358	-4.993	-4.2	-4.656	-4.874	0.041	0.009	0.382	-3.737	-1.181	-1.582	0.056	-0.634	0.106	0.313	-4.04
"YLR441C"	-0.05	-0.099	1.252	-0.77	NaN	-0.19	-1.352	NaN	-12.655	-3.241	-3.024	-5.658	-2.294	-2.747	-3.345	-3.329	-3.986	-4.389	0.23	0.403	0.49	-2.332	-0.684	-0.443	1.044	-0.675	0.058	0.08	-3.819
"YML008C"	-0.06	0.102	0.514	-1.234	-0.545	-0.575	-2.236	-4.23	-4.829	-1.94	-1.09	-3.526	-0.601	-2.014	-3.366	-3.358	-5.162	-3.504	0.143	0.03	-0.051	-1.469	-1.324	0.321	0.396	-0.331	-0.166	-0.055	-2.487
"YML021C"	NaN	NaN	0.306	-0.415	-0.84	-0.993	-0.686	-3.272	-2.945	-0.898	-0.61	-1.521	-1.29	-1.368	-0.906	-1.533	-1.979	-1.697	NaN	0.006	0.075	-0.007	-0.45	-0.368	0.252	-0.332	0.079	0.062	-1.6535
"YML026C"	NaN	NaN	0.441	-0.867	-2.913	-2.934	-3.29	-4.268	-5.271	-3.131	-3.217	-3.572	-2.525	-2.873	-2.821	-2.898	-2.803	-2.821	NaN	-0.067	0.558	-1.928	-1.704	-0.862	0.214	-1.337	0.04	-0.823	-3.765
"YML038C"	-0.049	0.239	0.36	-0.287	-0.937	-0.344	-0.642	-2.091	-2.385	-0.647	-0.712	-0.515	-0.698	-0.403	-0.835	-1.905	-1.837	-2.117	0.303	-0.153	0.268	-0.359	1.13	0.397	-0.361	-0.041	-0.324	-0.055	-1.336
"YML093W"	0.074	-0.125	1.211	-0.188	-1.822	-1.272	-2.007	-2.962	-5.889	-1.818	-1.659	-3.309	-1.656	-1.961	-2.236	-2.547	-2.745	-3.262	-0.227	0.305	0.114	-1.522	-0.489	NaN	-0.821	0.113	0.04	-0.133	-2.489
"YML106W"	-0.032	0.048	0.879	-0.407	-0.774	-0.903	-0.968	-2.297	-3.649	-2.071	-1.349	-1.366	-0.814	-1.501	-1.583	-1.423	-1.467	-1.771	0.064	0.268	0.323	-0.025	-0.757	-0.16	-0.775	0.208	-0.032	0.074	-1.609
"YML124C"	NaN	NaN	0.225	-0.907	-1.32	-2.318	-1.733	-3.412	-4.107	-2.277	-1.951	-0.028	-0.766	-1.625	-0.926	-1.685	-2.001	-2.075	NaN	-0.13	-0.031	-1.572	-0.022	-0.642	0.549	0.205	0.161	0.174	-1.385
"YMR033W"	NaN	NaN	0.485	-0.608	-1.084	-1.434	-1.22	-3.063	-4.454	-1.514	-1.984	-1.647	-1.273	-1.244	-1.469	-1.745	-1.826	-1.988	NaN	-0.266	0.175	-1.013	-0.435	-0.074	-0.562	0.023	-0.098	0.141	-1.453
"YMR114C"	-0.551	-0.417	-0.646	0.604	3.029	2.847	2.327	4.1	4.572	2.58	2.319	1.821	1.024	2.032	2.343	3.614	3.555	3.502	0.0	0.124	-0.084	1.879	-0.355	0.216	-0.785	-0.226	0.55	0.225	2.753
"YMR158W"	-0.255	-0.04	-0.025	-0.75	-1.252	-1.082	-0.852	-0.907	-1.654	-0.217	-0.558	0.273	-0.308	-0.622	-0.881	-0.391	-0.701	-0.773	0.176	0.102	0.027	-0.507	-0.442	0.103	-0.37	-0.533	0.165	0.155	1.023
"YMR202W"	-0.295	-0.175	0.632	-1.995	-1.785	-2.236	-2.852	-4.391	-5.431	-1.907	-1.33	-1.406	-1.172	-1.63	-1.208	-2.263	-2.876	-2.931	0.098	-0.052	0.649	-1.541	-0.532	-0.088	0.78	-0.422	-0.253	0.1875	-2.624
"YMR208W"	-0.317	-0.04	0.15	-0.846	-0.871	-0.82	-1.063	-2.542	-3.618	-0.674	-1.088	-1.048	-0.429	-0.931	-1.136	-1.98	-2.454	-2.354	0.159	-0.022	0.101	-0.6815	-0.393	0.555	0.298	-0.439	-0.126	0.247	-1.026
"YMR212C"	-0.164	0.232	0.309	-1.124	-1.256	-1.579	-0.844	-2.04	-6.75	-0.426	-1.664	-1.181	-1.075	-1.572	-1.78	-2.693	-2.627	-2.761	0.05	-0.088	0.308	-0.9475	NaN	0.282	0.293	0.25	0.457	0.403	-1.085
"YMR229C"	0.114	-0.0395	0.468	-1.0025	-2.743	-2.443	-2.304	-4.4055	-5.288	-2.161	-2.184	-4.826	-2.78	-2.897	-2.0525	-3.7195	-3.685	-3.93	-0.0255	0.0125	-0.0125	-1.93833333333333	0.2635	-0.2755	0.605	-0.391	0.06	0.186666666666667	-2.553
"YMR235C"	-0.182	0.232	0.788	-1.348	-1.493	-1.783	-1.785	-3.534	-5.187	-1.879	-2.052	-1.679	-1.439	-2.046	-2.046	-2.838	-3.21	-3.756	0.037	0.196	0.226	-1.782	0.335	-0.335	-1.361	-0.361	0.114	0.1645	-1.573
"YNL010W"	-0.285	-0.221	1.014	-1.069	-2.229	-1.703	-2.892	-1.296	-4.52	-1.922	-2.057	-1.705	-1.502	-1.834	-1.936	-2.483	-2.738	-3.396	0.035	-0.259	0.218	-1.9585	0.514	-0.357	0.384	-0.994	-0.395	0.1305	-0.83
"YNL026W"	-0.137	-0.197	-0.372	-1.202	-0.935	-0.735	-1.046	-1.792	-4.57	-0.633	-1.031	1.129	-0.24	-0.536	-0.769	-1.742	-1.531	-1.966	0.079	-0.427	0.132	-0.402	-0.115	0.726	0.214	-0.238	-0.161	0.1845	0.182
"YNL084C"	-0.156	0.003	0.234	-0.354	-0.75	-0.498	-1.408	-1.945	-3.396	-0.477	-0.802	-0.368	-0.577	-0.53	-0.673	-1.386	-1.735	-1.919	-0.035	-0.007	0.114	-0.09	0.317	0.614	0.175	-0.058	0.076	0.1785	0.01
"YNL090W"	-0.041	0.008	0.372	-0.339	-1.298	-1.485	-1.166	-2.438	-2.292	-1.032	-1.162	-0.926	-1.181	-1.304	-1.549	-1.844	-1.862	-2.234	0.198	0.056	-0.037	-1.4075	-0.643	-0.219	-0.011	-0.292	0.173	0.0785	-1.747
"YNL118C"	-0.017	-0.164	-0.167	-0.585	-0.881	-0.095	-0.81	-1.807	-5.007	-0.691	-0.373	-0.218	-0.183	0.071	-0.265	-2.012	-2.449	-2.675	-0.118	-0.165	-0.12	-0.181	-1.146	0.758	0.618	-0.084	-0.476	0.0755	0.4
"YNL119W"	-0.173	-0.229	1.189	-0.865	-2.909	-2.2	-3.337	-5.354	-6.231	-2.99	-2.998	-3.55	-1.753	-1.955	-2.206	-2.822	-2.843	-3.318	-0.011	-0.324	0.234	-1.92	-1.307	-0.797	-0.268	0.248	0.19	0.129	-2.748
"YNL154C"	0.36	0.285	0.248	-0.571	-1.147	-1.0	-1.128	-1.871	-3.909	-1.037	-0.547	-2.02	-1.071	-0.946	-1.374	-1.346	-2.5	-2.113	0.06	-0.208	-0.115	-1.3335	-0.109	0.532	0.37	-0.362	-0.299	0.095	-0.623
"YNL178W"	-0.266	-0.163	1.181	-0.979	-3.505	-1.857	-3.159	-4.338	-6.62	-3.272	-3.183	-4.97	-2.608	-2.899	-2.981	-2.958	-3.483	-3.871	0.149	0.438	0.534	-2.479	-1.441	-0.732	-0.767	-0.447	-0.577	0.2625	-2.616
"YNL189W"	0.074	0.185	0.523	-0.751	-0.902	-1.084	-1.349	-2.367	-4.06	-1.183	-1.19	-0.589	-1.0	-1.33	-1.294	-2.058	-2.641	-3.084	-0.042	-0.273	-0.032	-1.6445	-0.292	0.504	0.625	-0.438	-0.703	0.5735	-0.868
"YNL247W"	0.076	0.156	0.772	-0.432	-1.064	-1.822	-1.928	-3.191	-4.64	-2.13	-2.019	-2.936	-1.062	-1.899	-2.277	-2.658	-3.388	-2.515	0.033	-0.061	0.285	-1.655	-0.671	-0.892	-0.017	-0.249	0.194	0.108	-2.147
"YNL287W"	0.113	0.158	0.134	-0.776	-0.849	-0.596	0.067	-2.621	-3.454	-1.098	-1.915	-0.64	-0.796	-0.779	-1.013	-2.186	-2.841	-3.164	-0.016	0.041	0.252	-0.624	0.616	-1.004	0.634	0.514	-0.052	0.394	-1.313
"YNR043W"	-0.017	0.161	0.34	-1.019	-1.574	-1.86	-2.628	-2.934	-5.1565	-1.949	-1.8335	-1.36	-1.59	-2.078	-2.382	-2.655	-3.803	-3.856	0.223	-0.264	0.007	-1.878	0.159	0.807	0.154	-1.147	-0.743	0.113	-1.673
"YOL040C"	-0.01	-0.1	0.975	-1.284	-1.998	-0.3965	-0.1425	-3.032	-6.413	-0.614	-2.291	-3.938	-1.874	-2.247	-2.245	-2.028	-2.837	-3.657	0.249	0.247	0.138	-2.005	-0.572	-0.272	0.434	-0.875	-0.236	0.121	-3.451
"YOL070C"	-0.409	0.479	0.426	-0.211	1.026	0.345	0.653	-1.284	-2.0685	0.4145	1.5155	-0.322	-0.29	-0.733	-0.69	-0.88	-1.326	-1.318	-0.017	0.095	0.134	-0.511	0.073	0.375	-0.234	0.589	0.403	0.165	0.192
"YOR032C"	-2.632	-0.973	-1.206	1.064	2.276	2.372	2.21	3.784	3.271	1.946	2.901	1.009	1.033	2.599	2.772	3.53	4.701	3.536	-0.212	0.234	-0.018	1.863	-0.04	-0.694	0.059	0.249	0.031	0.392	1.236
"YOR168W"	0.15	0.285	0.785	-0.857	-1.3715	-1.261	-1.7945	-1.984	-4.808	-1.8785	-1.355	-2.516	-1.423	-1.54	-1.525	-2.348	-2.353	-2.604	0.056	-0.074	0.22	-1.844	-0.302	-0.072	0.608	0.744	0.04	0.247	-1.265
"YOR198C"	0.029	0.365	0.337	-0.646	-1.3675	-1.6725	-1.933	-4.452	-5.562	-1.262	-0.9675	-2.46	-1.543	-2.3	-2.828	-4.384	-4.657	-4.415	0.067	0.253	-0.099	-2.297	1.203	0.997	1.366	-0.046	0.131	0.23	-1.557
"YOR209C"	0.0	0.09	0.632	-0.652	-1.5995	-1.2605	-1.766	-2.998	-6.004	-1.647	-1.516	-1.744	-0.801	-0.906	-1.227	-1.897	-2.681	-2.954	0.173	-0.05	-0.036	-1.009	0.252	-0.254	-0.068	0.385	-0.04	0.246	-1.928
"YOR239W"	-0.183	-0.378	0.045	-0.538	-1.1765	-1.31	-2.145	-3.232	-5.0985	-1.633	-1.8425	-1.631	-1.273	-2.053	-2.15	-3.149	-3.934	-3.704	-0.155	-0.205	0.313	-1.366	-1.187	0.2605	0.1975	0.5	0.1745	0.155	-0.426
"YOR241W"	-0.233	-0.176	0.3	-0.322	-1.455	-1.287	-1.237	-2.668	-6.523	-1.0865	-1.725	-1.509	-1.108	-1.077	-1.0	-1.779	-2.794	-2.058	-0.07	-0.338	0.145	-0.758	0.391	0.887	0.72	0.846	-0.041	0.213	-1.31
"YOR254C"	-0.357	-0.277	0.5	-1.067	-1.406	-1.671	-1.5485	-2.192	-6.426	-2.018	-1.4845	-2.631	-1.666	-1.904	-1.86	-2.354	-2.689	-2.309	-0.087	0.143	0.179	-1.174	-0.266	-0.55	-0.993	-0.707	-0.491	0.143	-2.212
"YOR305W"	-0.537	-0.68	0.237	0.0	-1.254	-0.8795	-1.4945	-1.6535	-2.672	-1.1315	-0.948	-1.185	-0.732	-0.719	-1.206	-1.227	-1.264	-1.883	-0.211	-0.192	0.091	-0.568	-0.87	-0.196	0.34	-0.845	-0.215	-0.05	-0.927
"YOR323C"	-0.41	-0.258	0.575	-0.775	-1.757	-1.941	-2.0305	-4.2845	-6.434	-2.106	-2.053	-1.211	-0.904	-1.557	-1.382	-2.742	-3.497	-3.428	0.024	0.153	-0.091	-1.603	-0.531	0.117	0.192	-0.593	-0.262	0.15	-1.64
"YOR326W"	0.011	-0.034	0.041	-0.926	-1.475	-1.329	-1.6295	-3.4635	-4.9875	-2.6115	-1.9335	-2.219	-1.343	-1.82	-2.099	-3.585	-3.591	-2.795	0.544	0.117	0.098	-1.467	-0.817	0.184	0.384	-0.771	-0.232	0.263	-1.215
"YPL037C"	-0.103	-0.075	0.835	-0.462	-1.9235	-1.975	-2.12	-3.9955	-5.417	-2.148	-1.96	-2.203	-1.255	-1.561	-1.872	-2.115	-3.222	-3.654	0.064	-0.106	0.411	-1.648	-0.148	0.147	0.462	-0.799	-0.488	0.134	-1.831
"YPL048W"	0.139	-0.054	0.13	-1.022	-0.9805	-1.6885	-1.898	-3.2175	-4.579	-1.4725	1.47	-0.653	-0.541	-1.113	-0.823	-1.535	-1.925	-2.183	0.123	0.073	0.099	-0.719	-0.247	-0.583	-0.322	0.341	0.438	0.125	-0.342
"YPL145C"	0.155	-0.08	0.288	-1.105	-1.104	-0.775	-0.5885	-1.659	-4.3865	-1.177	-0.903	-1.291	-0.778	-0.903	-0.913	-2.014	-2.71	-3.192	0.064	0.122	0.207	-0.878	0.089	0.631	0.803	0.108	-0.074	0.215	-1.949
"YPL186C"	-1.026	-1.563	-2.379	1.948	4.3765	4.288	4.8665	3.9855	4.699	3.066	2.4625	1.511	1.76	2.76	2.023	2.83	3.48	3.115	-0.387	0.206	-0.7	3.577	0.965	0.778	1.293	0.68	0.373	0.07	3.587
"YPL226W"	0.4335	0.4525	0.7565	-1.114	-2.407	-1.80333333333333	-2.21533333333333	-3.95033333333333	-5.67966666666667	-2.786	-2.922	-4.0095	-2.363	-2.3985	-2.8955	-3.407	-2.9025	-3.983	0.1885	-0.0735	0.402	-1.7375	0.005	-0.941	0.308	-1.0195	-0.5235	0.2765	-3.004
"YPL237W"	-0.049	0.005	0.905	-0.439	-2.3465	-2.029	-2.27	-2.875	-5.7585	-1.8945	-2.2035	-2.288	-1.665	-1.817	-1.927	-2.006	-2.44	-3.024	0.067	0.071	0.133	-1.537	0.008	-0.653	0.296	0.516	0.372	-0.081	-1.455
"YPL241C"	0.113	0.236	0.239	-0.097	-1.3855	-0.814	-1.2335	-1.9285	-3.6825	-0.605	-1.5945	-0.921	-0.737	-0.924	-1.179	-1.429	-1.607	-1.54	0.327	-0.003	-0.041	-0.154	0.327	-0.637	-0.009	-0.463	-0.418	-0.164	-1.676
"YPL243W"	-0.165	-0.007	0.625	-0.823	-1.109	-1.456	-1.5805	-4.1455	-5.276	-1.315	-1.5105	-1.931	-1.042	-1.377	-1.873	-2.602	-3.541	-3.544	-0.108	-0.062	0.102	-1.188	-0.044	-0.286	0.211	-1.391	-0.37	0.154	-1.503
"YPL273W"	-0.05	-0.022	0.8235	-1.52	-2.59566666666667	-2.792	-2.96466666666667	-3.722	-5.69966666666667	-2.69266666666667	-2.72566666666667	-2.8035	-2.088	-2.4545	-3.2755	-2.794	-3.21	-3.3575	0.302	0.0235	-0.034	-2.628	-1.811	-1.936	-0.054	-0.637	-0.382	0.282	-2.524
"YPR041W"	0.14	0.07	0.9545	-1.193	-1.579	-1.647	-1.48733333333333	-2.36366666666667	-4.07266666666667	-2.41033333333333	-2.291	-1.646	-1.315	-1.658	-1.0965	-1.805	-1.8775	-2.441	0.17	-0.1465	0.175	-1.977	-0.6	-0.818	-0.246	0.0765	-0.145	0.114	-2.708
"YPR048W"	0.109	0.03	0.566	-0.562	-1.435	-0.981	-1.3005	-2.8705	-3.8405	-0.126	-1.136	-1.553	-0.775	-0.663	-0.815	-1.405	-2.428	-1.555	0.072	-0.091	-0.06	-0.996	-0.303	1.099	-0.814	0.306	0.465	0.145	-1.888
"YPR118W"	-0.015	-0.096	1.07	-0.94	-2.4945	-2.706	-3.095	-3.9965	-5.524	-2.305	-2.577	-1.735	-1.488	-2.594	-2.077	-2.882	-3.334	-3.538	0.092	0.036	0.349	-1.794	0.186	-0.741	-0.153	-1.353	-0.466	0.177	-2.086
"YPR129W"	-0.38	-0.31	0.218	0.202	-0.8795	-1.3305	-1.0935	-1.8015	-6.025	-1.057	-0.8035	-1.021	-0.966	-1.085	-1.288	-1.298	-2.61	-2.139	-0.129	-0.391	-0.32	-0.88	-0.509	0.321	0.264	-0.551	-0.52	0.088	-0.673
"YPR145W"	0.689	0.683	0.948	-1.036	-1.9485	-2.5015	-0.508	-3.737	-5.02	-1.2765	-0.775	-2.229	-1.892	-2.228	-2.21	-3.369	-3.625	-3.498	0.354	-0.442	-0.24	-2.303	1.17	-0.741	0.199	-0.145	0.253	0.181	-1.807
"YPR150W"	-0.096	-0.512	-1.637	1.476	3.338	3.983	3.526	6.801	7.0395	3.446	4.025	1.618	2.319	2.101	2.954	4.069	3.943	3.963	-0.171	0.058	-0.19	2.612	0.474	0.066	1.026	-0.072	0.378	-0.635	2.891
