	"854.YPD_6_h_30C"	"857.YPD_12_h_30C"	"858.YPD_1_d_30C"	"859.YPD_2_d_30C"	"860.YPD_3_d_30C"	"861.YPD_5_d_30C"	"942.starv_in_H2O_1_h_30C"	"943.starv_in_H2O_2_h_30C"	"1012.YPD 12 h (25C)"	"1016.YPD 5 d (25C)"	"1017.YPD 7 d (25C)"	"1018.YPD 13 d (25C)"	"1107.alpha factor release sample025"	"2556.Hypo-osmotic shock - 45 minutes"	"2557.Hypo-osmotic shock - 60 minutes"	"6344.DES460 + 0.02% MMS - 5 min"	"8287.mcm1-1 + pRS315 vs. mcm1-1 + pRS-MCM7"	"16338.DES460 vs. DES460 YPD log phase control"	"40951.H2O2_II_49_min"	"40952.H2O2_II_56_min"	"40954.H2O2_II_70_min"	"40959.H2O2_II_160_min"	"40967.MD_II_42_min"	"40970.MD_II_63_min"	"40972.MD_II_85_min"	"40976.MD_II_140_min"
"YBL027W"	-2.851	-1.613	-2.0	-1.606	-2.671	-5.577	-2.494	-2.654	-3.9845	-1.9795	-2.114	-3.148	-0.0485	0.472	0.486	0.074	0.31	-0.0865	-0.6835	-1.0425	-0.6845	0.571	0.5035	-0.717	-1.3895	-1.176
"YBL028C"	-4.609	-2.652	-2.015	-2.162	-2.828	-4.867	-3.002	-2.268	-2.6315	-1.7715	-2.0555	-1.6605	-0.0175	0.465	0.456	-0.067	0.588	-0.066	-0.894	-0.728	-1.381	-0.425	-1.192	-1.043	-0.786	-0.012
"YBL092W"	-3.458	-2.394	-2.138	-2.929	-2.896	-5.158	-3.0	-2.812	-3.5865	-1.726	-2.74	-2.8475	0.183	0.469	0.533	0.16	0.162	0.093	-0.956	-1.304	-1.552	-0.644	-0.286	-1.303	-0.969	-1.126
"YBR121C"	-2.66	-1.543	-2.186	-2.714	-4.037	-5.791	-2.317	-1.95	-3.2385	-4.1355	-4.173	-4.5985	-0.0135	0.324	0.381	0.03	0.001	0.17	-1.638	-2.356	-1.697	-0.809	-0.9	-1.649	-1.352	-1.433
"YBR191W"	-3.54	-2.249	-1.912	-2.071	-3.167	-5.241	-3.152	-3.411	-4.5465	-2.3795	-2.6255	-3.136	0.029	0.537	0.453	0.359	0.68	0.09	-0.8705	-1.685	-0.68	0.1255	-0.17	0.1255	-0.6835	-0.604
"YCR043C"	-2.068	-2.29	-2.955	-2.468	-3.689	-4.19	-1.244	-2.054	-1.775	-1.7505	-1.8875	-1.6275	0.136	-0.141	-0.086	-0.052	0.416	0.19	-0.664	-0.506	-0.859	0.508	-0.702	0.083	-0.81	-0.366
"YCR055C"	-6.518	-2.704	-1.766	-1.97	-3.878	-6.433	-3.796	-3.655	-2.6155	-2.2405	-3.105	-2.4225	0.2	0.575	0.235	-0.187	0.145	0.821	0.024	-1.178	-0.709	0.299	-0.604	0.032	0.286	0.159
"YCR057C"	-5.726	-2.651	-1.732	-2.636	-3.423	-5.109	-2.464	-2.855	-1.667	-1.962	-2.812	-2.1505	0.055	0.685	0.294	0.061	0.111	0.068	0.161	-1.402	-0.574	0.205	-0.439	0.522	-0.286	0.113
"YDL075W"	-2.825	-2.896	-2.698	-2.441	-2.581	-3.777	-2.009	-2.729	-3.016	-2.433	-1.878	-3.427	0.253	0.606	0.872	0.335	0.415	0.176	-1.4965	-1.389	-1.417	-0.087	-0.213	-0.7015	-1.4335	-0.8165
"YDL082W"	-3.223	-1.739	-1.446	-1.723	-3.326	-5.816	-2.537	-3.01	-2.915	-2.186	-3.001	-3.589	0.068	0.471	0.616	0.34	0.458	-0.095	-1.3425	-1.602	-1.0505	-0.325	-0.684	-1.1295	-1.0105	-1.222
"YDL083C"	-3.139	-3.08	-2.854	-2.909	-3.106	-3.908	-3.133	-3.246	-2.474	-2.252	-2.052	-3.014	0.241	0.456	0.645	0.129	0.601	0.24	-1.5145	-2.392	-0.839	-0.333	0.161	-0.996	-1.0105	-1.124
"YDR025W"	-3.904	-2.573	-2.592	-2.705	-3.393	-6.697	-3.357	-3.356	-4.504	-2.503	-2.895	-3.518	0.181	0.418	0.657	0.236	0.298	0.1185	-1.351	-1.7015	-1.1715	0.2865	0.1385	-1.0585	-2.258	-2.068
"YDR064W"	-3.874	-2.577	-2.639	-2.597	-3.761	-5.03	-3.208	-3.138	-3.65	-2.527	-2.531	-3.199	0.351	0.329	0.396	0.137	0.505	0.354	-1.5475	-2.1055	-0.8765	-0.1165	-0.4755	-1.3945	-1.123	-1.635
"YDR087C"	-4.139	-1.909	-2.277	-3.312	-3.817	-4.944	-2.528	-2.208	-1.886	-1.73	-3.407	-2.893	0.061	0.158	-0.109	-0.299	0.07	-0.045	-1.239	-1.488	-0.962	-0.328	-0.708	0.165	-0.667	0.528
"YDR210W"	-1.375	-1.61	-1.769	-1.439	-2.785	-4.92	-0.692	-0.712	-0.142	0.465	-2.09	0.354	-0.172	0.202	0.433	0.602	0.253	-0.2625	-1.413	-1.516	-1.267	-1.076	-0.817	-0.9815	-2.0715	-1.4775
"YDR211W"	-2.225	-1.573	-0.984	-1.38	-1.706	-4.77	-2.051	-1.869	-2.022	-2.119	-2.043	-3.034	0.109	0.367	0.325	0.113	0.245	0.122	-1.87	-1.8185	-2.364	-1.0155	-1.5095	-1.3985	-2.338	-1.6565
"YDR261C"	-1.494	-1.912	-2.394	-2.402	-2.845	-3.44	-0.927	-1.059	-0.738	-1.083	-1.671	-1.836	-0.125	-0.056	-0.019	-0.049	-0.037	0.051	-0.433	-0.428	0.323	-0.298	-0.3	-0.348	-0.454	-0.64
"YDR417C"	-3.705	-2.407	-2.511	-3.327	-4.279	-5.062	-3.58	-3.209	-4.223	-2.861	-3.022	-3.606	0.367	0.383	0.373	0.515	0.43	-0.064	-1.238	-2.106	-1.455	0.526	0.077	-1.465	-0.997	-1.133
"YDR418W"	-3.707	-2.237	-2.192	-2.976	-3.074	-5.866	-3.315	-3.181	-4.449	-2.866	-3.091	-4.066	0.347	0.438	0.545	0.211	0.078	0.062	-1.737	-1.863	-1.352	0.371	-0.744	-0.688	-2.215	-2.038
"YEL054C"	-3.654	-1.871	-1.511	-2.981	-2.98	-7.056	-3.039	-3.52	-3.347	-2.504	-3.005	-3.554	0.369	0.894	0.945	0.346	0.343	-0.136	-1.233	-1.5205	-1.492	0.2025	-0.223	-0.706	-1.4465	-1.677
"YER074W"	-3.675	-2.262	-2.096	-2.671	-3.067	-3.854	-3.085	-3.135	-5.146	-2.339	-2.829	-3.947	-0.016	0.592	0.625	-0.062	0.405	-0.248	-2.139	-2.597	-1.682	-1.307	-0.237	-0.746	-0.195	-0.503
"YER102W"	-3.932	-2.924	-2.3	-2.578	-3.64	-6.434	-3.101	-3.625	-4.286	-2.579	-3.326	-3.859	0.501	0.413	0.338	0.334	0.564	-0.107	-0.956	-1.374	-1.27	0.044	0.278	-1.175	-0.992	-1.074
"YER126C"	-4.455	-1.898	-1.167	-2.335	-2.608	-5.367	-2.355	-2.036	-2.303	-1.575	-2.584	-2.842	0.197	0.46	0.27	0.017	0.105	-0.131	-2.043	-2.284	-1.8395	-0.929	-1.3495	-1.8555	-1.6975	-1.029
"YER131W"	-2.813	-2.3	-1.895	-2.47	-3.664	-6.55	-2.621	-2.795	-4.139	-2.105	-2.654	-3.304	0.356	0.521	0.469	0.281	0.56	-0.0275	-0.727	-1.0635	-1.2365	0.7265	-0.1435	-0.95	-1.25	-0.9915
"YFL045C"	-2.266	-1.88	-1.85	-2.231	-2.163	-4.897	-2.591	-2.185	-2.228	-1.923	-2.307	-2.378	0.532	0.046	0.061	0.236	0.741	0.3795	-1.229	-1.708	-0.0625	-0.211	-0.1125	-0.471	0.4645	-0.783
"YGL031C"	-3.366	-2.9	-1.846	-3.104	-3.683	-5.763	-3.041	-2.881	-5.191	-2.92	-3.061	-3.473	0.308	0.343	0.476	0.194	0.663	-0.134	-1.701	-1.852	-1.793	0.322	-1.168	-1.243	-1.792	-1.852
"YGL076C"	-3.969	-2.564	-2.446	-2.401	-3.976	-5.667	-3.32	-2.996	-4.142	-2.836	-2.79	-3.782	0.275	0.661	0.609	0.104	0.565	0.2195	-0.9825	-1.4705	-1.2665	-0.4815	-0.3525	-1.187	-0.865	-0.0545
"YGL097W"	-1.806	-1.469	-1.88	-2.214	-3.311	-5.124	-1.704	-1.407	-0.928	-1.203	-1.641	-1.241	0.101	0.142	0.2	0.173	0.308	-0.219	-1.137	-1.484	-1.301	-0.839	-0.94	-1.365	-1.844	-1.776
"YGL099W"	-3.43	-1.774	-2.004	-2.335	-2.895	-5.764	-2.454	-1.59	-2.755	-2.516	-3.273	-3.42	0.124	0.164	-0.031	-0.013	0.335	-0.541	-3.014	-2.756	-1.175	-1.319	-1.394	-1.837	-1.496	-1.769
"YGL102C"	-3.419	-1.973	-2.112	-2.356	-2.658	-5.65	-3.301	-3.227	-3.32	-1.199	-1.938	-2.13	0.086	0.255	0.167	0.021	0.278	0.104	-1.621	-1.344	-1.155	-0.419	-0.388	-0.157	-1.452	-1.511
"YGL157W"	-3.669	-4.456	-3.853	-3.767	-3.578	-6.107	-1.481	-1.996	-1.941	-2.488	-2.817	-3.666	0.035	-0.865	-0.991	0.099	-0.137	0.103	0.814	1.525	1.039	-0.484	-0.736	-0.01	1.282	-0.288
"YGR027C"	-3.433	-1.632	-1.57	-1.697	-2.797	-5.39	-3.005	-2.616	-4.002	-1.187	-1.867	-2.368	0.162	0.467	0.315	0.319	0.595	0.224	-1.388	-1.793	-1.314	-0.307	-0.286	-1.135	-2.062	-1.517
"YGR034W"	-3.922	-2.637	-2.107	-2.998	-3.052	-6.281	-3.268	-2.935	-3.635	-1.301	-1.401	-2.48	0.29	0.14	0.207	0.21	0.399	0.369	-1.818	-2.289	-2.18	-0.585	-0.998	-1.393	-2.182	-2.171
"YGR175C"	-1.507	0.64	0.235	-1.083	-3.074	-4.5	-1.675	-0.985	-1.38	-2.53	-2.628	-3.285	-0.233	0.46	0.334	-0.2115	-0.032	0.2775	-2.34	-2.355	-1.8925	-0.4775	-2.159	-1.1025	-1.387	-1.5295
"YGR214W"	-4.3	-2.24	-1.862	-2.776	-3.03	-5.16	-3.581	-2.953	-4.842	-0.955	-1.925	-3.246	0.302	0.508	0.448	0.356	0.785	-0.009	-2.207	-2.933	-2.636	-0.48	-1.398	-1.289	-1.54	-2.448
"YGR265W"	-1.633	-1.777	-2.017	-2.576	-2.202	-3.223	-2.473	-1.883	-2.827	-2.824	-2.827	-2.343	0.01	0.365	0.184	-0.027	0.122	-0.1	-1.143	-1.902	-2.159	0.138	0.218	-0.213	0.583	-0.747
"YHR010W"	-3.693	-2.926	-2.458	-3.025	-3.508	-4.514	-3.343	-3.288	-4.159	-1.71	-2.032	-2.684	0.271	0.183	0.332	0.2475	0.524	-0.324	-1.856	-2.995	-2.728	-0.418	-1.448	-1.908	-2.908	-2.436
"YHR013C"	-1.474	-1.166	-1.491	-2.469	-1.576	-3.226	-1.515	-1.476	-0.815	-2.229	-2.475	-3.122	-0.164	0.021	0.049	0.0185	0.031	-0.143	-0.487	-0.679	-1.125	-0.521	0.176	0.259	0.342	-0.295
"YHR019C"	-2.949	-1.467	-1.831	-2.048	-4.051	-5.077	-3.299	-2.825	-2.07	-3.117	-3.721	-4.387	0.046	0.417	0.408	0.0315	0.141	-0.48	-0.817	-1.348	-1.122	-0.303	-1.255	-1.115	-1.875	-2.063
"YHR123W"	-1.168	-1.05	-1.555	-1.135	-3.763	-4.132	-1.118	-1.492	-2.216	-2.917	-2.775	-2.647	0.152	-0.305	-0.273	0.0655	-0.118	0.101	-0.276	0.176	0.344	-0.273	0.311	0.669	1.696	0.173
"YHR203C"	-3.926	-2.671	-2.372	-2.895	-3.782	-5.944	-3.917	-3.774	-4.669	-2.575	-3.081	-3.941	0.219	0.323	0.318	0.204	0.251	-0.117	-2.535	-3.044	-1.406	-0.832	-1.025	-1.873	-0.82	-2.356
"YIL016W"	-1.538	-1.288	-1.677	-1.16	-3.214	-4.374	-1.557	-2.236	-1.145	-1.401	-2.123	-1.503	0.087	-0.154	-0.107	0.039	0.166	0.067	1.291	1.223	1.244	-0.138	1.171	1.219	1.12	1.004
"YIL018W"	-4.365	-2.724	-2.488	-2.78	-3.492	-5.749	-3.362	-3.505	-3.907	-2.661	-3.27	-3.914	0.301	0.32	0.229	0.074	0.56	-0.559	-2.277	-2.962	-2.573	-1.131	-1.226	-1.868	-1.919	-2.409
"YIL052C"	-3.856	-2.61	-2.22	-3.178	-2.895	-6.278	-2.82	-2.793	-4.174	-2.162	-2.5	-3.158	0.265	0.31	0.411	0.236	0.308	-0.305	-0.908	-1.697	-2.267	0.477	-0.827	-0.897	-0.665	-0.966
"YIL133C"	-3.333	-2.331	-2.167	-2.883	-2.693	-5.79	-2.93	-2.571	-4.433	-2.615	-3.007	-3.393	0.204	0.319	0.363	0.179	0.287	0.196	-2.016	-2.513	-1.664	-0.293	-1.099	-1.316	-0.523	-1.035
"YJR145C"	-4.507	-2.731	-2.328	-2.413	-3.54	-6.528	-3.551	-3.547	-4.857	-2.519	-3.105	-3.178	0.228	0.365	0.336	0.362	0.237	0.044	-1.389	-2.371	-1.045	-1.023	-0.531	-0.347	-2.004	-1.563
"YKL180W"	-2.661	-1.831	-1.633	-1.857	-2.561	-5.237	-2.625	-3.204	-4.629	-2.059	-2.04	-2.857	0.365	0.652	0.577	0.5	0.338	0.049	-1.671	-1.168	-0.677	-0.372	-0.277	-0.533	-0.522	-1.503
"YKR059W"	-2.144	-1.181	-1.543	-1.54	-2.817	-4.998	-2.593	-2.103	-2.018	-2.623	-2.96	-3.568	0.175	0.673	0.499	-0.226	0.514	0.272	-1.632	-2.2	-2.153	-0.776	-1.539	-1.637	-1.401	-1.138
"YLL044W"	-4.871	-2.869	-2.211	-2.963	-3.79	-6.48	-3.313	-3.031	-3.872	-2.724	-3.494	-3.967	0.04	0.256	0.342	0.136	0.456	-0.381	-2.146	-2.632	-0.862	0.627	-0.415	-1.566	-1.711	-1.53
"YLL045C"	-3.851	-2.189	-1.64	-2.221	-3.857	-6.618	-3.169	-3.335	-3.66	-2.943	-3.021	-3.731	0.209	0.593	0.455	-0.056	0.456	-0.345	-1.125	-1.421	-1.948	0.783	-0.398	-0.864	-1.764	-1.572
"YLR029C"	-3.174	-2.572	-2.334	-3.108	-3.615	-6.877	-2.777	-2.809	-3.178	-2.242	-2.378	-2.987	0.219	0.304	0.325	0.467	0.456	-0.173	-1.513	-1.798	-1.459	0.782	-0.675	-0.657	-0.48	-1.255
"YLR192C"	-2.241	-1.243	-1.651	-1.665	-2.456	-4.349	-1.134	-1.581	-1.685	-1.566	-2.165	-2.147	0.078	0.376	0.29	0.347	-0.163	-0.237	0.621	1.012	0.633	-0.501	-0.125	0.53	0.299	-0.36
"YLR301W"	-2.642	-1.91	-1.953	-1.84	-3.676	-5.415	-1.53	-1.429	-1.555	-2.581	-2.218	-2.268	-0.063	-0.078	0.015	-0.102	0.052	0.144	0.231	-0.679	0.644	-0.108	-0.348	0.653	0.238	-0.836
"YLR339C"	-3.243	-2.664	-3.285	-3.76	-4.988	-6.865	-2.453	-3.194	-3.117	-2.461	-3.161	-3.973	0.472	0.285	0.253	0.014	0.06	-0.078	-1.313	-2.221	-0.8	0.112	-0.65	-2.204	-1.492	-1.546
"YLR388W"	-3.12	-1.926	-1.98	-1.738	-3.596	-5.506	-3.204	-3.058	-4.025	-2.232	-2.581	-3.193	0.289	0.648	0.498	0.371	0.337	0.301	-1.207	-1.052	-1.415	0.439	0.621	-1.785	-0.482	-2.105
"YLR448W"	-4.815	-3.083	-2.052	-2.688	-3.552	-5.971	-3.425	-3.454	-4.891	-2.668	-3.192	-4.132	-0.047	0.467	0.403	0.184	0.355	-0.009	-0.609	1.536	0.723	-0.166	0.926	0.999	1.951	0.526
"YML022W"	-3.236	-1.805	-1.985	-2.389	-3.146	-3.98	-3.223	-2.451	-2.802	-2.846	-3.092	-3.144	0.212	0.356	0.301	-0.035	0.615	-0.122	-2.41	-2.739	-1.557	-1.13	-1.935	-1.935	-1.483	-1.558
"YMR015C"	-2.354	1.213	1.619	0.954	-3.115	-4.638	-1.078	-0.281	-2.163	-2.837	-3.222	-4.784	-0.017	0.151	0.235	-0.327	-0.029	0.016	-1.045	0.3	-1.862	-0.61	0.134	0.6	-0.671	0.101
"YMR121C"	-3.215	-2.002	-1.905	-2.539	NaN	-4.199	-2.574	-2.217	-2.864	-2.277	-2.155	-2.582	0.164	0.334	0.419	0.386	0.587	-0.185	-0.66	-2.302	-2.275	-0.582	-0.268	-0.173	0.279	-0.399
"YMR242C"	-4.702	-3.001	-2.522	-3.032	-3.971	-6.226	-3.832	-4.338	-4.84	-2.601	-3.133	-3.475	0.288	0.408	0.408	0.19	0.413	0.257	-1.628	-2.314	-1.417	-1.264	-0.054	-1.496	-1.072	-1.911
"YNL062C"	-4.157	-2.256	-1.556	-2.835	-3.07	-6.263	-2.304	-2.254	-2.028	-1.717	-2.639	-2.206	0.077	0.399	0.156	-0.016	-0.033	-0.275	-0.878	-0.744	-1.644	-1.063	-0.887	-0.466	0.34	-0.575
"YNL069C"	-3.663	-1.993	-1.978	-2.285	-4.006	-4.824	-3.44	-3.85	-4.269	-2.107	-2.509	-3.665	0.175	0.434	0.398	-1.1	0.584	0.312	-1.19	-2.126	-1.27	0.533	0.275	-1.255	-0.867	-1.291
"YNL071W"	-0.4845	-0.415	-0.7005	-0.836	-1.795	-4.774	-0.5975	-0.634	0.282	-0.226	-0.635	-0.594	0.1335	0.048	0.056	0.073	-0.084	-0.107	1.2905	1.4405	1.692	0.468	1.1435	1.0035	1.735	0.95
"YNL096C"	-4.113	-3.235	-2.81	-3.616	-4.038	-6.106	-3.331	-3.045	-4.716	-3.644	-4.096	-4.68	0.182	0.381	0.323	0.169	0.421	0.272	-2.268	-2.714	-0.807	0.184	-0.858	-0.66	-2.159	-2.629
"YNL130C"	-1.538	0.59	-1.04	-1.728	-1.94	-2.872	-1.169	-1.353	-0.118	-0.934	-1.411	-1.614	0.0	-0.39	-0.12	0.122	0.443	0.123	0.823	0.023	0.531	0.355	-0.134	0.162	0.168	-0.416
"YNL132W"	-5.826	-3.25	-2.572	-3.653	-4.956	-6.392	-3.285	-3.141	-4.353	-3.396	-4.377	-4.049	-0.072	0.569	0.308	-0.156	0.103	0.001	-2.677	-2.128	-1.989	-0.388	-1.432	-1.79	-1.073	-1.343
"YNL162W"	-3.953	-2.838	-2.175	-2.163	-2.858	-6.425	-2.86	-2.872	-3.999	-1.742	-2.487	-3.468	0.065	0.234	0.234	0.3	0.393	0.231	-2.052	-2.624	-3.014	-1.007	-0.95	-1.59	-2.521	-1.637
"YOL040C"	-0.886	-1.998	-0.3965	-0.1425	-3.032	-6.413	-3.385	-0.756	-3.938	-2.028	-2.837	-3.657	0.249	0.428	0.379	0.487	0.138	-0.347	-1.501	-1.869	-1.05	0.208	0.117	-1.348	-0.822	-0.905
"YOR224C"	-2.895	-1.8585	-2.2005	-2.081	-3.348	-4.849	-2.254	-2.252	-2.185	-2.099	-2.615	-2.202	-0.12	0.292	0.201	0.083	0.156	-0.757	-1.534	-1.107	-0.839	-0.313	-1.842	-0.585	0.676	0.053
"YOR293W"	-4.155	-2.996	-2.4345	-2.697	-2.7875	-4.496	-3.442	-3.1085	-4.233	-1.856	-2.041	-3.118	0.213	0.374	0.523	0.191	0.516	0.271	-1.94	-2.096	-2.674	-1.16	-0.251	-1.996	-1.969	-2.251
"YOR312C"	-3.8645	-2.263	-2.227	-2.2895	-3.3005	-4.8175	-2.99	-3.177	-4.638	-2.039	-1.569	-3.224	-0.004	0.589	0.525	0.097	0.536	0.576	-1.235	-1.352	-1.498	-0.464	-0.101	-1.705	-0.926	-1.228
"YPL048W"	-1.568	-0.9805	-1.6885	-1.898	-3.2175	-4.579	-1.1285	-1.2575	-0.653	-1.535	-1.925	-2.183	0.123	0.306	0.215	-0.059	0.099	-0.353	0.666	0.93	0.391	0.482	1.038	0.218	-0.253	0.272
"YPL081W"	-4.5065	-3.083	-2.508	-3.086	-3.4025	-6.801	-2.5355	-2.916	-4.022	-2.789	-2.909	-3.725	0.068	0.584	0.656	0.171	0.463	0.082	-1.508	-1.652	-2.429	-0.21	-1.018	0.242	-0.99	-2.175
"YPL142C"	-3.1395	-2.2525	-1.78	-1.891	-3.5865	-5.604	-2.825	-3.3035	-4.155	-2.148	-2.632	-2.979	0.143	0.689	0.686	0.304	0.238	-0.203	-1.81	-2.248	-2.396	-0.732	-1.18	-1.475	-1.95	-1.262
"YPL160W"	-3.26033333333333	-1.608	-1.47166666666667	-2.13233333333333	-3.08233333333333	-5.284	-2.22666666666667	-2.35066666666667	-4.0365	-3.1695	-3.499	-2.977	-0.0355	0.7685	0.5555	0.0565	0.015	-0.287	-1.0145	-1.866	-2.4765	-0.426	-0.5935	-1.452	-1.8265	-0.7745
"YPL198W"	-4.269	-2.46	-2.218	-2.395	-4.3605	-6.879	-3.4825	-3.3185	-3.875	-2.487	NaN	-3.133	0.119	0.489	0.598	0.079	0.477	0.213	-1.619	-1.531	-1.5	0.12	0.741	0.347	-0.06	-0.786
"YPL226W"	-4.86566666666667	-2.407	-1.80333333333333	-2.21533333333333	-3.95033333333333	-5.67966666666667	-3.37333333333333	-2.503	-4.0095	-3.407	-2.9025	-3.983	0.1885	0.667	0.5305	0.0465	0.402	-0.057	-2.5635	-2.1345	-1.6895	-0.968	-1.627	-1.972	-1.733	-2.153
"YPR060C"	-3.5465	-3.075	-3.446	-3.377	-2.069	-3.801	-1.7345	-1.7935	-2.71	-2.107	-3.352	-2.894	0.189	0.044	-0.079	0.102	-0.008	0.37	-1.538	-1.816	-1.275	-1.105	-1.484	1.471	-0.985	-1.211
"YPR102C"	-3.521	-3.3515	-2.7315	-2.6455	-4.045	-6.451	-3.5055	-4.118	-4.644	-3.352	-3.749	-4.692	0.174	0.43	0.413	0.435	0.402	0.125	-2.56	-3.07	-2.274	-0.608	-1.827	-2.08	-1.791	-2.66
