	"49.Elutriation2:Sample2:Time0.0hrs"	"854.YPD_6_h_30C"	"855.YPD_8_h_30C"	"856.YPD_10_h_30C"	"857.YPD_12_h_30C"	"858.YPD_1_d_30C"	"859.YPD_2_d_30C"	"860.YPD_3_d_30C"	"866.starv_in_H2O_0.5_h_30C"	"942.starv_in_H2O_1_h_30C"	"943.starv_in_H2O_2_h_30C"	"944.starv_in_H2O_4_h_30C"	"945.starv_in_H2O_6_h_30C"	"1012.YPD 12 h (25C)"	"1013.YPD 1 d (25C)"	"1014.YPD 2 d (25C)"	"1015.YPD 3 d (25C)"	"1016.YPD 5 d (25C)"	"1017.YPD 7 d (25C)"	"1018.YPD 13 d (25C)"	"1309.diauxic shift timecourse: 18.5 hr"	"1313.diauxic shift timecourse: 20.5 hr"	"4872.1M sorbitol - 60 min"	"5358.1M sorbitol - 5 min"	"6351.DES460 + 0.02% MMS - 30 min"	"6354.DES460 + 0.2% MMS - 45 min"	"6357.DES460 + 0.02% MMS - 60 min"	"6358.DES460 + 0.02% MMS - 90 min"	"8520.DES460 + 0.02% MMS - 120 min"	"11466.yO1 test hyb"	"16514.DES genomic DNA vs. MHY26 (dun1) genomic DNA (correct version)"	"30319.usv1("	"33775.DBY8778(wt)_stationary_phase_9hours"	"33779.delYPL230w_stationary_phase_5hours"	"33780.delYPL230w_stationary_phase_7hours"	"33781.delYPL230w_stationary_phase_9hours"	"33782.delYPL230w_stationary_phase_1day"	"34347.wt_hypo_osmotic_shock_0min"	"34348.wt_hypo_osmotic_shock_7min"	"34349.wt_hypo_osmotic_shock_16min"	"34352.delPPT1_hypo_osmotic_shock_0min"	"34353.delPPT1_hypo_osmotic_shock_7min"	"34354.delPPT1_hypo_osmotic_shock_15min"	"34355.delPPT1_hypo_osmotic_shock_30min"	"34356.delPPT1_hypo_osmotic_shock_60min"	"34502.wt_hypo_osmotic_shock_0min_repeat"
"YAL048C"	0.454	1.579	1.633	1.167	1.225	1.263	1.585	1.042	0.455	0.521	0.333	0.538	0.817	1.019	0.778	0.7415	0.9225	1.1745	1.1505	1.2765	0.146	0.754	0.038	0.0735	0.3435	0.0455	-0.0235	0.2	-0.098	-0.661	0.236	-0.598	-0.051	0.315	-0.097	-0.428	0.842	-0.203	0.01	0.027	0.037	0.251	0.188	0.21	0.14	0.052
"YAL054C"	-0.740666666666667	2.204	4.81	4.157	5.319	5.139	4.599	4.158	1.307	2.054	2.826	1.334	4.109	1.3705	3.064	1.9645	2.27	2.5755	2.999	2.691	1.741	4.239	0.032	0.096	0.026	-0.2165	-0.2225	-0.0315	-0.1425	3.881	0.446	-0.337	3.757	2.31	4.096	5.685	4.989	-0.553	0.099	-0.474	-0.162	-0.159	-0.249	-0.484	0.089	0.037
"YAR073W"	-1.559	-1.516	-1.811	-1.998	-1.561	-1.593	-2.506	-3.191	-0.687	-1.549	-2.433	-2.377	-2.568	-2.3595	-0.9985	-2.069	-2.598	-1.876	-2.5165	-2.5015	-1.681	-1.857	0.1625	-0.056	-0.303	-0.687	-0.557	-0.5995	-0.6905	-1.88	-0.069	-0.133	-3.27	-3.131	-3.183	-2.273	-2.077	-0.06	0.255	0.205	0.438	0.277	-0.013	0.127	0.257	-0.061
"YBL009W"	-1.5765	-2.238	-1.159	0.031	-0.718	-1.461	-1.642	-3.733	-1.691	-1.618	-1.134	-0.51	1.093	-1.7305	-0.8325	-1.469	-2.1165	-1.3125	-2.116	-1.787	0.144	-0.857	0.132	-0.3955	-0.1605	-0.097	-0.0605	-0.025	-0.31	-0.808	-0.117	-0.14	-1.212	-1.878	-1.673	-0.958	-1.305	0.198	-0.023	0.244	0.064	-0.115	0.062	0.112	0.43	-0.282
"YBL024W"	-0.668666666666667	-3.938	-2.484	-2.376	-2.16	-2.175	-2.483	-4.671	-1.661	-2.493	-2.238	-2.114	-2.409	-3.8255	-2.047	-2.147	-2.6055	-3.4875	-3.5465	-3.993	-1.909	-1.51	0.065	-0.472	-0.7865	-0.633	-0.7535	-0.7785	-0.976	-2.18	0.068	0.3	-1.978	-2.148	-1.714	-0.922	-1.167	-0.131	0.338	0.367	0.099	0.329	0.183	-0.076	-0.147	0.005
"YBL087C"	-1.434	-3.104	-2.44	-2.157	-1.789	-1.74	-1.761	-2.104	-2.125	-2.924	-3.187	-2.618	-2.621	-2.933	-1.8755	-2.2155	-2.156	-1.5975	-2.161	-2.357	-1.2	-1.19	0.196	-0.3135	-0.33	-0.3955	-0.3995	-0.474	-0.5385	-1.4515	0.1195	0.82	-2.559	-3.415	-2.879	-2.169	-1.219	-0.403	-0.485	-0.153	-0.179	-0.172	-0.135	0.006	0.223	-0.437
"YBR031W"	-0.087	-1.692	-1.795	-2.055	-2.17	-2.059	-2.397	-2.879	-0.473	-2.233	-3.04	-2.831	-2.633	-2.6295	-1.7205	-1.7175	-2.312	-1.803	-1.9345	-2.5745	-0.741	-1.264	-0.0485	-0.311	-0.4285	-0.5545	-0.506	-0.649	-0.5665	-1.716	0.382	0.421	-2.405	-2.518	-2.852	-2.047	-2.634	-0.308	0.1	0.358	-0.08	0.272	0.314	0.389	0.499	-0.423
"YBR033W"	-0.149666666666667	0.945	1.705	1.338	1.0075	0.8285	0.5945	1.3665	0.751	0.544	0.9455	0.9595	0.253	0.712666666666667	0.332	0.602	0.693	0.709666666666667	0.317333333333333	0.152	0.214	0.687	0.0693333333333333	0.092	0.0633333333333333	0.0903333333333333	-0.0536666666666667	0.0213333333333333	0.0333333333333333	0.9345	0.05	-0.0415	1.739	1.322	1.201	1.135	0.589	-0.774	-0.053	0.099	-0.167	-0.032	-0.117	0.236	0.073	0.193
"YBR121C"	-0.6285	-2.66	-1.84	-1.582	-1.543	-2.186	-2.714	-4.037	-1.694	-2.317	-1.95	-2.366	-2.465	-3.2385	-1.721	-2.416	-3.155	-4.1355	-4.173	-4.5985	-0.999	-1.406	-0.1215	-0.2815	-0.354	-0.3125	-0.3505	-0.4175	-0.4775	-2.249	0.06	0.324	-2.264	-2.22	-1.806	-1.543	-2.181	0.022	0.3	0.247	0.277	0.258	0.329	0.04	-0.015	-0.106
"YBR143C"	-0.9405	-2.729	-2.378	-2.339	-2.197	-1.932	-2.537	-3.195	-1.29	-2.033	-2.231	-2.012	-2.112	-3.1475	-1.838	-2.126	-2.659	-2.698	-2.699	-3.572	-1.003	-1.337	0.029	-0.6515	-0.353	-0.2625	-0.3775	-0.5995	-0.488	-1.699	-0.099	0.712	-2.02	-2.223	-2.453	-1.217	-1.336	-0.216	0.082	0.035	-0.106	0.153	-0.001	0.096	0.09	-0.408
"YBR181C"	-1.1925	-3.762	-3.149	-2.554	-2.265	-1.94	-2.747	-3.798	-1.706	-3.3	-3.365	-3.159	1.639	-5.0305	-2.0635	-2.493	-2.7035	-2.654	-2.96	-3.945	-1.521	-2.083	0.2295	-0.0205	-0.2945	-0.194	-0.3805	-0.5295	-0.4555	-2.337	-0.37	0.606	-2.718	-2.98	-3.274	-1.849	-2.601	-0.081	0.02	0.216	-0.064	-0.048	0.014	0.184	0.341	-0.11
"YBR189W"	-0.534	-3.784	-3.224	-3.356	-2.463	-2.154	-2.355	-2.065	-1.532	-3.071	-3.483	-2.334	-2.025	-3.678	-2.112	-2.629	-2.467	-1.9305	-1.8835	-2.9475	-1.953	-2.286	0.262	-0.3575	-0.1985	-0.6225	-0.6505	-0.4345	-0.633	-2.4025	0.0565	0.831	-3.763	-4.739	-3.572	-3.188	-3.569	0.003	-0.154	0.263	0.036	-0.086	-0.074	0.195	0.235	0.27
"YBR255W"	-0.0155	1.895	1.55	1.761	1.754	1.98	1.88	1.564	0.452	0.759	1.267	0.346	1.104	0.385	1.0695	1.1855	0.868	1.353	1.383	0.83	0.738	0.475	0.2385	0.155	0.1955	-0.021	0.0215	0.101	-0.1135	0.807	0.227	-0.16	0.636	0.506	0.35	0.33	1.076	-0.19	-0.009	0.007	0.049	0.077	0.059	0.076	0.138	-0.119
"YBR288C"	0.027	-1.014	-0.715	-0.754	-1.173	-0.889	-1.298	-2.229	-0.812	-0.693	-0.833	-0.751	-1.088	-1.2745	-1.0805	-0.9095	-1.1005	-1.2605	-1.978	-1.688	-0.148	-0.107	-0.2105	-0.276	-0.121	-0.092	-0.212	-0.11	-0.3045	-0.958	-0.136	0.242	-1.104	-0.798	-0.937	-0.774	-0.943	-0.346	0.115	0.175	-0.252	-0.295	-0.171	-0.107	-0.048	-0.354
"YCL051W"	0.763	2.151	1.052	1.136	0.892	0.923	1.069	1.237	1.23	0.765	1.132	0.845	0.476	0.9965	0.522	0.8765	1.1845	0.782	0.9345	0.589	0.636	0.729	-0.144	-0.13	0.1395	0.054	-0.178	-0.2115	-0.4595	0.357	0.08	-0.066	-0.215	1.077	0.385	0.216	0.693	0.19	0.298	-0.21	0.109	0.236	0.306	0.328	0.322	0.015
"YCR053W"	-0.497	-2.562	-1.828	-2.374	-1.952	-1.707	-1.033	-3.556	-1.071	-1.206	-2.391	-1.41	-1.635	-2.5805	-1.277	-1.531	-2.1605	-2.429	-3.1075	-2.714	-1.384	-1.321	-0.025	-0.437	0.364	0.1075	0.0025	-0.182	-0.016	-1.451	0.044	0.022	-2.601	-2.7365	-2.51	-2.2205	-2.352	0.012	0.2805	0.4365	0.2835	0.321	0.342	0.4805	0.3205	0.1515
"YCR091W"	1.876	4.284	3.522	3.241	3.278	2.691	3.114	1.906	3.192	3.306	3.015	2.875	2.682	3.084	2.685	2.345	2.5735	2.0885	2.0775	1.535	1.754	1.465	0.167	0.1125	0.4245	0.39	0.7455	0.8175	0.0965	1.384	0.403	-0.236	2.288	3.677	2.956	1.701	3.005	0.135	-0.015	-0.439	0.008	0.001	0.295	-0.426	0.459	0.312
"YCR097W"	1.467	2.156	1.914	1.524	0.67	1.47	1.285	2.584	1.48	1.706	1.875	1.419	1.095	1.4345	0.8755	0.9425	0.957	1.578	1.738	1.1225	1.054	1.726	0.0995	-0.0375	0.1235	0.1345	-0.0955	-0.1285	0.0335	0.313	-0.303	-0.325	2.20466666666667	0.986666666666667	1.68266666666667	1.64233333333333	1.39066666666667	-0.3535	-0.055	-0.2335	-0.3115	-0.209	-0.197	-0.1345	0.0355	-0.6095
"YDL085W"	0.575	3.32	3.859	4.203	3.821	3.092	3.133	3.356	3.186	1.636	3.499	4.037	1.897	0.489	1.142	2.634	1.46	2.813	3.092	2.319	2.197	3.261	0.152	-0.039	-0.179	0.199	0.23	0.117	0.295	5.715	0.132	0.082	4.331	4.545	3.829	3.961	4.979	0.096	-0.234	0.006	-0.028	-0.132	-0.067	-0.343	-0.236	0.12
"YDL167C"	-1.451	-4.321	-2.565	-2.731	-2.613	-1.813	-2.3	-3.033	-2.513	-3.298	-2.094	-1.281	-1.577	-3.084	-1.901	-1.572	-2.172	-2.176	-2.332	-2.095	-1.745	-1.536	0.105	-0.751	-0.617	-0.386	-0.587	-0.63	-0.69	-1.335	-0.159	0.736	-1.423	-3.364	-2.649	-1.339	-1.838	-0.54	-0.714	-0.921	-0.537	-0.361	-0.416	-0.412	-0.628	-0.641
"YDL194W"	0.914	2.756	3.079	2.902	2.773	2.758	3.229	2.675	2.403	2.191	1.976	1.473	1.695	1.971	1.674	2.005	1.921	1.923	2.037	1.752	0.638	1.373	0.437	-0.037	0.312	0.329	0.482	0.273	-0.055	1.647	0.015	0.292	0.397	0.057	0.41	-0.616	-0.015	0.359	-0.027	0.264	-0.091	-0.129	0.106	-0.178	0.149	-0.01
"YDR018C"	0.375	3.364	2.349	2.874	2.861	3.117	3.091	2.951	2.752	1.593	2.161	1.98	1.843	3.883	1.951	2.398	3.208	2.318	2.708	1.585	1.457	1.841	-0.018	0.356	-0.06	-0.061	0.718	0.926	0.28	0.895	0.037	-0.23	2.796	2.941	2.212	1.415	2.156	-0.275	-0.344	-0.241	-0.23	-0.56	-0.117	-1.041	-0.189	-0.444
"YDR037W"	-1.56	-4.313	-3.427	-3.607	-3.146	-3.858	-3.458	-4.551	-1.483	-3.226	-2.505	-2.756	-2.42	-1.971	-2.384	-2.681	-2.313	-2.916	-3.368	-3.772	-1.866	-1.544	-0.13	-0.146	0.01	0.041	-0.279	-0.654	-0.612	-2.523	0.215	0.939	-3.366	-4.204	-3.541	-2.204	-3.047	0.247	0.692	0.272	0.174	0.324	0.186	-0.03	0.196	-0.029
"YDR064W"	-1.077	-3.874	-3.241	-2.585	-2.577	-2.639	-2.597	-3.761	-1.745	-3.208	-3.138	-2.511	-2.495	-3.65	-2.228	-2.718	-2.943	-2.527	-2.531	-3.199	-2.016	-2.096	-0.36	-0.316	-0.524	-0.673	-0.757	-0.726	-0.585	-1.996	-0.165	0.1325	-2.803	-2.891	-2.804	-2.287	-2.842	0.134	0.163	0.349	0.355	0.099	0.305	0.664	0.564	0.358
"YDR096W"	1.234	3.784	2.911	3.051	3.058	2.906	3.751	3.511	2.071	2.127	2.135	1.735	1.58	1.85	2.169	2.377	2.916	3.613	3.341	3.088	1.318	2.056	-0.062	0.424	0.09	0.178	0.484	0.43	0.078	2.342	0.375	-0.32	1.2715	1.286	0.9155	0.933	1.2575	0.427	-0.1055	0.3725	0.189	0.1845	0.4035	0.4035	0.542	0.5715
"YDR186C"	0.385	1.26	1.194	0.964	1.784	2.355	2.025	2.123	0.308	0.61	1.061	0.276	1.062	0.498	1.094	1.442	1.343	1.726	1.874	1.701	0.808	0.722	0.127	-0.33	0.395	-0.071	-0.118	0.246	0.541	0.684	0.2725	-0.105	0.118	0.372	-0.107	-0.076	1.102	-0.516	-0.253	0.037	-0.062	-0.065	-0.16	-0.046	0.167	-0.019
"YDR212W"	0.193	-0.784	-1.033	-0.696	-0.356	-0.521	-0.883	-1.862	-1.036	-1.138	-1.157	-1.291	-1.382	-1.061	-0.441	-1.069	-1.229	-1.535	-1.828	-1.707	-0.361	-0.787	-0.03	-0.525	0.445	0.127	0.274	0.416	0.36	-0.7395	-0.34	-0.042	-0.778	-0.339	-0.637	-0.604	-0.322	-0.102	0.048	0.007	-0.044	0.098	0.036	-0.053	0.065	-0.116
"YDR282C"	0.645	2.239	1.8	1.57	1.444	1.446	1.391	1.182	1.386	1.508	1.294	1.153	1.647	1.567	1.164	1.136	0.927	1.25	1.508	1.039	1.28	0.988	0.019	-0.059	0.404	0.156	0.158	0.195	0.376	0.837	0.481	-0.261	0.953	1.486	0.877	0.624	1.231	0.2	0.255	-0.252	0.011	0.18	-0.005	-0.309	0.091	0.147
"YDR286C"	0.539	1.838	1.568	1.034	1.079	1.192	1.098	1.32	0.153	0.313	0.27	0.718	0.763	1.123	0.536	0.541	0.733	1.209	0.976	0.552	0.772	0.406	0.06	0.025	0.379	0.023	0.073	0.117	0.253	0.465	0.211	0.027	1.108	1.295	1.554	1.446	0.797	0.039	0.081	0.207	-0.132	-0.269	-0.409	-0.301	-0.185	0.179
"YDR417C"	-0.348	-3.705	-2.778	-2.992	-2.407	-2.511	-3.327	-4.279	-1.775	-3.58	-3.209	-2.864	-2.95	-4.223	-2.458	-2.573	-2.986	-2.861	-3.022	-3.606	-1.6	-2.146	0.078	-0.069	-0.215	-0.146	-0.379	-0.352	-0.28	-2.149	-0.196	0.637	-2.61	-3.585	-3.332	-2.261	-2.404	0.341	0.306	0.495	0.225	0.185	0.371	0.671	0.671	0.205
"YDR447C"	-0.484	-4.882	-3.934	-3.531	-3.26	-2.507	-2.465	-3.659	-2.128	-3.574	-3.565	-2.813	-3.129	-4.249	-2.279	-2.432	-2.817	-2.53	-2.625	-3.552	-1.751	-1.67	0.176	0.098	-0.415	-0.359	-0.502	-0.57	-0.571	-2.1165	0.165	0.443	-2.356	-4.358	-3.418	-2.211	-3.223	-0.316	-0.21	0.026	-0.219	-0.146	-0.163	0.238	0.334	-0.388
"YDR506C"	-0.08	1.961	1.412	1.172	1.483	1.249	0.882	-0.236	0.734	0.625	0.771	0.644	0.368	1.627	1.153	1.042	1.063	1.934	1.438	1.505	0.57	0.746	0.226	0.369	-0.01	0.207	0.558	0.799	0.307	0.428	0.229	-0.025	0.228	0.957	-0.029	0.462	0.744	-0.181	-0.119	0.037	-0.064	-0.302	-0.103	-0.287	-0.097	0.01
"YDR507C"	-1.821	-3.229	-1.03	-0.143	-0.691	-0.795	-1.28	-2.939	-1.447	-0.805	-1.084	-1.413	-1.411	-2.127	-1.263	-1.576	-2.121	-1.959	-1.473	-1.836	-0.287	0.223	-0.248	-0.23	0.239	0.399	0.293	0.189	0.11	-0.943	-0.181	-0.161	-0.281	-0.797	-0.4885	-0.133	-0.095	-0.0185	0.0955	0.0085	0.0105	0.0545	0.169	0.1325	0.02	-0.0635
"YDR530C"	0.334	2.764	2.32	2.278	2.184	1.902	2.813	2.037	1.696	1.827	1.619	2.045	1.665	2.124	1.923	1.769	1.777	2.382	2.669	1.771	0.868	0.865	0.168	0.281	0.267	0.432	0.695	0.646	0.65	1.435	0.339	0.065	2.632	2.6	3.192	2.307	2.264	0.105	0.038	-0.289	0.449	0.352	0.178	-0.141	0.282	0.512
"YEL011W"	1.59	4.662	3.869	4.663	4.646	4.72	4.761	5.15	4.014	2.876	3.74	3.022	2.308	4.997	3.795	3.906	3.266	3.642	5.213	4.068	2.87	3.311	-0.352	0.694	0.793	0.635	0.899	1.986	0.689	2.6905	-0.293	-0.361	1.65	3.83	2.462	1.915	2.422	0.506	0.848	0.643	0.501	0.445	0.397	0.361	0.431	0.666
"YER015W"	0.267	2.172	2.385	3.584	3.301	3.005	2.769	3.101	1.224	1.095	1.623	1.816	0.843	3.359	2.401	1.979	2.609	2.833	1.972	1.943	1.227	1.81	-0.245	0.109	-0.076	0.061	0.222	-0.331	-0.263	0.745	0.168	0.187	1.098	0.968	0.847	0.718	0.6375	0.1275	-0.4	-0.1615	-0.781	-0.2735	0.066	-0.1385	0.233	0.2575
"YER024W"	-0.217	4.222	5.101	5.089	4.708	4.47	4.755	4.492	1.452	2.797	4.06	5.22	4.747	3.348	3.848	2.82	2.599	2.31	3.434	2.595	1.565	3.635	-0.009	0.294	0.146	-0.168	0.067	-0.352	0.124	0.933	-0.245	0.287	1.507	-0.331	1.357	2.452	2.365	-0.059	0.125	0.027	-0.438	-0.18	0.463	-0.339	0.205	-0.607
"YER043C"	-1.913	-3.945	-1.445	-1.979	-2.553	-2.767	-3.397	-4.78	-1.223	-2.364	-1.977	-3.096	-3.18	-3.583	-2.272	-3.174	-3.716	-3.31	-4.857	-4.918	-0.943	-1.204	-0.103	-0.181	-0.949	-1.273	-1.435	-1.469	-1.566	-1.415	0.121	0.513	-2.542	-2.164	-2.202	-1.71	-1.767	1.088	1.229	1.004	1.113	1.138	0.543	0.238	0.534	0.885
"YER086W"	-2.102	-3.714	-1.791	-1.128	-1.076	-1.236	-1.424	-3.61	-2.148	-2.869	-2.152	-2.311	-2.028	-2.719	-1.373	-1.847	-1.837	-2.624	-2.882	-3.77	-0.883	-1.308	0.09	-0.321	0.088	-0.251	-0.155	-0.283	-0.599	-0.886	-0.336	0.32	0.075	0.102	0.245	0.252	-0.714	0.425	0.441	0.546	0.705	0.6	0.589	0.266	0.314	0.398
"YFR008W"	0.917	0.715	0.688	0.854	0.726	0.783	-0.072	0.116	1.016	0.676	0.815	0.431	0.221	0.102	0.087	0.323	0.387	0.868	1.151	0.459	0.063	-0.1	-0.397	0.316	0.154	0.173	0.27	0.26	0.197	0.4295	-0.043	0.247	0.807	0.989	0.748	0.842	0.306	-0.805	-0.482	-0.413	-0.45	-0.252	-0.06	-0.176	-0.077	0.124
"YGL030W"	-0.383	-3.613	-2.888	-2.582	-1.861	-2.363	-2.008	-3.668	-1.677	-2.388	-2.751	-2.6	-2.361	-3.284	-2.059	-2.592	-2.534	-1.668	-2.044	-3.011	-1.363	-1.683	-0.101	0.06	-0.654	-0.594	-0.688	-0.614	-0.99	-1.6485	0.284	0.553	-2.871	-3.575	-2.76	-2.198	-3.156	0.443	0.088	0.829	0.234	0.61	0.235	0.494	0.885	0.544
"YGL098W"	0.56	1.408	0.937	1.321	1.148	1.148	1.149	0.883	1.032	0.692	0.894	0.86	-0.799	0.885	0.309	0.713	0.664	0.639	1.042	0.529	0.852	0.54	-0.036	0.211	0.279	0.226	0.092	0.061	0.143	0.514	0.335	0.257	0.761	0.534	0.353	0.649	1.079	-0.007	0.203	-0.456	0.212	0.007	0.175	0.375	0.099	0.085
"YGL102C"	-0.032	-3.419	-2.825	-2.081	-1.973	-2.112	-2.356	-2.658	-1.701	-3.301	-3.227	-3.132	0.794	-3.32	-1.921	-2.077	-2.144	-1.199	-1.938	-2.13	-1.322	-2.161	0.231	-0.462	-0.281	-0.127	-0.426	-0.424	-0.429	-2.146	-0.143	0.544	-2.202	-3.272	-2.955	-2.203	-3.411	-0.071	-0.3	-0.097	-0.063	-0.148	-0.386	0.293	0.379	-0.2
"YGL121C"	1.594	2.903	4.642	4.908	4.899	5.197	4.115	4.92	2.02	3.028	3.66	3.542	3.479	3.623	2.924	2.795	3.85	4.249	4.271	3.19	1.608	1.518	0.738	-0.026	0.309	0.647	0.404	1.021	0.813	4.881	-0.462	-0.342	4.831	4.067	4.542	2.934	3.387	0.638	-0.115	-0.074	1.53	0.73	0.315	0.212	-0.021	0.819
"YGL135W"	-0.125	-3.221	-2.573	-2.455	-2.548	-2.301	-2.942	-3.418	-1.34	-3.217	-3.23	-3.119	-2.071	-3.581	-2.03	-2.512	-2.692	-2.267	-2.874	-3.825	-1.249	-1.595	-0.045	0.295	-0.631	-0.72	-0.506	-0.566	-0.722	-2.233	-0.064	0.738	-2.903	-3.617	-3.009	-1.968	-2.509	-0.177	-0.184	0.107	-0.057	-0.05	0.096	0.465	0.263	-0.448
"YGL147C"	-0.062	-3.892	-3.111	-3.32	-3.389	-2.422	-3.896	-3.921	-1.716	-3.0	-3.753	-3.466	-3.166	-4.384	-2.459	-2.874	-3.388	-3.018	-2.755	-3.483	-1.054	-1.568	0.326	0.03	-0.407	-0.382	-0.492	-0.74	-0.708	-2.532	-0.409	0.647	-2.6025	-3.1585	-3.3875	-2.3945	-3.135	-0.3715	-0.407	-0.123	-0.089	-0.1475	-0.072	0.22	0.3265	-0.3485
"YGL148W"	-1.188	-3.561	-2.137	-1.719	-1.873	-1.574	-2.182	-2.826	-1.329	-2.983	-2.53	-2.64	-1.768	-2.555	-1.926	-2.049	-2.327	-1.666	-1.996	2.781	-0.231	-0.914	0.038	-0.169	0.184	0.057	0.17	-0.106	-0.508	-2.275	-0.139	0.036	-2.547	-3.123	-2.69	-2.266	-2.377	0.005	-0.215	-0.315	-0.245	-0.363	-0.437	-0.148	-0.231	0.22
"YGL157W"	0.27	-3.669	-4.154	-3.753	-4.456	-3.853	-3.767	-3.578	1.472	-1.481	-1.996	-1.999	-2.143	-1.941	-2.445	-2.738	-2.628	-2.488	-2.817	-3.666	-0.64	-0.469	0.279	0.085	0.607	0.798	0.835	0.842	1.035	-2.632	0.33	-0.593	-1.371	-1.056	-1.785	-1.387	-1.731	1.76	1.504	1.166	1.465	1.281	0.769	0.299	-0.507	1.6
"YGL216W"	-1.072	-0.374	0.23	0.112	0.478	-0.076	0.293	-1.522	0.183	-0.802	-0.199	0.893	-0.369	-0.228	-0.538	-0.491	-0.038	0.066	-0.644	-0.634	-0.434	-0.72	0.068	0.09	-0.279	-0.194	0.148	0.178	-0.139	0.227	-0.03	-0.176	0.085	0.315	-0.245	0.125	-0.744	-0.407	0.157	-0.125	-0.502	-0.064	-0.084	0.053	0.036	-0.214
"YGR023W"	0.49	2.337	1.479	1.856	1.357	2.008	2.481	2.675	1.525	0.92	1.217	1.124	-0.234	2.097	1.158	1.586	2.593	2.621	2.251	1.34	0.473	0.744	0.204	0.566	0.135	-0.086	0.189	0.214	0.242	0.878	0.473	0.076	0.828	2.305	1.376	1.064	1.367	0.466	0.037	0.078	0.32	0.27	0.303	0.315	-0.019	0.759
"YGR027C"	-0.327	-3.433	-2.572	-1.843	-1.632	-1.57	-1.697	-2.797	-1.812	-3.005	-2.616	-2.612	-2.307	-4.002	-1.612	-1.779	-1.889	-1.187	-1.867	-2.368	-0.999	-1.411	0.238	0.101	-0.046	0.006	-0.231	-0.198	-0.236	-1.824	0.406	0.624	-3.132	-3.188	-2.624	-2.011	-2.186	0.299	0.289	0.404	0.345	0.384	0.58	0.51	1.078	0.435
"YGR034W"	-0.316	-3.922	-3.172	-3.096	-2.637	-2.107	-2.998	-3.052	-2.052	-3.268	-2.935	-2.282	-2.579	-3.635	-2.067	-2.022	-2.01	-1.301	-1.401	-2.48	-1.624	-1.283	0.049	0.014	-0.493	-0.442	-0.654	-0.658	-0.769	-1.469	0.037	0.579	-3.003	-4.347	-3.643	-2.741	-2.179	-0.116	0.107	0.267	0.331	0.145	0.201	0.35	0.728	-0.046
"YGR110W"	0.965	3.059	3.408	3.575	2.845	3.106	3.427	4.541	2.006	1.881	2.242	2.425	2.361	3.976	2.805	2.625	2.566	2.578	4.305	3.146	1.671	2.627	-0.112	0.118	-0.16	-0.17	0.038	-0.222	-0.444	2.049	-0.027	0.3735	3.419	3.213	3.774	2.809	3.468	0.1	-0.04	-0.394	-0.082	-0.38	-0.299	-0.247	-0.528	0.212
"YGR133W"	0.139	0.947	1.127	1.24	1.465	1.475	1.196	0.133	0.213	-0.008	0.204	0.394	0.617	1.215	0.754	0.81	0.569	0.873	1.504	1.319	0.277	0.6	0.39	0.346	0.332	0.085	0.401	0.526	0.37	0.8635	0.157	-0.3015	0.164	0.496	0.782	0.614	0.314	-0.232	0.096	0.055	-0.347	-0.37	0.087	-0.303	-0.415	0.474
"YGR183C"	0.79	2.516	2.937	3.093	2.609	1.742	3.487	3.414	1.924	1.266	1.583	1.511	1.834	2.594	2.333	1.945	2.742	3.301	3.204	2.341	0.726	0.987	-0.014	0.297	-0.268	-0.481	-0.99	-0.505	-0.535	1.505	-0.325	0.113	3.35	2.247	2.779	2.596	2.973	0.498	0.009	0.453	0.349	0.253	-0.04	0.229	0.251	0.712
"YGR201C"	1.012	5.046	4.249	4.063	4.377	5.158	4.49	4.974	2.246	3.062	2.97	2.896	3.228	2.855	2.842	3.597	2.109	2.914	5.103	3.769	2.296	2.061	0.31	0.258	0.135	0.134	0.542	0.499	0.555	3.357	0.467	0.329	2.239	2.238	1.833	1.267	2.151	0.052	-0.06	0.003	0.058	-0.016	0.015	-0.015	0.133	-0.489
"YGR214W"	-1.244	-4.3	-2.826	-2.795	-2.24	-1.862	-2.776	-3.03	-1.901	-3.581	-2.953	-2.7	-1.615	-4.842	-1.984	-2.119	-1.46	-0.955	-1.925	-3.246	-1.61	-2.084	0.128	-0.184	-0.269	-0.327	-0.522	-0.515	-0.475	-1.905	0.287	0.457	-2.906	-3.805	-2.3	-2.11	-2.419	0.029	0.301	0.708	0.482	0.429	0.429	0.687	0.704	0.098
"YGR236C"	1.0055	5.885	5.633	4.84	5.548	6.013	4.335	5.413	4.797	4.716	5.412	5.567	5.087	2.582	2.144	3.123	3.07	4.433	4.451	5.04	3.681	3.301	0.085	-0.251	-0.234	-0.159	0.012	0.057	-0.113	4.122	-0.475	0.451	7.961	6.284	6.182	5.837	5.338	0.425	-0.442	0.131	-0.597	-0.4	0.258	-0.591	-0.816	-0.427
"YGR249W"	1.208	2.21	1.706	1.603	1.177	1.569	1.131	0.914	3.712	2.556	1.646	1.881	2.014	0.799	0.848	1.024	0.697	1.061	1.543	1.063	0.659	0.631	0.233	0.388	-0.199	-0.523	-0.455	0.11	-0.313	0.538	0.406	-0.057	0.383	1.1	0.182	-0.177	0.535	0.575	0.205	0.278	0.425	0.287	0.351	-0.15	0.433	0.515
"YHL033C"	-0.391	-3.758	-2.864	-2.635	-1.944	-1.277	-2.205	-3.984	-1.783	-3.056	-3.153	-3.005	-2.318	-4.25	-2.112	-2.808	-2.523	-2.601	-2.923	-4.209	-1.544	-2.128	0.08	-0.36	-0.652	-0.508	-0.422	-0.494	-0.368	-1.956	0.404	-0.004	-1.757	-0.001	-1.385	-1.492	-1.18	0.839	0.907	0.942	0.567	0.772	0.668	0.666	0.672	0.739
"YHR010W"	-0.329	-3.693	-3.281	-3.149	-2.926	-2.458	-3.025	-3.508	-1.864	-3.343	-3.288	-3.007	-2.769	-4.159	-2.399	-2.244	-2.541	-1.71	-2.032	-2.684	-1.033	-1.584	-0.034	-0.216	-0.427	-0.534	-0.651	-0.769	-0.772	-2.412	-0.321	-0.128	-2.267	-3.56	-2.961	-1.715	-2.978	0.201	-0.059	0.076	0.101	-0.049	0.296	0.142	0.016	0.326
"YHR068W"	-0.918	-3.316	-2.566	-2.252	-2.251	-3.015	-2.166	-4.28	-1.698	-2.873	-2.52	-2.526	-1.119	-2.945	-1.652	-1.927	-2.429	-2.724	-3.669	-3.425	-0.414	-0.65	0.241	-0.023	-0.238	-0.231	-0.193	-0.137	-0.295	-2.29	-0.274	0.273	-2.467	-2.406	-2.362	-1.8	-1.861	0.262	0.365	0.495	0.192	0.289	0.026	0.367	0.752	0.717
"YHR133C"	-0.916	-1.498	-1.357	-0.653	-1.163	-1.453	-1.561	-1.885	-1.471	-1.51	-1.708	-1.622	-0.998	-1.49	-1.072	-1.703	-1.806	-1.64	-1.82	-2.45	-0.202	-0.606	-0.043	0.006	-0.245	-0.211	-0.226	-0.243	-0.278	-0.395	0.412	0.159	-0.652	-1.475	-1.273	-1.046	-1.683	-0.04	-0.567	-0.321	-0.212	-0.276	-0.216	-0.043	0.306	-0.094
"YHR141C"	-0.315	-2.32	-2.364	-2.143	-1.635	-1.491	-1.631	-2.472	-1.502	-2.31	-2.677	-2.575	-1.44	-2.888	-1.591	-1.753	-1.569	-1.819	-1.838	-2.014	-1.232	-1.618	0.039	-0.12	-0.339	-0.26	-0.878	-0.733	-0.674	-1.582	0.096	0.331	-2.729	-3.686	-3.203	-2.487	-2.359	-0.204	-0.405	0.018	-0.226	-0.333	-0.429	-0.129	-0.132	0.02
"YHR162W"	0.765	0.358	0.106	0.124	-0.109	-1.203	-0.541	-2.48	0.553	0.315	0.013	-0.627	-0.293	0.348	-0.138	-1.253	-2.038	-1.104	-1.619	-1.148	0.359	1.184	0.078	0.098	0.615	0.754	0.559	0.319	0.403	-0.99	-0.133	0.29	1.943	0.659	0.695	0.759	-0.933	0.294	-0.152	-0.171	0.556	0.175	-0.241	-0.033	0.145	0.157
"YHR183W"	-0.9835	-0.9555	-1.161	-1.3185	-0.9165	-1.2015	-0.4545	-0.7	0.106	-0.7175	-0.463	-1.2335	-1.7405	-1.1675	-1.2305	-0.834	-1.302	-0.768	-0.6495	-1.6165	-0.261	-0.286	-0.124	-0.119	0.042	0.0465	-0.194	-0.0545	-0.0035	-1.3965	-0.314	-0.0675	-1.9875	-1.5505	-1.5255	-1.5365	-1.27	0.2185	0.085	0.0465	0.0625	-0.024	-0.077	-0.123	0.021	-0.084
"YHR203C"	-0.72	-3.926	-2.827	-3.148	-2.671	-2.372	-2.895	-3.782	-1.998	-3.917	-3.774	-3.412	-3.049	-4.669	-2.276	-2.437	-2.591	-2.575	-3.081	-3.941	-1.507	-1.717	0.264	-0.2	-0.319	-0.342	-0.356	-0.537	-0.391	-2.302	-0.137	0.676	-3.308	-3.717	-3.449	-2.785	-3.424	-0.097	0.006	0.154	0.175	0.073	0.248	0.539	0.427	0.062
"YIL045W"	2.256	4.837	3.725	3.789	4.285	5.025	4.058	4.605	2.699	2.691	2.176	2.2	2.313	4.236	3.986	4.311	4.378	4.139	3.804	2.963	0.72	0.594	-0.009	1.372	0.449	0.595	0.993	1.053	0.695	2.832	0.38	0.273	2.929	3.875	2.985	2.251	3.3	0.394	0.449	0.197	-0.285	-0.034	0.033	0.344	0.039	0.426
"YIL052C"	-0.37	-3.856	-3.261	-2.954	-2.61	-2.22	-3.178	-2.895	-1.912	-2.82	-2.793	-2.559	-2.622	-4.174	-2.279	-2.271	-2.546	-2.162	-2.5	-3.158	-1.569	-1.876	0.24	-0.094	-0.27	-0.197	-0.413	-0.411	-0.506	-1.743	-0.245	0.613	-2.562	-2.821	-2.677	-1.94	-3.315	0.721	0.135	0.546	0.199	0.085	0.233	0.327	-0.19	0.463
"YIL097W"	1.23	3.652	2.439	2.393	2.036	2.507	2.43	3.556	2.729	1.732	2.315	1.786	1.294	2.356	1.47	2.0	2.636	2.674	2.268	1.763	1.985	1.835	0.026	-0.317	0.664	0.564	0.571	0.768	0.595	1.203	-0.528	-0.426	1.491	1.995	2.194	0.877	1.863	-0.422	-0.137	-0.88	-0.594	0.008	-0.101	-0.423	-0.138	-0.452
"YIL120W"	-0.068	1.649	1.536	1.395	1.32	1.525	1.822	4.578	0.769	0.832	0.799	1.319	1.289	1.695	1.293	0.996	2.065	0.518	3.061	2.677	1.111	0.754	0.06	0.332	0.013	0.2	0.407	0.209	0.323	0.609	-0.271	-0.142	0.134	-0.019	0.064	0.317	0.93	-0.579	-0.299	-0.208	0.019	-0.189	0.086	0.216	0.137	-0.072
"YIL122W"	0.435	2.109	1.27	1.77	1.672	2.044	2.78	1.361	0.943	0.939	1.214	1.217	1.268	0.995	1.252	1.311	1.297	1.844	1.441	0.661	1.407	1.277	0.023	0.294	-0.292	-0.015	0.303	0.34	0.38	1.262	0.595	0.557	0.938	1.802	0.869	0.238	1.41	0.068	-0.058	-0.259	0.481	0.01	0.243	-0.191	-0.391	0.21
"YIL155C"	0.633	1.725	2.2955	2.221	2.5535	1.566	2.7135	2.4965	1.8295	1.8615	1.871	2.293	1.7625	1.8305	1.9575	0.968	1.4335	1.722	1.465	1.235	0.65	0.862	0.213	0.148	-0.148	0.122	-0.093	0.3965	-0.0635	2.2445	0.065	0.232	3.229	2.436	2.744	1.892	2.155	-0.081	-0.008	0.204	0.009	-0.083	0.52	0.44	0.113	0.086
"YJL080C"	-1.597	-2.655	-2.64	-1.679	-1.79	-1.719	-1.923	-3.029	-1.028	-1.693	-1.793	-1.545	-2.084	-2.248	-1.823	-2.293	-2.334	-2.401	-2.866	-3.001	-1.088	-1.487	0.026	0.005	-0.264	-0.197	-0.301	-0.203	-0.136	-1.086	0.026	0.088	-2.286	-1.905	-1.8825	-1.495	-1.6585	-0.1485	0.134	0.1085	-0.28	0.0445	0.109	0.2515	0.2015	-0.0645
"YJL094C"	1.343	1.612	1.723	1.56	1.8345	2.161	1.6455	2.054	0.5415	0.453	0.731	0.568	0.1995	1.342	0.9735	0.859	0.643	1.7255	1.8985	1.8435	0.607	0.945	-0.2135	0.0925	0.4325	0.269	0.072	0.1025	0.1035	0.236	0.208	0.432	0.2855	0.6225	0.871	0.3895	1.363	0.847	0.529	0.349	0.7185	0.2915	0.2715	0.3125	0.2475	0.8885
"YJL103C"	0.985	3.518	3.541	3.739	3.366	3.386	3.31	4.161	2.515	1.735	2.684	2.107	1.985	3.108	2.803	2.436	3.198	3.063	3.151	2.006	2.229	2.668	-0.094	-0.199	0.276	0.531	0.567	0.776	0.727	0.352	-0.126	0.415	3.146	2.897	3.1435	2.411	2.663	0.3655	-0.1455	-0.119	0.173	0.008	0.04	-0.0685	0.084	0.5525
"YJL136C"	-0.538	-2.5965	-2.5195	-2.1625	-1.923	-1.762	-1.46	-2.0505	-1.322	-1.93	-2.1825	-1.308	-1.441	-3.159	-1.774	-2.063	-2.01	-1.2865	-0.379	-2.1235	-1.417	-2.026	0.159	0.292	-0.203	-0.585	-0.783	-0.728	-0.725	-2.1465	-0.06	0.2795	-2.42	-3.751	-2.53	-2.526	-2.859	-0.027	-0.194	0.127	-0.325	-0.336	-0.272	-0.061	0.069	-0.38
"YJL166W"	1.741	3.137	3.667	3.5	3.101	2.498	3.751	3.849	2.392	2.57	2.339	2.197	2.526	3.028	2.833	2.507	2.963	3.264	3.664	3.32	1.878	1.383	0.021	0.235	-0.19	-0.577	-0.725	-0.259	-0.43	1.113	-0.014	0.137	3.65	2.806	3.428	3.524	3.809	0.358	-0.093	-0.073	0.153	-0.1	-0.308	-0.117	-0.132	0.264
"YJL177W"	-0.368	-4.132	-3.846	-3.2	-2.981	-0.605	-2.747	-3.255	-1.729	-3.409	-3.772	-3.428	-3.164	-5.074	-2.17	-2.525	-2.421	-1.768	-2.278	-2.905	-1.858	-2.013	0.25	0.027	-0.106	-0.229	-0.379	-0.327	-0.417	-2.348	-0.245	0.495	-4.004	-4.54	-4.115	-3.056	-3.266	0.217	0.25	0.501	0.371	0.238	0.232	0.481	0.477	0.148
"YJL185C"	0.447	2.062	2.22	2.091	1.526	1.748	2.056	3.178	1.358	1.2	1.493	2.057	1.529	2.666	1.76	2.126	2.385	2.188	4.108	3.299	0.875	1.918	0.083	-0.073	-0.06	0.118	0.323	0.576	0.25	1.301	-0.195	-0.097	1.808	1.727	2.015	1.118	1.24	-0.189	0.074	0.118	-0.035	0.141	0.016	0.061	0.035	0.023
"YJL188C"	0.179	-2.525	-2.39	-2.043	-1.864	-1.323	-1.808	-2.786	-1.612	-2.24	-2.745	-2.519	-1.879	-3.453	-1.897	-1.885	-1.929	-2.169	-2.54	-2.776	-1.089	-1.486	0.017	0.024	-0.084	-0.346	-0.85	-0.598	-0.657	-1.525	-0.136	0.221	-1.947	-2.777	-2.447	-2.254	-2.01	0.219	0.174	0.626	0.052	0.062	-0.12	0.091	0.166	-0.155
"YJL190C"	-1.343	-3.794	-3.553	-3.267	-2.958	-2.413	-3.287	-3.585	-2.845	-3.969	-3.744	-3.536	-3.062	-4.469	-2.547	-3.105	-3.227	-2.941	-3.365	-3.524	-1.426	-1.906	0.048	0.098	-0.064	-0.298	-0.671	-0.598	-0.548	-2.43	0.271	0.881	-3.912	-4.874	-4.273	-3.311	-3.497	-0.227	-0.227	-0.112	-0.255	-0.284	-0.137	0.18	0.274	-0.511
"YJR123W"	-0.581	-3.844	-3.276	-3.279	-3.375	-2.46	-3.124	-4.381	-1.536	-3.809	-3.529	-3.442	-3.646	-4.282	-2.083	-2.391	-2.635	-2.639	-3.543	-4.006	-1.789	-2.097	0.56	-0.339	-0.28	-0.351	-0.474	-0.396	-0.362	-2.153	0.081	0.668	-3.113	-3.711	-4.025	-2.566	-3.587	0.164	0.141	0.584	0.413	0.083	0.465	0.591	0.414	0.071
"YJR158W"	0.43	2.439	1.69	2.551	2.097	2.537	2.536	1.645	1.665	1.477	1.985	0.773	1.577	1.898	1.969	2.057	2.169	1.981	2.516	1.807	1.211	0.987	0.443	0.266	0.04	0.248	0.912	0.369	0.4	0.749	0.375	-0.199	0.616	2.171	1.454	0.358	1.562	0.406	0.079	-1.07	0.473	0.322	0.532	-0.449	0.117	0.668
"YKL026C"	2.587	4.553	3.42	4.251	4.429	4.068	3.618	5.561	3.587	3.848	3.239	3.305	3.067	3.106	2.687	3.137	3.607	4.354	3.97	3.468	3.843	3.191	0.101	0.104	0.423	0.269	0.089	0.352	0.107	1.288	-0.323	0.037	5.449	3.949	4.063	3.2	3.668	NaN	-0.033	0.0	0.256	0.029	0.083	0.148	0.114	0.558
"YKL081W"	-1.046	-3.858	-3.184	-2.035	-2.096	-2.542	-3.137	-4.49	-2.074	-3.28	-3.157	-3.837	-3.37	-3.635	-2.171	-3.222	-3.654	-2.997	-2.811	-3.497	-2.104	-2.013	-0.042	0.223	-0.595	-0.708	-0.685	-0.554	-0.564	-2.502	-0.047	0.311	-3.449	-3.386	-3.054	-2.989	-3.704	0.352	0.49	1.008	0.632	0.642	0.561	0.695	0.695	0.525
"YKL093W"	2.94	5.448	4.655	4.714	4.393	4.525	4.208	4.369	2.966	3.199	3.212	2.953	3.082	4.872	3.902	2.916	2.536	2.725	3.515	2.14	2.251	2.314	0.06	0.768	0.255	0.025	0.133	0.207	0.267	2.745	-0.288	0.001	4.865	4.992	4.664	3.337	3.528	0.155	-0.141	-0.302	-0.254	-0.278	-0.304	-0.189	0.037	-0.151
"YKL109W"	0.769	3.944	4.619	4.678	3.512	3.345	3.204	3.232	3.343	3.076	3.27	2.936	2.799	4.55	3.416	3.126	3.018	3.054	2.687	2.59	2.962	3.603	-0.678	-0.439	-0.773	-1.016	-0.62	-0.225	-0.472	2.198	-0.594	0.309	3.213	3.231	3.514	3.295	2.285	-0.212	-0.155	0.131	-0.699	-0.15	0.245	0.506	0.542	-0.111
"YKL154W"	-0.366	-1.585	-1.703	-1.223	-1.327	-1.486	-1.312	-2.701	-1.526	-1.149	-1.358	-1.136	-0.702	-2.099	-1.194	-1.477	-1.447	-1.765	-2.132	-2.222	-0.387	-0.721	-0.006	-0.394	0.093	-0.401	-0.597	-0.468	-0.887	-1.175	0.279	-0.418	-2.137	-2.702	-2.572	-1.419	-1.102	-0.507	-0.376	-0.291	-0.675	-0.446	-0.612	-0.424	-0.372	-0.507
"YKL171W"	0.626	2.975	2.732	1.981	2.48	2.215	2.459	2.01	1.677	2.034	1.204	2.02	1.73	1.246	0.992	1.417	1.626	1.6	1.107	1.326	1.066	1.772	-0.082	0.05	0.229	0.228	-0.03	0.249	0.177	1.605	0.045	0.215	2.197	1.954	2.196	0.791	1.237	0.0	-0.06	-0.202	0.089	0.069	0.009	-0.218	0.09	0.085
"YKR082W"	-0.927	-0.889	-1.103	-0.767	-0.731	-0.67	-1.122	-2.473	-0.697	-0.702	-0.565	-0.832	-1.633	-1.922	-1.054	-0.885	-1.249	-1.45	-1.895	-2.598	-0.427	-0.507	-0.053	-0.363	-0.235	-0.301	-0.369	-0.265	-0.64	-0.573	0.155	0.596	-1.24	-0.737	-0.893	-0.412	-0.524	-0.572	0.09	-0.241	-0.274	-0.27	-0.163	-0.112	-0.156	-0.149
"YKR094C"	-0.017	-3.138	-2.914	-2.619	-2.274	-1.978	-2.41	-2.464	-1.021	-2.102	-2.333	-1.972	-2.7	-2.785	-1.579	-1.746	-1.839	-1.792	-2.197	-2.387	-1.496	-1.456	0.016	-0.041	-0.279	-0.229	-0.506	-0.661	-0.483	-2.035	0.065	-0.069	-2.549	-3.694	-3.422	-2.865	-3.683	-0.397	-0.232	-0.065	-0.298	-0.257	-0.233	0.19	0.325	-0.237
"YKR101W"	-0.651	1.359	0.859	1.438	1.39	1.505	1.234	1.64	0.261	0.779	0.747	0.852	1.087	0.632	0.774	0.919	1.588	1.173	0.788	0.257	1.532	1.037	0.089	-0.207	-0.102	0.105	-0.28	0.0	-0.575	0.363	0.201	0.184	0.653	0.195	0.575	0.494	0.336	-0.061	-0.024	-0.222	-0.386	-0.408	-0.371	-0.614	-0.383	-0.188
"YLL017W"	0.583	1.569	1.326	1.548	1.859	2.057	2.426	2.779	0.675	0.742	0.55	1.361	2.906	1.318	1.138	1.407	1.493	2.867	2.209	2.791	0.313	1.223	0.181	0.109	-0.077	0.064	-0.062	0.061	-0.013	0.15	-0.296	-0.139	0.688	0.232	0.658	-0.484	0.371	-0.359	-0.101	-0.948	-0.767	-0.511	-0.177	-0.346	-0.299	-0.482
"YLL019C"	0.764	1.971	1.624	2.0355	1.832	1.8805	1.9865	2.1885	1.102	1.0635	1.257	1.021	0.6375	1.397	1.255	1.789	1.8515	1.9515	1.767	1.3115	1.042	1.507	0.013	0.13	0.394	0.5155	0.664	0.5925	0.662	1.933	0.272	0.884	2.654	2.511	2.838	2.632	2.205	0.751	0.473	0.343	0.721	0.621	0.404	-0.143	-0.102	0.978
"YLL041C"	0.326	4.794	5.323	5.655	5.102	4.997	4.796	5.281	2.48	2.342	2.74	2.712	2.855	4.827	4.436	3.693	3.746	4.25	4.703	3.334	2.67	2.991	-0.018	0.182	-0.224	0.062	0.381	0.613	0.632	3.417	-0.157	-0.47	4.684	3.781	4.867	4.49	4.704	0.479	0.212	-0.012	0.259	0.076	0.109	0.21	0.431	0.649
"YLL044W"	-0.738	-4.871	-3.525	-3.158	-2.869	-2.211	-2.963	-3.79	-1.665	-3.313	-3.031	-3.269	-2.156	-3.872	-1.944	-2.654	-2.736	-2.724	-3.494	-3.967	-2.05	-2.154	-0.086	-0.187	-0.32	-0.235	-0.395	-0.397	-0.546	-2.227	0.186	-0.084	-2.774	-3.806	-2.77	-2.196	-2.935	0.388	0.518	0.726	0.244	0.334	0.277	0.454	0.417	0.334
"YLL045C"	-0.597	-3.851	-3.176	-2.506	-2.189	-1.64	-2.221	-3.857	-1.489	-3.169	-3.335	-3.185	-2.744	-3.66	-2.096	-2.604	-2.495	-2.943	-3.021	-3.731	-1.89	-2.692	0.223	-0.24	-0.447	-0.164	-0.446	-0.457	-0.381	-2.165	-0.052	-0.354	-2.833	-3.788	-3.87	-2.635	-2.362	-0.009	0.364	0.726	0.252	0.255	0.217	0.515	0.521	0.779
"YLR029C"	0.038	-3.174	-2.641	-3.465	-2.572	-2.334	-3.108	-3.615	-0.543	-2.777	-2.809	-2.78	-2.648	-3.178	-1.893	-2.201	-2.595	-2.242	-2.378	-2.987	-1.039	-1.8	-0.158	-0.306	-0.231	-0.204	-0.266	-0.101	-0.296	-2.49	0.321	-0.733	-2.733	-3.637	-2.766	-2.153	-2.685	0.015	0.131	0.337	-0.105	-0.168	0.1	0.24	0.308	-0.113
"YLR048W"	-0.832	-4.075	-2.679	-2.64	-2.034	-2.257	-1.88	-3.645	-1.942	-3.296	-3.55	-2.771	-2.506	-5.136	-2.08	-2.645	-2.575	-2.294	-2.17	-3.634	-1.856	-2.181	0.258	-0.267	-0.363	-0.496	-0.574	-0.387	-0.395	-2.293	0.248	-0.545	-3.403	-4.032	-3.798	-2.576	-3.432	0.016	0.147	0.415	0.295	0.129	0.167	0.212	0.328	-0.014
"YLR061W"	-0.284	-4.925	-4.297	-4.115	-3.603	-2.908	-3.127	-4.939	-1.703	-3.239	-3.818	-3.021	-3.058	-4.326	-2.164	-2.433	-2.88	-3.309	-3.833	-3.91	-1.397	-1.525	0.078	-0.104	-0.171	-0.1	-0.408	-0.462	-0.507	-2.482	-0.019	0.232	-2.246	-4.004	-2.793	-2.94	-3.717	-0.602	-0.603	-0.748	-0.551	-0.463	-0.651	-0.12	-0.085	-0.43
"YLR062C"	-0.374	-4.53	-4.418	-3.352	-3.067	-3.127	-4.077	-5.705	-1.847	-3.6	-3.985	-3.965	-3.18	-4.96	-2.666	-3.209	-3.706	-4.299	-4.293	-5.234	-1.868	-2.368	0.023	-0.012	-0.357	-0.436	-0.654	-0.635	-0.497	-2.675	-0.236	0.084	-3.723	-4.54	-4.001	-2.894	-3.419	-0.273	-0.167	0.17	-0.014	0.006	-0.03	0.238	0.584	-0.174
"YLR065C"	0.093	-1.734	-1.826	-1.451	-1.638	-1.191	-1.341	-1.93	-0.969	-1.082	-1.343	-1.411	-1.516	-1.44	-1.007	-1.07	-1.137	-1.477	-1.554	-1.642	-0.502	-0.571	0.002	0.572	0.223	0.242	0.012	-0.024	0.236	-0.712	0.121	0.197	-0.248	-1.485	-1.417	-0.902	-1.482	-0.335	-0.466	-0.254	-0.113	-0.222	-0.093	0.058	0.007	-0.399
"YLR075W"	0.16	-4.356	-3.127	-2.622	-2.246	-2.047	-2.366	-1.991	-1.197	-2.552	-2.46	-2.807	-2.616	-4.079	-1.489	-1.706	-1.888	-1.003	-2.135	-2.586	-0.886	-1.906	0.189	-0.096	-0.086	0.107	-0.097	-0.088	-0.115	-2.132	-0.347	-0.138	-2.951	-4.051	-3.6	-2.245	-2.384	-0.346	-0.169	0.012	-0.19	-0.135	-0.045	0.235	0.312	-0.533
"YLR076C"	-0.033	-3.332	-2.564	-2.261	-1.808	-1.463	-1.839	-1.78	-1.25	-1.405	-2.576	-2.924	-2.039	-3.015	-1.22	-1.575	-1.453	-1.198	-1.871	-1.996	-1.431	-1.894	-0.03	0.112	0.263	0.045	-0.045	-0.067	0.107	-2.021	0.288	-0.533	-2.762	-3.867	-3.418	-2.353	-2.473	-0.081	-0.246	0.056	-0.337	-0.297	-0.01	0.19	0.212	-0.41
"YLR128W"	-0.465	1.3	0.731	1.153	0.919	1.032	0.761	-0.946	0.347	0.418	0.604	0.373	0.569	1.125	0.693	0.982	1.146	1.0	0.878	-0.038	0.926	0.903	-0.055	-0.016	0.488	0.7	0.637	0.956	0.726	0.611	0.391	-0.773	-0.432	-0.069	-0.22	-0.309	-0.48	0.336	0.401	0.152	0.278	0.111	0.222	0.429	0.577	0.036
"YLR142W"	2.29	3.095	4.015	5.049	5.05	5.354	5.307	6.188	5.754	5.646	4.467	4.387	4.716	4.418	4.268	4.522	5.09	3.893	5.129	4.349	0.863	3.052	0.363	-0.014	-0.292	-0.551	-1.119	-0.506	-0.588	3.391	-0.367	0.259	2.898	1.179	3.978	2.474	4.307	1.366	0.571	0.269	0.873	0.182	0.004	-0.135	0.129	1.242
"YLR164W"	0.762	4.52	3.048	3.554	4.168	5.283	4.605	4.582	2.529	2.965	3.134	3.068	3.756	1.295	1.643	1.874	1.017	2.092	3.006	2.089	2.262	2.066	0.1	0.389	0.179	0.175	0.446	0.106	-0.005	3.56	0.509	-0.381	2.314	2.636	3.124	1.587	3.638	-0.164	-0.326	-0.228	-0.362	-0.602	-0.35	-0.185	0.152	-0.364
"YLR186W"	-1.809	-4.787	-2.844	-2.506	-2.174	-2.293	-2.346	-4.298	-2.093	-3.036	-2.821	-2.007	2.878	-2.372	-1.577	-2.069	-1.671	-1.74	-2.678	-2.467	-1.447	-2.005	0.05	-0.2	-0.484	-0.264	-0.389	-0.487	-0.212	-2.09	-0.008	-0.013	-2.552	-4.173	-2.896	-1.936	-2.714	-0.686	-0.699	-0.698	-0.607	-0.286	-0.395	-0.346	-0.232	-0.746
"YLR192C"	-0.568	-2.241	-1.224	-1.761	-1.243	-1.651	-1.665	-2.456	-0.954	-1.134	-1.581	-1.867	-1.0	-1.685	-1.655	-2.008	-1.414	-1.566	-2.165	-2.147	-0.605	-0.88	-0.082	0.162	0.625	0.391	0.331	0.283	0.61	-1.922	0.238	0.619	-1.818	-1.495	-1.21	-0.488	-0.803	0.342	0.437	0.663	-0.054	0.143	0.018	0.375	0.194	0.143
"YLR325C"	-0.18	-4.528	-3.555	-3.974	-3.918	-2.681	-3.034	-2.337	-1.454	-3.178	-3.753	-2.76	-3.039	-4.948	-2.81	-2.802	-3.314	-1.609	-1.204	-2.637	-1.522	-2.221	0.292	0.188	-0.469	-0.569	-0.687	-0.714	-0.684	-2.253	0.133	0.26	-2.034	-2.866	-2.701	-2.834	-3.594	0.021	-0.441	-0.303	-0.254	-0.091	-0.084	0.159	0.238	-0.515
"YLR333C"	-0.552	-3.93	-3.067	-2.402	-2.401	-1.851	-2.342	-3.011	-1.82	-3.538	-3.334	-2.939	-2.483	-4.032	-1.898	-2.092	-2.057	-1.584	-2.45	-2.848	-0.819	-1.434	0.246	0.103	-0.065	-0.152	-0.225	-0.252	-0.119	-1.748	-0.009	-0.111	-2.673	-3.582	-2.843	-2.359	-1.826	-0.212	-0.184	-0.121	-0.2	-0.055	-0.016	0.067	0.267	-0.333
"YLR409C"	-1.308	-4.402	-2.709	-2.6	-1.8	-1.629	-2.222	-3.204	-1.551	-2.308	-2.578	-1.928	-2.361	-2.708	-1.92	-2.024	-2.286	-2.713	-3.315	-3.47	-2.021	-1.732	0.013	-0.394	-0.809	-0.869	-0.786	-0.854	-1.078	-1.502	-0.039	0.782	-1.648	-3.231	-1.992	-1.204	-1.981	-0.139	-0.249	-0.098	-0.401	-0.195	-0.38	-0.357	-0.447	-0.256
"YLR448W"	-1.54	-4.815	-3.882	-3.116	-3.083	-2.052	-2.688	-3.552	-1.842	-3.425	-3.454	-3.179	-2.573	-4.891	-2.352	-2.521	-2.621	-2.668	-3.192	-4.132	-1.837	-1.818	0.011	-0.108	-0.044	-0.503	-0.576	-0.653	-0.387	-2.337	0.264	0.615	-3.788	-4.791	-4.505	-3.161	-3.636	0.476	0.416	0.738	0.38	0.184	0.307	0.462	0.513	0.485
"YLR462W"	-0.988	1.528	1.368	1.055	1.123	1.317	1.509	1.031	0.498	0.62	0.438	0.717	0.952	0.773	0.839	0.937	0.974	1.87	1.45	1.705	-0.246	0.417	0.033	0.188	0.395	0.081	0.114	0.018	0.183	0.607	-0.166	-0.435	-0.144	-0.297	-0.045	-0.152	-0.166	0.205	0.403	0.284	-0.067	-0.008	-0.04	0.196	-0.052	0.062
"YML008C"	-0.748	-2.795	-2.419	-1.034	-0.545	-0.575	-2.236	-4.23	-0.993	-1.558	-1.093	-1.94	-1.09	-3.526	-0.601	-2.014	-3.366	-3.358	-5.162	-3.504	-0.576	-1.366	0.03	-0.059	-0.81	-0.648	-0.736	-0.595	-0.253	-1.469	-0.257	0.269	-2.808	-2.241	-2.487	-2.113	-3.059	0.234	0.359	0.587	-0.169	0.189	0.022	0.471	0.343	0.122
"YML024W"	NaN	-3.616	-3.535	-3.016	-2.718	-2.475	-3.285	-3.909	-1.809	-3.523	-3.666	-3.004	-3.408	-3.455	-2.442	-2.512	-2.583	-1.81	-2.221	-2.415	NaN	NaN	-0.183	-0.164	-0.409	-0.634	-0.519	-0.605	-0.914	-1.868	-0.23	0.11	-1.947	-2.891	-2.573	-1.907	-2.067	0.22	-0.26	-0.202	0.102	-0.028	0.151	0.381	-0.265	-0.297
"YML026C"	NaN	-3.811	-3.779	-3.236	-2.913	-2.934	-3.29	-4.268	-2.084	-3.779	-3.636	-3.131	-3.217	-3.572	-2.525	-2.873	-2.821	-2.898	-2.803	-2.821	NaN	NaN	-0.067	-0.088	-0.421	-0.596	-0.699	-0.584	-0.991	-1.928	-0.393	-0.006	-3.396	-4.595	-3.765	-2.94	-3.307	-0.327	-0.273	-0.164	-0.168	-0.189	-0.169	0.148	0.238	-0.642
"YML054C"	1.726	5.268	4.128	4.968	3.708	3.294	3.21	5.243	4.231	3.189	2.688	2.632	2.284	5.255	3.649	3.305	3.486	5.295	3.394	2.05	2.606	3.39	-0.106	0.27	0.229	-0.011	0.023	0.142	-0.196	1.562	0.372	-0.548	5.343	5.314	4.811	2.678	3.017	0.227	0.086	-0.35	0.057	-0.098	-0.166	0.125	-0.161	0.418
"YMR020W"	0.889	1.567	1.352	1.257	1.741	1.222	1.838	0.753	1.307	1.365	0.74	1.604	1.292	0.149	0.918	0.858	0.645	0.585	0.945	1.102	0.193	-0.121	0.309	0.105	0.461	0.666	0.801	0.798	0.567	0.76	-0.041	-0.275	1.003	1.214	0.966	0.301	1.415	0.595	-0.067	-0.012	0.57	0.232	-0.135	0.049	-0.103	0.754
"YMR033W"	NaN	-0.915	-1.816	-1.259	-1.084	-1.434	-1.22	-3.063	-0.535	-1.114	-1.054	-1.514	-1.984	-1.647	-1.273	-1.244	-1.469	-1.745	-1.826	-1.988	NaN	NaN	-0.266	-0.174	0.045	-0.027	-0.127	-0.27	-0.422	-1.013	-0.126	0.746	-1.833	-1.181	-1.453	-1.284	-1.188	-0.516	0.061	0.049	-0.353	-0.488	-0.434	-0.265	-0.307	-0.145
"YMR040W"	1.295	2.537	2.09	2.466	1.83	2.801	2.746	2.675	1.204	0.515	1.564	1.642	1.629	2.034	1.656	2.174	2.714	2.027	2.608	2.208	1.035	1.531	0.12	-0.115	0.267	0.094	0.046	0.05	0.042	1.405	0.091	-0.202	1.221	1.037	1.555	0.579	1.823	0.307	0.114	-0.121	-0.258	-0.15	-0.26	-0.241	-0.209	0.227
"YMR041C"	0.29	2.698	2.004	2.832	2.978	2.929	2.621	3.076	1.775	2.112	1.896	1.753	1.758	2.527	2.599	1.92	2.51	2.402	2.04	1.155	0.862	0.622	0.255	0.53	0.468	0.576	0.542	0.939	0.871	0.72	0.006	0.061	0.902	1.59	2.577	0.799	1.99	0.273	-0.049	0.272	0.107	0.161	-0.19	-0.062	0.016	0.144
"YMR081C"	2.051	5.134	4.866	4.127	4.854	4.825	5.524	6.678	6.135	5.55	5.535	4.182	4.914	5.537	4.601	3.765	5.056	4.13	4.987	4.226	2.582	2.79	0.305	0.159	-0.135	-0.114	-0.175	-0.229	-0.369	4.371	0.276	-0.163	5.714	5.379	4.766	3.029	3.912	-0.953	-1.118	-0.831	-0.886	-0.248	-0.427	-0.246	-0.171	-0.56
"YMR084W"	NaN	2.577	2.349	2.016	1.921	2.936	2.192	2.202	3.133	2.005	0.872	2.416	1.744	1.124	0.862	1.3	1.206	1.553	1.804	1.05	NaN	NaN	0.13	0.075	0.268	0.31	0.511	0.145	0.101	0.652	0.324	-0.435	0.25	0.985	1.072	-0.073	0.912	0.131	-0.116	-0.075	-0.315	-0.127	-0.133	0.059	-0.264	0.34
"YMR090W"	1.286	4.168	3.054	3.581	3.593	4.013	4.32	4.104	2.465	2.556	2.982	2.424	-1.5	4.083	3.384	3.555	4.32	3.506	3.008	1.949	2.57	1.642	2.016	0.356	0.665	1.3	1.463	0.799	1.209	2.826	0.404	0.16	3.663	3.446	3.111	2.718	3.037	1.351	0.763	0.278	1.583	0.965	0.38	0.223	0.363	1.473
"YMR097C"	-0.768	1.407	1.089	0.906	-0.107	1.436	0.092	0.551	1.343	0.925	1.092	1.061	0.759	1.229	0.396	0.806	0.856	1.376	2.502	2.185	1.465	1.104	0.04	-0.237	0.364	0.195	0.123	0.054	-0.029	1.29	-0.557	0.073	1.26	1.475	1.279	1.172	0.29	0.082	0.52	0.453	-0.303	-0.167	-0.043	-0.172	-0.107	0.131
"YMR107W"	2.418	4.775	5.066	5.686	5.593	6.861	4.338	6.497	5.83	6.054	6.663	6.747	6.04	2.492	3.069	2.589	3.698	4.755	5.373	4.702	2.46	2.797	-0.109	-0.077	-0.269	0.015	-0.408	-0.217	-0.36	4.765	0.212	-0.621	5.68	4.73	5.59	4.421	5.462	-1.008	-1.308	-0.994	-0.021	-0.575	-0.552	-0.311	-0.25	-0.867
"YMR110C"	0.978	3.925	3.346	3.746	3.565	3.434	2.517	3.724	2.734	2.473	2.516	2.338	1.885	4.042	3.217	2.995	3.422	3.777	2.927	1.682	2.401	2.339	-0.312	0.525	0.253	0.437	0.777	0.786	0.909	2.645	0.119	-0.332	4.096	3.64	3.462	2.896	2.522	0.198	0.142	0.071	0.045	0.034	0.33	0.448	0.302	0.236
"YMR174C"	NaN	2.678	2.6485	3.0455	3.699	3.6805	3.611	3.5505	2.5985	2.959	2.7335	3.0985	2.8305	1.236	1.8525	2.3295	1.8395	2.9795	3.0215	2.842	NaN	NaN	0.038	0.401	0.2135	0.269	0.3305	0.47	0.394	2.665	0.394	-0.3775	2.554	2.6685	3.2015	1.914	2.776	0.342	-0.122	0.0425	0.953	0.536	-0.0165	-0.238	-0.2965	0.617
"YMR175W"	NaN	5.2865	5.624	5.018	6.2215	5.866	5.4325	5.448	3.9905	5.2745	6.0905	6.604	6.4745	3.0655	3.638	4.378	4.597	6.0275	6.34	5.682	NaN	NaN	-0.156	-0.1195	-0.018	0.2885	-0.274	-0.0635	0.0245	3.661	0.1085	-0.298	5.1555	3.6655	5.6325	4.27	5.027	0.2045	-0.332	-0.0915	0.6865	0.1805	-0.159	-0.1235	-0.0775	-0.1975
"YMR181C"	1.064	3.744	3.384	3.752	3.55	3.817	4.43	4.005	2.929	2.831	2.607	2.761	2.933	3.306	2.566	2.301	3.282	2.567	2.312	0.831	1.799	2.042	0.033	0.402	-0.102	0.053	0.392	0.668	0.735	2.3685	-0.096	-0.447	2.144	2.304	2.183	1.517	3.497	0.867	0.436	0.144	1.769	1.27	0.842	0.293	0.596	1.247
"YMR206W"	0.725	5.096	5.169	3.275	4.362	3.877	2.807	3.162	3.54	4.576	4.842	3.871	3.132	2.814	1.753	2.511	2.652	3.484	3.712	3.871	1.871	2.575	0.28	0.072	-0.03	0.034	0.054	0.41	0.27	3.1365	0.188	-0.071	5.044	5.241	5.047	3.103	4.036	-0.192	-0.159	0.0	-0.623	-0.192	-0.126	-0.508	-0.141	-0.18
"YMR242C"	-0.508	-4.702	-3.631	-3.819	-3.001	-2.522	-3.032	-3.971	-2.004	-3.832	-4.338	-3.636	-3.62	-4.84	-2.479	-2.59	-3.004	-2.601	-3.133	-3.475	-1.396	-1.611	0.442	-0.063	-0.223	-0.194	-0.368	-0.45	-0.333	-2.4615	-0.298	0.63	-3.141	-4.607	-3.588	-2.771	-3.856	-0.183	-0.152	0.17	0.031	-0.222	-0.086	0.168	0.193	-0.084
"YMR271C"	1.149	4.289	2.99	3.521	3.307	4.093	3.803	3.495	1.89	2.448	3.12	2.856	2.191	3.829	2.495	3.065	3.758	3.825	3.1	1.606	1.755	1.852	0.151	0.525	0.204	0.558	0.637	0.851	0.908	2.576	0.317	-0.04	2.473	2.63	2.408	1.052	1.194	-1.096	-0.584	0.099	-0.563	0.162	0.035	0.113	-0.095	-0.094
"YMR280C"	0.799	3.7995	1.909	1.25	0.0175	1.2795	1.7495	3.61	1.4535	0.7335	0.997	1.4545	0.3395	1.352	1.042	1.179	0.8585	2.368	2.349	2.0645	0.464	0.789	-0.123	0.112	0.1955	0.1125	-0.176	0.1245	0.177	1.665	0.169	-0.213	2.925	2.529	2.4	1.678	2.871	0.171	-0.226	0.165	-0.335	0.073	0.187	0.011	-0.055	-0.015
"YMR308C"	-1.163	-1.769	-1.565	-1.814	-1.324	-1.165	-1.375	-3.091	-1.985	-1.731	-1.443	-0.193	-1.36	-2.386	-1.539	-2.014	-1.774	-2.239	-2.796	-2.451	-1.468	-1.562	0.006	-0.209	-0.02	-0.505	-0.485	-0.395	-0.537	-1.504	-0.05	0.328	-1.811	-2.061	-1.659	-1.58	-1.477	-0.617	-0.096	-0.473	-0.743	-0.121	-0.176	-0.314	-0.289	-0.425
"YNL067W"	-0.63	-4.019	-2.871	-2.193	-2.054	-1.807	-2.908	-2.84	-1.822	-2.866	-3.241	-2.399	-0.037	-4.131	-1.968	-2.506	-2.759	-1.884	-1.906	-2.76	-0.631	-1.956	0.53	0.112	-0.242	-0.21	-0.41	-0.505	-0.479	-1.5625	-0.166	0.398	-2.15	-3.107	-2.534	-2.013	-2.982	-0.156	-0.213	-0.291	-0.16	-0.145	0.011	0.02	0.13	-0.257
"YNL069C"	-0.986	-3.663	-3.006	-2.506	-1.993	-1.978	-2.285	-4.006	-1.785	-3.44	-3.85	-3.199	0.46	-4.269	-1.921	-2.199	-2.466	-2.107	-2.509	-3.665	-1.037	-2.297	0.164	0.077	-0.2	-0.376	-0.505	-0.373	-0.484	-2.137	0.296	0.389	-3.131	-3.741	-3.469	-3.02	-3.775	0.162	-0.009	0.124	-0.011	0.061	-0.12	0.323	0.261	-0.036
"YNL096C"	-1.035	-4.113	-3.765	-3.642	-3.235	-2.81	-3.616	-4.038	-2.087	-3.331	-3.045	-2.761	-3.165	-4.716	-2.906	-2.776	-3.041	-3.644	-4.096	-4.68	-2.14	-2.19	-0.057	0.063	-0.43	-0.409	-0.607	-0.73	0.341	-2.8625	0.035	0.093	-2.764	-3.087	-3.372	-2.098	-2.779	0.089	0.123	0.253	0.182	-0.065	0.265	0.245	0.368	0.047
"YNL125C"	0.054	2.592	2.926	2.743	3.033	2.278	2.574	3.359	0.71	1.542	1.266	1.196	1.209	1.843	1.489	1.44	2.192	2.609	2.753	1.969	0.763	1.359	0.106	0.288	0.57	0.078	0.186	0.148	-0.122	1.689	0.439	-0.499	1.42	1.762	1.927	1.144	2.759	-0.409	-0.15	0.126	-0.192	-0.026	0.155	0.498	0.101	-0.292
"YNL132W"	-1.941	-5.826	-3.389	-2.815	-3.25	-2.572	-3.653	-4.956	-2.3	-3.285	-3.141	-2.521	-2.512	-4.353	-2.313	-2.799	-2.936	-3.396	-4.377	-4.049	-1.976	-1.988	-0.079	0.034	-1.488	-1.185	-1.068	-1.121	-1.335	-1.281	-0.384	0.482	-2.948	-3.989	-2.673	-2.3	-1.776	-0.608	-0.336	-0.28	-0.432	-0.01	-0.152	-0.272	-0.459	-0.711
"YNL162W"	-0.581	-3.953	-3.395	-3.14	-2.838	-2.175	-2.163	-2.858	-1.564	-2.86	-2.872	-2.421	-2.763	-3.999	-2.089	-2.0	-2.0	-1.742	-2.487	-3.468	-0.845	-1.624	-0.03	-0.294	-0.337	-0.431	-0.675	-0.814	-0.734	-1.852	0.007	0.476	-2.701	-3.916	-3.323	-2.825	-3.105	-0.532	-0.595	-0.359	-0.462	-0.532	-0.538	0.022	0.063	-0.75
"YNL178W"	-0.224	-4.244	-3.755	-3.785	-3.505	-1.857	-3.159	-4.338	-0.279	-3.239	-3.307	-3.272	-3.183	-4.97	-2.608	-2.899	-2.981	-2.958	-3.483	-3.871	-0.772	-1.754	0.438	-0.352	-0.484	-0.549	-0.62	-0.629	-0.836	-2.479	0.006	0.153	-2.059	-2.548	-2.616	-2.364	-2.764	-0.011	-0.277	-0.087	-0.139	-0.126	0.021	0.244	-0.267	-0.002
"YNL194C"	1.873	5.233	3.747	3.657	4.22	4.536	1.713	2.735	4.334	3.832	4.294	4.149	3.902	2.091	1.95	3.047	2.686	3.657	4.385	4.243	4.147	3.796	0.057	0.101	0.066	0.253	0.052	0.425	0.504	3.6835	0.331	0.283	4.173	4.692	4.34	3.634	3.692	-1.69	-2.688	-0.367	-0.195	-0.749	-0.607	-0.415	-0.511	0.143
"YNL195C"	1.02	4.925	4.482	3.332	4.392	5.139	4.666	3.76	4.075	4.163	4.35	4.4	3.919	2.415	1.597	2.41	2.372	4.098	4.489	4.216	0.859	2.791	-0.145	0.013	0.022	0.052	0.427	0.498	0.545	4.8645	0.235	-0.206	5.316	4.625	5.372	4.191	4.489	0.31	-1.069	-0.215	0.591	0.137	0.494	-0.006	-0.414	0.235
"YNL223W"	1.184	2.732	2.157	2.221	2.465	2.269	2.643	2.323	1.626	1.524	1.265	1.291	1.189	2.324	1.642	1.911	2.195	1.917	2.141	1.362	0.966	1.181	-0.006	0.173	0.624	0.628	0.589	0.541	0.229	1.2815	-0.57	-0.227	0.667	1.485	1.367	0.151	1.156	0.01	0.012	-0.954	-0.118	0.084	0.23	-1.227	0.226	0.836
"YNL247W"	-1.549	-2.799	-1.535	-1.024	-1.064	-1.822	-1.928	-3.191	-1.645	-2.34	-2.065	-2.13	-2.019	-2.936	-1.062	-1.899	-2.277	-2.658	-3.388	-2.515	-1.492	-1.791	-0.061	-0.388	-0.599	-0.409	-0.598	-0.655	-0.612	-1.655	-0.297	0.187	-2.246	-2.994	-2.147	-1.583	-1.551	0.033	0.329	0.007	-0.248	0.064	0.209	-0.034	0.088	0.187
"YNL301C"	-0.618	-2.992	-2.551	-2.514	-2.036	-1.241	-3.266	-5.123	-1.275	-2.943	-3.585	-3.098	-2.59	-3.466	-1.992	-2.799	-2.781	-2.652	-2.985	-3.448	-1.872	-2.08	0.135	-0.277	-0.501	-0.582	-0.554	-0.465	-0.852	-2.232	0.188	0.141	-3.163	-4.02	-3.032	-2.764	-3.161	-0.33	-0.221	0.014	-0.145	-0.191	-0.066	0.235	0.265	-0.164
"YNL302C"	-0.303	-2.266	-2.265	-1.899	-2.1795	-1.762	-1.752	-2.1925	-1.0385	-2.3395	-2.4085	-1.6685	-1.9135	-2.3425	-1.4435	-1.1785	-1.181	-1.1605	-1.0695	-1.549	-1.122	-1.868	0.081	-0.16	-0.016	-0.181	-0.3965	-0.5655	-0.429	-2.291	-0.017	0.29	-3.25	-3.631	-3.426	-2.699	-2.943	-0.057	0.028	-0.005	0.071	-0.047	0.047	0.066	0.342	-0.113
"YNL313C"	-1.416	-4.999	-2.695	-2.073	-2.007	-1.538	-2.126	-3.628	-2.432	-3.129	-2.948	-1.668	-1.914	-2.839	-1.544	-1.333	-1.551	-2.01	-2.343	-2.518	-1.598	-1.687	0.106	-0.24	-0.631	-0.508	-0.452	-0.348	-0.547	-1.051	0.304	0.525	-1.835	-3.85	-2.129	-1.672	-1.421	-0.872	-0.318	-0.408	-0.592	-0.53	-0.335	-0.507	-0.554	-0.67
"YOL044W"	0.475	1.045	0.306	0.234	0.755	1.867	1.103	2.251	2.0485	0.8825	1.101	1.059	1.9285	0.984	0.715	0.655	1.375	1.077	1.015	1.077	0.729	0.716	-0.231	-0.142	0.209	0.294	0.328	0.312	0.278	1.153	-0.034	-0.557	1.478	0.415	1.091	0.098	-0.098	-0.336	-0.511	-0.41	-0.304	-0.425	-0.293	-0.099	-0.262	-0.47
"YOL121C"	-0.754	-1.946	-2.3835	-2.652	-1.5685	1.1705	-0.516	-3.476	-2.127	-1.922	-1.2305	-1.7075	-2.994	-4.227	-2.02	-1.993	-2.307	-2.469	-2.67	-3.83	-1.429	-1.826	0.285	-0.199	-0.281	-0.196	-0.441	-0.518	-0.657	-2.133	0.023	0.702	-2.653	-3.465	-2.982	-2.546	-2.879	0.081	-0.134	-0.173	0.088	-0.068	-0.089	0.383	0.218	-0.153
"YOL138C"	0.114	-0.329	-0.4875	-0.5525	-0.632	2.293	0.907	-1.313	-0.5825	-0.606	0.524	-0.557	-0.696	0.547	0.298	0.349	0.62	0.38	-0.313	-0.445	0.704	0.985	-0.059	-0.007	0.145	0.103	-0.019	0.197	0.13	0.822	-0.087	-0.129	0.327	-0.015	0.408	0.146	0.024	0.001	0.286	-0.236	-0.315	-0.007	-0.116	-0.196	-0.311	-0.015
"YOR011W"	-0.307	1.0045	-0.266	-1.132	0.046	-0.424	0.254	1.177	-2.088	-0.912	-1.337	-0.806	-0.154	-0.477	-0.925	-0.648	-0.905	-1.038	-1.276	-1.212	0.088	0.338	-0.081	-0.256	0.021	0.175	-0.203	0.1	0.178	0.109	0.043	0.348	-1.08	-1.91	-1.055	-0.892	-0.826	-1.027	-0.851	0.147	-0.437	-0.312	-0.642	-0.3	0.115	-0.486
"YOR152C"	0.622	3.13	2.73	2.6355	2.7555	2.9555	3.1825	3.475	1.069	1.5555	1.336	1.4745	1.5545	3.121	2.083	1.874	1.565	2.547	2.341	1.885	0.836	1.437	0.01	0.529	0.27	0.181	0.409	0.609	0.171	1.61	-0.523	-0.611	1.481	1.012	1.643	0.677	1.495	0.901	0.572	0.317	0.548	0.131	-0.058	0.137	0.204	1.028
"YOR162C"	-0.419	1.0145	0.9035	1.603	1.1495	1.407	1.614	0.3205	1.0845	0.878	1.0955	0.9995	0.715	0.662	0.75	0.679	1.31	1.203	1.224	0.993	0.146	0.014	0.344	0.112	0.392	0.3	0.214	0.432	0.227	0.866	0.212	0.173	0.452	0.384	0.457	0.007	0.421	0.184	-0.083	-0.924	-0.155	-0.164	-0.012	0.054	0.411	0.235
"YOR206W"	-0.747	-5.827	-2.568	-2.0395	-1.991	-2.0975	-2.174	-3.681	-1.049	-3.1625	-1.9445	-2.2495	-1.9925	-3.888	-2.026	-2.451	-2.637	-3.151	-3.692	-3.694	-1.092	-1.55	-0.2	-0.797	-1.225	-1.25	-1.25	-1.17	-1.234	-1.792	0.512	1.099	-2.539	-4.817	-2.585	-1.507	-2.379	-0.509	-0.047	-0.396	-0.224	-0.221	-0.285	-0.273	-0.393	-0.516
"YOR215C"	1.791	3.394	2.4755	3.208	2.6435	3.4105	3.054	3.035	2.579	2.4185	2.5175	1.95	2.273	2.731	2.998	3.231	3.475	3.205	2.693	1.79	3.984	3.319	0.037	0.045	-0.047	-0.087	-0.037	-0.131	-0.026	3.123	-0.223	-0.667	2.41	2.944	2.872	1.708	2.688	-0.331	-0.167	0.174	-0.015	-0.295	-0.201	-0.149	0.012	-0.365
"YOR220W"	2.546	3.7725	2.959	2.657	2.843	2.673	3.276	4.0665	3.0705	3.113	2.4945	2.2515	2.808	3.838	3.019	2.692	2.751	3.747	4.082	3.593	2.358	2.028	-0.504	1.048	0.834	0.523	0.582	0.75	0.593	1.74	-0.559	-0.69	2.91	2.732	3.108	2.117	2.411	1.459	0.331	0.154	1.384	0.218	0.109	-0.014	0.015	1.726
"YOR234C"	-0.896	-4.006	-3.3605	-2.805	-2.6575	-2.058	-1.908	-2.8745	-1.9865	-2.7115	-2.657	-2.407	-2.3945	-3.657	-1.912	-1.717	-1.324	-0.593	-0.648	-2.139	-1.669	-1.916	0.151	-0.187	-0.583	-0.509	-0.752	-0.658	-0.829	-1.288	0.168	0.486	-2.922	-4.032	-3.302	-2.445	-3.127	-0.595	-0.571	-0.425	-0.637	-0.526	-0.376	-0.251	-0.223	-0.572
"YOR245C"	0.958	1.8945	1.6625	1.65	1.202	1.82	1.1425	2.6965	0.6285	0.756	0.93	0.9265	0.359	2.229	1.574	1.551	2.141	2.495	2.346	2.372	1.111	1.528	-0.018	0.388	-0.074	0.08	-0.09	0.296	0.086	1.273	-0.231	-0.359	0.51	0.68	0.732	0.732	1.199	0.045	-0.037	0.032	-0.249	0.128	0.095	0.071	0.066	0.167
"YOR293W"	-0.637	-4.155	-3.7615	-3.19	-2.996	-2.4345	-2.697	-2.7875	-2.2545	-3.442	-3.1085	-3.0195	-2.64	-4.233	-2.537	-2.533	-2.507	-1.856	-2.041	-3.118	-1.359	-1.537	-0.036	-0.214	-0.637	-0.634	-0.696	-0.838	-0.791	-1.85	-0.543	0.168	-3.262	-3.853	-3.23	-2.89	-3.271	-0.446	-0.466	-0.132	-0.499	-0.339	-0.265	-0.279	-0.135	-0.548
"YOR312C"	-0.884	-3.8645	-3.381	-2.919	-2.263	-2.227	-2.2895	-3.3005	-2.054	-2.99	-3.177	-3.0	-2.5975	-4.638	-2.15	-2.511	-2.402	-2.039	-1.569	-3.224	-1.537	-2.235	0.298	-0.056	-0.188	-0.394	-0.442	-0.573	-0.585	-1.883	-0.309	0.546	-3.433	-4.531	-3.454	-2.689	-2.886	-0.271	-0.366	-0.045	-0.38	-0.34	-0.355	-0.341	-0.045	-0.246
"YOR369C"	0.163	-3.6225	-4.255	-3.641	-2.7865	-2.805	-3.7395	-3.724	-0.692	-3.0405	-3.6415	-3.752	-3.809	-3.998	-2.456	-2.858	-2.986	-2.456	-2.662	-3.502	-0.582	-1.649	0.217	-0.511	-0.386	-0.509	-0.502	-0.619	-0.671	-2.309	-0.365	0.534	-2.395	-3.032	-3.003	-2.641	-3.203	0.003	-0.586	-0.466	-0.216	-0.187	-0.056	0.145	-0.094	-0.247
"YOR382W"	2.033	0.9895	2.8505	3.676	2.395	1.25	2.6685	3.4715	2.3445	2.3415	1.52	1.863	1.7135	4.299	3.668	3.02	3.594	4.28	3.568	2.151	1.004	0.508	0.174	0.162	2.03	2.213	2.722	2.199	2.918	0.827	0.315	-0.511	0.811	1.129	1.315	1.574	2.6	0.278	0.294	0.902	0.892	0.989	1.229	1.354	1.604	-0.025
"YOR389W"	-0.373	0.7005	1.365	1.0055	-0.0535	0.706	0.7365	0.609	0.635	-0.273	-0.079	0.491	0.301	1.411	0.399	1.07	0.666	1.574	1.339	1.442	1.252	1.381	-0.061	-0.006	0.038	0.141	-0.015	0.439	0.455	0.922	-0.054	0.175	0.457	0.321	0.582	0.022	0.9	0.169	-0.062	-0.568	-0.043	-0.114	-0.005	0.002	-0.275	0.223
"YPL050C"	-0.674	-1.673	-1.242	-0.8915	-1.0575	-1.3725	-1.293	-2.2165	-1.865	-1.6985	-1.5115	-1.9345	4.011	-1.498	-1.232	-1.195	-1.188	-1.143	-1.8	-1.614	-0.358	-0.65	-0.158	-0.381	-0.283	-0.181	-0.618	-0.54	-0.672	-0.945	-0.06	0.309	-1.635	-2.003	-1.757	-1.195	-1.724	-0.408	-0.177	-0.268	-0.464	-0.321	-0.188	-0.112	-0.07	-0.238
"YPL054W"	0.402	3.8355	5.1395	4.8575	4.304	5.5145	5.759	5.7125	4.7285	4.3245	5.1485	4.589	0.651	5.006	4.065	4.256	4.91	5.184	5.018	3.449	0.839	2.322	0.201	0.626	0.237	0.116	0.179	1.044	0.039	4.457	-0.182	-0.811	3.262	2.927	3.741	3.176	4.439	0.057	0.127	-0.059	0.286	0.2	-0.15	0.397	0.452	0.684
"YPL057C"	1.42	2.419	1.9525	2.5335	2.288	2.0105	2.2905	2.9095	2.3175	2.1055	1.4065	1.4615	0.881	2.485	2.381	2.323	1.854	3.195	2.604	2.503	0.766	1.395	0.316	1.1	0.086	-0.259	-0.625	-0.369	-0.269	2.298	-0.081	0.077	1.494	1.57	2.012	1.008	0.863	0.466	-0.696	0.006	0.513	-0.574	-0.146	0.264	0.139	0.579
"YPL069C"	-0.461	-0.2485	-0.7065	-0.7635	-0.8855	-0.6415	-1.1035	-1.4025	-0.376	-0.664	-1.0035	-0.7795	-1.763	-0.714	-1.131	-0.585	-0.743	-1.401	-1.208	-2.032	0.025	-0.379	-0.275	-0.063	0.098	0.28	-0.165	0.146	0.089	-1.72	-0.24	0.26	-1.096	-0.523	-0.524	-0.626	-0.751	-0.425	-0.247	-0.347	-0.221	-0.4	-0.339	-0.35	-0.284	-0.502
"YPL079W"	-1.218	-4.616	-4.1965	-3.787	-3.3525	-2.3565	-2.6495	-3.892	-1.7255	-3.085	-3.172	-3.0255	-3.112	-4.735	-2.781	-2.741	-3.087	-3.015	-3.498	-4.547	-1.078	-1.496	0.031	-0.257	-0.207	-0.207	-0.491	-0.759	-0.605	-1.673	-0.224	-0.129	-2.753	-3.573	-3.431	-2.725	-2.785	-0.249	-0.157	0.041	-0.302	-0.249	-0.32	0.042	0.251	-0.372
"YPL081W"	-1.094	-4.5065	-3.3595	-3.199	-3.083	-2.508	-3.086	-3.4025	-1.7785	-2.5355	-2.916	-2.428	-2.3315	-4.022	-2.461	-2.849	-2.929	-2.789	-2.909	-3.725	-1.483	-1.813	0.099	-0.323	-0.043	-0.086	-0.466	-0.667	-0.496	-1.844	-0.142	0.112	-2.359	-3.939	-2.717	-2.656	-3.157	-0.207	-0.281	0.244	-0.182	-0.328	-0.132	-0.001	0.17	-0.342
"YPL090C"	-0.838	-3.9615	-3.256	-2.7785	-2.4215	-2.57	-2.203	-4.364	-1.463	-3.398	-3.223	-3.3795	-3.2385	-5.307	-2.412	-2.833	-2.954	-3.292	-3.309	-4.719	-1.221	-1.174	-0.045	-0.082	-0.548	-0.668	-0.653	-0.734	-0.756	-2.061	-0.147	0.206	-3.265	-4.101	-3.571	-2.951	-2.658	-0.132	0.049	0.268	-0.08	-0.027	-0.193	0.173	0.196	0.054
"YPL126W"	-1.212	-4.3895	-2.102	-1.398	-2.0145	-1.832	-1.9955	-4.339	-1.7245	-2.192	-2.619	-1.835	-2.35	-3.301	-2.411	-2.497	-2.642	-3.408	-3.201	-4.126	-1.456	-1.769	-0.196	-0.507	-1.175	-0.919	-0.896	-0.983	-0.964	-1.514	-0.241	0.632	-3.644	-4.666	-2.937	-1.94	-1.561	-1.312	-0.318	-0.504	-0.455	-0.331	-0.195	-0.388	-0.326	-0.568
"YPL142C"	-1.098	-3.1395	-2.973	-2.7515	-2.2525	-1.78	-1.891	-3.5865	-2.088	-2.825	-3.3035	-2.8235	-2.16	-4.155	-2.082	-2.303	-2.376	-2.148	-2.632	-2.979	-1.553	-1.909	0.2	-0.128	-0.111	-0.392	-0.385	-0.394	-0.415	-2.011	-0.398	0.371	-3.021	-3.677	-3.278	-2.971	-3.35	0.086	-0.022	0.093	0.009	-0.021	-0.032	0.199	0.091	-0.317
"YPL143W"	-0.946	-4.4445	-3.3605	-3.232	-3.2955	-2.5465	-2.7845	-3.35	-2.2805	-3.0685	-3.1305	-2.7815	-2.7985	-4.372	-2.232	-2.155	-2.195	-1.391	-1.972	-2.941	-1.466	-0.909	0.005	-0.185	-0.469	-0.404	-0.708	-0.51	-0.619	-2.07	-0.31	0.989	-2.234	-3.13	-2.792	-2.506	-2.952	0.0	-0.191	-0.04	-0.182	-0.166	-0.241	0.223	-0.086	-0.273
"YPL186C"	1.889	4.53	4.047	3.681	4.3765	4.288	4.8665	3.9855	3.224	3.634	2.8435	3.066	2.4625	1.511	1.76	2.76	2.023	2.83	3.48	3.115	1.967	2.117	0.206	0.112	0.683	-0.028	0.928	0.347	0.577	3.577	-0.334	-0.823	3.716	3.997	3.587	1.863	4.312	-0.111	-0.505	0.171	0.618	0.213	0.358	-0.101	0.267	0.072
"YPL198W"	-0.738	-4.269	-3.194	-2.836	-2.46	-2.218	-2.395	-4.3605	-1.632	-3.4825	-3.3185	-3.022	-2.766	-3.875	-2.024	-2.227	-2.449	-2.487	NaN	-3.133	-1.761	-1.912	-0.237	-0.16	-0.443	-0.539	-0.628	-0.643	-0.763	-1.633	-0.373	0.401	-3.528	-3.4955	-4.5575	-2.68	-3.5	0.043	0.31	0.594	0.1925	0.037	0.165	0.4225	0.468	0.213
"YPL212C"	-1.259	-3.33233333333333	-2.51233333333333	-2.52533333333333	-1.83233333333333	-2.36566666666667	-1.71933333333333	-2.28766666666667	-2.44266666666667	-1.874	-2.052	-1.01433333333333	-1.20866666666667	-2.621	-2.0305	-2.322	-2.2515	-1.386	-2.134	-0.999	-0.75	-0.691	-0.0425	0.0235	0.143	-0.037	-0.1	-0.119	-0.2245	-1.3225	0.338	0.389	-2.278	-3.1355	-2.7785	-1.994	-2.14	-0.2725	-0.0885	-0.1115	-0.102	-0.137	-0.078	-0.2225	-0.1855	-0.204
"YPL237W"	-0.205	-2.6285	-1.9335	-2.0395	-2.3465	-2.029	-2.27	-2.875	-1.3595	-1.791	-1.39	-1.8945	-2.2035	-2.288	-1.665	-1.817	-1.927	-2.006	-2.44	-3.024	-0.109	-0.517	0.071	-0.002	-0.294	-0.176	-0.36	-0.268	-0.388	-1.537	-0.164	0.577	-1.966	-1.535	-1.455	-1.555	-1.695	-0.302	-0.049	0.156	-0.132	-0.187	-0.32	-0.107	-0.291	-0.369
"YPL273W"	-1.333	-3.42133333333333	-2.60833333333333	-2.705	-2.59566666666667	-2.792	-2.96466666666667	-3.722	-2.034	-2.94366666666667	-2.86466666666667	-2.69266666666667	-2.72566666666667	-2.8035	-2.088	-2.4545	-3.2755	-2.794	-3.21	-3.3575	-1.092	-1.306	0.0235	0.0565	0.484	0.5855	0.14	-0.1535	-0.3465	-2.628	0.023	0.586	-1.961	-3.012	-2.524	-2.277	-3.204	-0.37	-0.582	-0.334	-0.419	-0.316	-0.166	0.007	-0.53	-0.529
"YPL277C"	-0.319	0.6355	1.197	1.142	1.372	0.8745	0.9815	0.5515	0.1905	-0.075	0.349	0.678	0.2725	1.15	0.447	0.9	0.579	1.79	1.236	1.616	0.389	0.753	-0.523	0.171	0.113	0.149	0.285	0.497	0.404	0.266	0.169	-0.254	0.293	0.568	0.737	0.204	1.209	0.049	-0.036	-0.165	0.249	-0.064	-0.16	0.148	-0.168	0.542
"YPL278C"	-0.276	1.1095	1.545	0.834	1.1395	1.3945	1.019	0.362	0.2265	0.3565	-0.004	1.2145	0.822	0.834	0.843	0.807	0.621	1.124	1.273	1.324	-0.02	0.218	-0.142	0.04	0.165	0.057	0.26	0.344	0.344	0.549	-0.326	0.063	1.08	-0.062	0.784	0.605	0.623	0.202	-0.109	-0.257	0.117	-0.234	-0.123	-0.067	-0.202	0.246
"YPR026W"	-0.134	3.8095	3.0925	3.4835	3.5355	3.8265	3.212	4.272	2.0895	1.8575	1.9465	1.637	1.72	3.247	3.097	3.589	3.048	3.736	3.344	3.193	0.742	1.976	-0.175	0.015	0.832	0.601	0.268	0.301	0.452	1.986	-0.039	-0.662	1.758	1.9425	1.644	1.3235	2.2575	-1.1225	-0.1365	-0.247	-0.8235	-0.203	-0.245	-0.318	-0.1145	-0.1165
"YPR030W"	1.791	3.65966666666667	3.562	2.04466666666667	3.516	3.01833333333333	2.697	1.874	3.25733333333333	2.734	2.547	2.93833333333333	2.85566666666667	2.7965	2.7475	3.1415	2.585	2.9405	2.8075	2.6525	1.301	2.367	0.0245	-0.005	-0.1	-0.206	-0.197	-0.0945	-0.0615	3.653	0.27	-0.466	3.26	3.982	3.31	2.376	3.197	-0.335	-0.436	-1.778	0.097	-0.364	-0.475	-0.134	0.206	-0.12
"YPR060C"	-1.062	-3.5465	-3.094	-2.8645	-3.075	-3.446	-3.377	-2.069	-1.514	-1.7345	-1.7935	-1.8045	-2.859	-2.71	-2.301	-1.98	-2.627	-2.107	-3.352	-2.894	-0.903	-0.362	-0.092	-0.042	-0.006	-0.159	-0.338	-0.446	-0.258	-2.467	-0.329	0.228	-1.945	-2.784	-2.741	-2.38	-2.719	-0.793	-0.19	-0.257	-0.531	-0.534	-0.283	-0.528	-0.491	-0.637
"YPR074C"	-1.965	-3.2435	-2.5595	-2.0485	-2.134	-3.2975	-2.2945	-5.337	-1.4365	-3.374	-2.2005	-3.7185	-4.2955	-3.649	-1.5	-2.351	-3.162	-3.369	-3.61	-3.663	-1.242	-1.261	-0.227	-0.28	-0.378	-0.611	-0.634	-0.647	-0.704	-3.132	0.016	0.24	-3.729	-2.351	-3.123	-1.997	-3.18	-0.276	0.05	0.173	-0.192	0.089	0.134	0.024	-0.167	-0.011
"YPR102C"	-0.265	-3.521	-3.2315	-3.2945	-3.3515	-2.7315	-2.6455	-4.045	-1.4375	-3.5055	-4.118	-3.673	-3.277	-4.644	-2.495	-2.723	-3.232	-3.352	-3.749	-4.692	-1.231	-1.781	0.219	0.033	-0.34	-0.291	-0.417	-0.81	-0.675	-2.384	-0.022	0.627	-2.614	-4.015	-3.517	-2.547	-3.247	-0.344	0.058	-0.1	-0.207	-0.124	-0.015	-0.003	0.262	-0.279
"YPR129W"	0.21	-0.9005	-0.7765	-0.883	-0.8795	-1.3305	-1.0935	-1.8015	0.293	-0.2165	-0.4075	-1.057	-0.8035	-1.021	-0.966	-1.085	-1.288	-1.298	-2.61	-2.139	-0.017	-0.481	-0.391	-0.007	0.317	0.159	0.104	0.204	0.168	-0.88	0.44	-0.011	-0.44	-0.55	-0.673	-0.49	-1.509	0.234	0.368	0.272	-0.086	-0.036	-0.098	0.288	0.138	0.122
"YPR132W"	-0.911	-2.849	-3.586	-3.351	-1.806	-2.6445	-2.672	-3.1925	-1.4195	-2.5895	-3.048	-2.967	-2.8485	-3.788	-1.948	-2.214	-2.292	-1.968	-2.388	-3.151	-0.913	-1.6	0.125	0.058	-0.095	-0.261	-0.3	-0.618	-0.433	-2.217	-0.251	0.683	-2.466	-2.903	-2.829	-2.063	-2.893	-0.253	-0.305	-0.072	-0.301	-0.238	-0.145	-0.065	0.202	-0.554
"YPR187W"	-0.889	-2.5615	-1.8665	-1.5675	-1.8265	-1.511	-1.4365	-3.609	-2.045	-2.283	-2.232	-2.16	-1.962	-2.563	-1.827	-1.816	-2.016	-2.28	-2.584	-3.22	-0.565	-1.32	-0.039	-0.545	-0.756	-0.675	-0.779	-0.589	-0.794	-1.604	-0.26	0.392	-2.061	-2.896	-2.213	-1.752	-2.009	0.078	0.18	0.025	0.012	-0.003	0.029	0.147	-0.036	-0.002
