	"860.YPD_3_d_30C"	"861.YPD_5_d_30C"	"1016.YPD 5 d (25C)"	"1017.YPD 7 d (25C)"	"1018.YPD 13 d (25C)"	"42400.L2 CompR 12 hr 03 min Leucine Batch vs Chemostat Comparison"	"42401.L2 CompR 12 hr 59 min Leucine Batch vs Chemostat Comparison"	"42402.L2 CompR 24 hr 59 min Leucine Batch vs Chemostat Comparison"
"YAL036C"	-2.145	-3.743	-1.4315	-1.841	-2.0465	0.739	0.624	0.738
"YBL022C"	-1.108	-2.268	-0.543333333333333	-1.36966666666667	-2.08366666666667	1.013	1.206	1.012
"YBL027W"	-2.671	-5.577	-1.9795	-2.114	-3.148	0.926	1.102	0.925
"YBL039C"	-4.323	-7.004	-3.7495	-4.251	-3.5775	2.201	2.224	2.2
"YBL092W"	-2.896	-5.158	-1.726	-2.74	-2.8475	1.238	1.433	1.237
"YBR048W"	-3.0195	-5.0065	-2.849	-3.15166666666667	-3.929	0.99	1.256	0.989
"YBR082C"	-2.746	-3.456	-1.767	-2.379	-2.5995	0.64	0.386	0.639
"YBR106W"	-3.354	-5.052	-2.3225	-3.147	-3.2985	1.414	1.647	1.413
"YBR118W"	-2.846	-5.272	-1.7525	-2.167	-3.221	0.627	1.048	0.626
"YBR173C"	-0.291	-2.981	-0.8405	-0.902	-0.6055	0.554	0.575	0.553
"YBR191W"	-3.167	-5.241	-2.3795	-2.6255	-3.136	1.368	1.396	1.367
"YCR013C"	-3.099	-5.566	-1.827	-2.591	-3.6275	0.973	1.068	0.972
"YCR055C"	-3.878	-6.433	-2.2405	-3.105	-2.4225	1.29	1.52	1.289
"YDL015C"	-2.047	-4.309	-1.2485	-1.9455	-2.2355	0.468	0.726	0.467
"YDL029W"	-2.789	-4.215	-1.095	-1.471	-0.205	1.006	1.052	1.005
"YDL082W"	-3.326	-5.816	-2.186	-3.001	-3.589	0.776	0.751	0.775
"YDL191W"	-2.737	-5.192	-1.362	-1.942	-2.86	1.103	0.748	1.102
"YDR002W"	-2.756	-4.542	-1.672	-2.746	-2.987	0.872	1.042	0.871
"YDR023W"	-2.907	-5.745	-3.056	-3.357	-3.85	0.997	0.87	0.996
"YDR025W"	-3.393	-6.697	-2.503	-2.895	-3.518	1.125	1.423	1.124
"YDR064W"	-3.761	-5.03	-2.527	-2.531	-3.199	0.641	1.05	0.64
"YDR382W"	-2.459	-5.686	-2.565	-3.137	-3.471	-1.161	-1.491	-1.162
"YDR412W"	-1.49	-3.774	-1.56	-1.959	-1.977	-0.267	-0.578	-0.268
"YDR418W"	-3.074	-5.866	-2.866	-3.091	-4.066	1.273	1.259	1.272
"YDR427W"	-1.953	-4.214	-1.642	-1.996	-2.388	0.845	0.509	0.844
"YEL033W"	-1.182	-3.14	-0.678	-1.408	-1.97	0.728	1.284	0.727
"YEL034W"	-0.966	-3.471	-0.216	-0.969	-2.125	0.914	1.415	0.913
"YEL042W"	-3.201	-4.334	-1.896	-2.665	-3.071	1.394	1.527	1.393
"YEL054C"	-2.98	-7.056	-2.504	-3.005	-3.554	1.137	1.479	1.136
"YER012W"	-1.382	-4.764	-0.597	-1.387	0.19	0.585	0.642	0.584
"YER043C"	-4.78	-6.476	-3.31	-4.857	-4.918	2.088	2.478	2.087
"YER055C"	-2.242	-5.075	-1.279	-2.06	-2.707	0.113	0.66	0.112
"YER102W"	-3.64	-6.434	-2.579	-3.326	-3.859	1.792	2.192	1.791
"YER117W"	-2.832	-5.642	-2.312	-2.562	-2.976	0.671	1.634	0.67
"YER122C"	-1.428	-4.276	-1.324	-1.945	-2.168	0.23	0.727	0.229
"YER126C"	-2.608	-5.367	-1.575	-2.584	-2.842	0.799	0.91	0.798
"YER131W"	-3.664	-6.55	-2.105	-2.654	-3.304	1.137	0.979	1.136
"YFL022C"	-2.926	-4.867	-0.494	-1.794	-1.707	1.058	1.229	1.057
"YFR031BC"	-4.702	-7.029	-3.164	-3.863	-4.146	1.541	1.791	1.54
"YFR050C"	-0.476	-3.392	-0.709	-1.442	-1.442	0.759	0.767	0.758
"YFR052W"	-0.802	-3.955	-0.656	-0.993	-1.098	0.408	0.333	0.407
"YGL031C"	-3.683	-5.763	-2.92	-3.061	-3.473	1.434	1.668	1.433
"YGL040C"	-1.145	-3.214	0.117	0.248	0.057	1.424	1.364	1.423
"YGL049C"	-2.05	-4.12	-1.692	-1.763	-2.23	0.524	0.004	0.523
"YGL060W"	-1.098	-3.155	-1.433	-1.322	-1.742	-0.39	-0.492	-0.391
"YGL076C"	-3.976	-5.667	-2.836	-2.79	-3.782	1.352	1.414	1.351
"YGL077C"	-3.716	-3.533	-2.529	-2.903	-2.463	1.876	2.357	1.875
"YGL123W"	-4.004	-5.982	-2.388	-2.65	-3.558	1.768	2.135	1.767
"YGL135W"	-3.418	-5.687	-2.267	-2.874	-3.825	1.901	1.97	1.9
"YGL157W"	-3.578	-6.107	-2.488	-2.817	-3.666	-1.055	-1.105	-1.056
"YGL234W"	-2.485	-5.74	-0.957	-0.919	-1.198	2.869	3.18	2.868
"YGR014W"	-1.258	-3.299	-1.556	-1.446	-1.679	0.5305	1.047	0.5295
"YGR054W"	-1.724	-4.535	-2.051	-2.362	-2.163	1.033	1.041	1.032
"YGR084C"	-1.586	-3.069	-1.647	-1.704	-1.762	1.073	0.787	1.071
"YGR085C"	-3.406	-6.059	-3.306	-3.54	-4.179	1.099	1.115	1.098
"YGR117C"	-1.454	-2.599	-0.7	-1.404	-1.409	0.118	0.235	0.117
"YGR135W"	-1.553	-4.32	-1.689	-1.765	-1.935	0.816	0.797	0.815
"YGR173W"	-2.218	-3.699	-1.919	-1.996	-2.168	0.75	0.485	0.749
"YGR214W"	-3.03	-5.16	-0.955	-1.925	-3.246	1.504	1.725	1.503
"YHL030W"	-1.9605	-1.738	-1.606	-1.5635	-1.8035	1.5465	1.724	1.5455
"YHL033C"	-3.984	-6.65	-2.601	-2.923	-4.209	1.327	1.36	1.326
"YHR027C"	-0.6875	-2.319	-0.9195	-1.3025	-1.7235	1.221	1.094	1.22
"YHR068W"	-4.28	-6.532	-2.724	-3.669	-3.425	1.137	1.288	1.136
"YHR133C"	-1.885	-3.501	-1.64	-1.82	-2.45	0.486	0.34	0.485
"YHR190W"	-1.807	-3.849	-1.054	-1.59	-1.725	0.107	0.179	0.106
"YHR201C"	-1.811	-4.155	-1.103	-1.632	-2.134	0.249	0.105	0.248
"YHR203C"	-3.782	-5.944	-2.575	-3.081	-3.941	1.295	1.409	1.294
"YIL018W"	-3.492	-5.749	-2.661	-3.27	-3.914	1.737	2.013	1.736
"YIL021W"	-1.965	-3.289	-1.2	-1.693	-1.565	0.423	0.62	0.422
"YIL052C"	-2.895	-6.278	-2.162	-2.5	-3.158	1.146	1.13	1.145
"YIL133C"	-2.693	-5.79	-2.615	-3.007	-3.393	1.164	1.191	1.163
"YJL001W"	-1.217	-4.027	-1.137	-1.689	-1.304	1.09	0.931	1.089
"YJL002C"	-2.469	-4.487	-1.748	-2.556	-2.618	0.646	0.883	0.645
"YJL097W"	-2.596	-4.683	-1.461	-2.558	-2.276	0.8635	1.039	0.8625
"YJL138C"	-3.125	-5.625	-2.542	-2.785	-3.522	1.392	1.401	1.391
"YJL177W"	-3.255	-5.49	-1.768	-2.278	-2.905	1.112	1.471	1.111
"YJL188C"	-2.786	-4.633	-2.169	-2.54	-2.776	1.151	1.349	1.15
"YJL189W"	-2.901	-4.28	-1.577	-2.282	-2.837	1.188	1.408	1.187
"YJL191W"	-2.009	-3.556	-0.939	-1.399	-2.138	0.285	0.446	0.284
"YJR007W"	-3.21	-8.057	-2.909	-3.009	-3.616	0.569	0.757	0.568
"YJR016C"	-2.006	-5.079	-0.939	-1.747	-2.976	-0.116	0.088	-0.117
"YJR047C"	-1.06	-3.054	-0.66	-1.285	-2.504	0.878	1.729	0.877
"YKL056C"	-3.426	-5.119	-2.754	-3.265	-3.483	1.89	2.174	1.889
"YKL068W"	-1.98	-3.325	-1.121	-1.563	-1.621	-0.06	0.332	-0.061
"YKL135C"	-1.794	-3.285	-1.053	-1.318	-1.663	-0.343	-0.334	-0.344
"YKL145W"	-1.469	-3.898	-0.904	-1.615	-1.832	0.943	1.366	0.942
"YKL179C"	-1.527	-3.305	-0.951	-1.676	-1.88	-0.22	-0.158	-0.221
"YKL180W"	-2.561	-5.237	-2.059	-2.04	-2.857	1.086	1.261	1.085
"YKL190W"	-1.685	-3.414	-0.351	-0.594	-1.0	0.43	0.338	0.429
"YKR026C"	-2.863	-3.755	-1.858	-2.363	-2.231	0.915	0.911	0.914
"YKR028W"	-2.477	-4.381	-1.296	-1.963	-2.574	-0.068	0.257	-0.07
"YKR057W"	-2.2	-3.461	-1.161	-1.048	-2.496	1.358	1.501	1.357
"YLL011W"	-1.781	-4.961	-2.156	-2.442	-2.375	0.778	0.882	0.777
"YLL044W"	-3.79	-6.48	-2.724	-3.494	-3.967	1.125	1.296	1.123
"YLL045C"	-3.857	-6.618	-2.943	-3.021	-3.731	1.273	1.48	1.272
"YLR029C"	-3.615	-6.877	-2.242	-2.378	-2.987	0.589	1.114	0.588
"YLR066W"	-1.805	-4.153	-1.092	-1.743	-2.746	-0.231	0.002	-0.232
"YLR129W"	-2.877	-4.914	-2.714	-2.42	-3.068	0.451	0.873	0.45
"YLR185W"	-2.578	-5.928	-2.015	-2.479	-3.065	0.641	1.041	0.64
"YLR208W"	-1.968	-4.432	-1.898	-2.183	-2.499	0.544	0.573	0.543
"YLR293C"	-3.488	-6.281	-2.379	-3.03	-3.186	1.196	1.606	1.195
"YLR333C"	-3.011	-5.863	-1.584	-2.45	-2.848	1.154	1.602	1.153
"YLR340W"	-4.11	-6.819	-2.702	-3.206	-4.105	0.617	1.026	0.616
"YLR359W"	-2.567	-5.36	-1.039	-1.681	-1.828	2.419	2.778	2.418
"YLR432W"	-3.532	-5.65	-1.934	-2.482	-3.034	2.546	2.823	2.545
"YLR448W"	-3.552	-5.971	-2.668	-3.192	-4.132	0.724	1.152	0.723
"YML018C"	-2.284	-3.383	-1.452	-1.922	-2.274	1.009	1.25	1.008
"YML073C"	-3.862	-6.033	-2.401	-2.624	-3.718	0.84	0.91	0.839
"YML093W"	-2.962	-5.889	-2.547	-2.745	-3.262	0.189	1.337	0.188
"YMR049C"	-4.225	-9.471	-3.3	-3.396	-4.217	0.933	0.936	0.931
"YMR091C"	-1.458	-4.005	-1.396	-2.09	-2.24	0.37	0.898	0.369
"YMR149W"	-1.442	-3.396	-0.825	-1.112	-1.653	-0.076	0.24	-0.077
"YMR220W"	-1.869	-3.12	-1.468	-2.008	-1.728	-0.845	-0.838	-0.846
"YMR242C"	-3.971	-6.226	-2.601	-3.133	-3.475	1.376	1.593	1.375
"YMR290C"	-3.509	-5.217	-3.219	-3.665	-2.938	1.868	1.893	1.867
"YMR300C"	-3.133	-4.702	-1.803	-2.016	-1.571	1.9	2.243	1.899
"YNL002C"	-2.73	-3.468	-2.277	-2.592	-2.588	1.542	1.896	1.541
"YNL016W"	-1.2125	-3.2085	-1.256	-1.271	-1.9635	0.331	0.66	0.33
"YNL026W"	-1.792	-4.57	-1.742	-1.531	-1.966	0.498	0.5	0.497
"YNL084C"	-1.945	-3.396	-1.386	-1.735	-1.919	0.428	0.623	0.427
"YNL167C"	-1.892	-3.18	-0.561	-1.669	-1.67	-0.77	-0.332	-0.771
"YNL178W"	-4.338	-6.62	-2.958	-3.483	-3.871	1.301	1.455	1.318
"YNL313C"	-3.628	-5.714	-2.01	-2.343	-2.518	0.038	-0.513	0.037
"YOR007C"	-0.729	-3.123	-1.016	-2.096	-2.568	0.221	-0.384	0.2625
"YOR109W"	-2.42	-3.566	-1.1	-1.591	-1.813	-0.06	0.194	-0.062
"YOR117W"	-0.215	-4.538	-0.901	-2.138	-1.922	0.699	0.954	0.698
"YOR128C"	-0.2945	-5.225	-0.947	-0.804	-1.454	1.661	1.932	1.66
"YOR157C"	-1.899	-4.5095	-1.14	-2.012	-1.966	-0.139	0.233	-0.14
"YOR164C"	-2.555	-4.0095	-1.603	-1.956	-2.107	0.484	0.894	0.483
"YOR168W"	-1.984	-4.808	-2.348	-2.353	-2.604	1.35	1.451	1.349
"YOR209C"	-2.998	-6.004	-1.897	-2.681	-2.954	0.477	0.446	0.476
"YOR280C"	-1.883	-4.249	-1.197	-1.828	-1.95	-0.202	0.027	-0.203
"YOR321W"	-2.096	-3.7905	-1.374	-1.619	-2.487	0.703	0.845	0.702
"YOR323C"	-4.2845	-6.434	-2.742	-3.497	-3.428	-1.368	-1.361	-1.369
"YOR331C"	-1.513	-4.099	-0.706	-1.671	-2.079	0.03	0.291	0.029
"YOR360C"	-1.71566666666667	-3.43133333333333	-0.9355	-1.622	-1.719	-0.428	-0.235	-0.429
"YPL037C"	-3.9955	-5.417	-2.115	-3.222	-3.654	1.132	1.466	1.131
"YPL079W"	-3.892	-6.4765	-3.015	-3.498	-4.547	1.137	1.272	1.136
"YPL081W"	-3.4025	-6.801	-2.789	-2.909	-3.725	1.891	2.0	1.89
"YPL094C"	-3.0415	-5.3055	-2.024	-2.284	-2.741	0.359	0.462	0.358
"YPL198W"	-4.3605	-6.879	-2.487	NaN	-3.133	1.3255	1.527	1.3245
"YPL220W"	-3.187	-6.1465	-2.247	-2.571	-3.926	1.942	2.002	1.941
"YPL237W"	-2.875	-5.7585	-2.006	-2.44	-3.024	0.387	0.397	0.386
"YPR044C"	-2.87	-4.76433333333333	-1.2955	-1.702	-1.9615	1.142	1.333	1.141
"YPR080W"	-2.848	-5.6305	-1.689	-2.389	-3.139	0.706	1.02	0.705
"YPR108W"	-2.0125	-4.645	-2.383	-3.07	-2.669	0.657	0.734	0.656
"YPR125W"	-1.846	-4.04	-1.108	-1.757	-2.566	0.377	-0.032	0.376
