	"819.DY1457 (wild type) 3 mM vs. 61 nM zinc"	"825.DY (zap1) 3 mM vs. 61 nM zinc"	"854.YPD_6_h_30C"	"855.YPD_8_h_30C"	"860.YPD_3_d_30C"	"861.YPD_5_d_30C"	"942.starv_in_H2O_1_h_30C"	"943.starv_in_H2O_2_h_30C"	"1012.YPD 12 h (25C)"	"1015.YPD 3 d (25C)"	"1016.YPD 5 d (25C)"	"1017.YPD 7 d (25C)"	"1018.YPD 13 d (25C)"	"1139.DY1457 (wild type) 3 mM vs. 76 nM zinc"	"2966.WT vs Lpz8 null cells in high Cu-repeat"	"3020.WT vs lpz8 null cells in high Cu"	"4874.1M sorbitol - 90 min"	"14081.FY2(B) vs. FY2(A) 23.5 hours"	"27106.P1Comp 33 hr 5 min Phosphate Batch vs Chemostat Comparison"	"28857.P2Comp 25 hr 43 min Phosphate Batch vs Chemostat Comparison2"	"30773.Pomona/Brown Sir3x red"	"33774.DBY8778(wt)_stationary_phase_7hours"	"33775.DBY8778(wt)_stationary_phase_9hours"	"33779.delYPL230w_stationary_phase_5hours"	"33780.delYPL230w_stationary_phase_7hours"	"34348.wt_hypo_osmotic_shock_7min"	"34349.wt_hypo_osmotic_shock_16min"	"34353.delPPT1_hypo_osmotic_shock_7min"	"34354.delPPT1_hypo_osmotic_shock_15min"	"34879.S4Comp 10 hr 00 min Sulfate Batch vs Chemostat Comparison"	"34881.S4Comp 11 hr 00 min Sulfate Batch vs Chemostat Comparison (rescan)"	"34882.S4Comp 13 hr 05 min Sulfate Batch vs Chemostat Comparison"	"34883.S4Comp 14 hr 05 min Sulfate Batch vs Chemostat Comparison"	"34884.S4Comp 15 hr 05 min Sulfate Batch vs Chemostat Comparison"	"34885.S4Comp 34 hr 20 min Sulfate Batch vs Chemostat Comparison"
"YBL039C"	0.819	1.626	-3.74	-3.092	-4.323	-7.004	-2.736	-2.628	-4.7305	-3.9535	-3.7495	-4.251	-3.5775	1.4545	0.069	-0.146	-0.105	-0.343	-1.4385	-1.414	0.134	-1.635	-2.769	-3.951	-3.379	-0.19	-0.187	-0.005	-0.262	-3.056	-2.395	-2.487	-2.342	-2.441	-2.717
"YBL077W"	0.875	1.177	-3.41	-2.161	-3.136	-5.081	-2.763	-2.285	-2.792	-2.345	-2.816	-3.3595	-3.1945	1.2945	-0.052	-0.023	-0.0685	0.13	-0.8685	-0.876	0.115	-2.847	-2.93	-2.854	-2.752	0.24	-0.078	0.243	-0.164	-0.424	-1.603	-1.123	-1.089	-1.797	-1.275
"YBR034C"	0.248	0.452	-3.091	-2.072	-1.758	-3.523	-1.874	-2.144	-2.6345	-1.729	-2.833	-2.963	-1.668	-0.1215	-0.585	-0.848	-0.135	-0.345	-0.777	-0.213	0.11	-1.707	-1.247	-2.298	-1.596	-0.672	-0.682	-0.273	-0.623	-2.51	-1.482	-1.217	-1.719	-0.815	-0.789
"YBR079C"	1.626	2.06	-2.406	-1.379	-1.806	-4.79	-1.533	-1.664	-2.741	-2.5405	-1.965	-2.9905	-2.7575	1.5245	0.202	-0.108	-0.197	-0.654	-0.9045	-0.818	0.138	-1.842	-2.317	-2.215	-2.556	0.294	0.219	0.419	0.36	-1.424	-3.168	-1.779	-1.658	-1.33	-3.324
"YBR121C"	1.631	1.17	-2.66	-1.84	-4.037	-5.791	-2.317	-1.95	-3.2385	-3.155	-4.1355	-4.173	-4.5985	1.461	0.121	0.012	-0.015	-0.702	-1.0775	-1.119	0.12	-2.549	-2.264	-2.22	-1.806	0.3	0.247	0.258	0.329	-1.588	-1.799	-1.562	-1.674	-1.587	-1.532
"YCLX02C"	-0.047	0.722	-4.118	-2.592	-2.283	-2.85	-2.734	-1.938	-3.098	-2.411	-1.8265	-2.441	-2.4035	0.3275	-0.857	-0.727	-0.2975	-0.467	-0.227	-0.603	-0.008	-2.749	-2.605	-3.541	-2.722	-0.193	-0.135	-0.267	-0.267	-1.543	-1.513	-1.295	-1.265	-0.666	-1.105
"YCR034W"	1.683	1.206	-2.623	-1.309	-3.204	-4.331	-2.664	-2.639	-2.5505	-2.676	-3.0135	-3.2845	-3.3025	0.3615	-0.05	-0.274	0.1785	-0.199	-1.616	-0.419	0.06	-3.552	-2.544	-3.478	-3.226	-0.075	0.237	0.233	0.277	-1.819	-2.872	-2.486	-2.179	-2.013	-2.607
"YDL201W"	0.265	0.588	-3.282	-2.32	-1.537	-4.94	-2.29	-2.112	-2.178	-1.363	-1.295	-1.218	-1.732	1.066	-0.0685	-0.2605	-0.21	0.325	-0.297	0.451	0.097	-2.098	-1.705	-2.492	-1.838	-0.03	0.054	-0.048	-0.266	-1.346	-1.137	-0.58	-0.665	-0.601	-1.272
"YDR211W"	0.3	1.053	-2.225	-1.565	-1.706	-4.77	-2.051	-1.869	-2.022	-1.43	-2.119	-2.043	-3.034	0.66	0.102	-0.13	0.025	-0.0735	0.0925	0.0595	0.039	-1.084	-1.222	-1.631	-1.241	0.129	0.181	-0.042	0.013	-0.65	-1.159	-0.925	-0.946	-0.6	-1.142
"YDR385W"	1.278	1.93	-2.252	-1.858	-3.158	-5.463	-2.682	-2.3	-2.538	-1.529	-1.848	-2.214	-3.65	1.381	0.035	0.229	-0.068	-1.032	-0.718	-1.645	0.366	-2.699	-3.05	-1.626	-2.518	0.657	0.584	0.421	0.566	-2.449	-4.86	-2.743	-2.252	-2.203	-3.026
"YEL026W"	1.088	1.197	-3.603	-2.647	-3.458	-4.755	-3.518	-3.357	-3.331	-1.923	-2.288	-3.073	-0.452	0.631	-0.443	-0.247	0.095	-0.3145	-0.568	-1.148	0.0495	-3.877	-2.787	-3.527	-2.617	0.696	0.935	1.12	0.859	-3.472	-2.717	-2.164	-2.385	-2.46	-1.804
"YER056C"	-0.541	1.134	-2.451	-0.839	-2.346	-3.168	-1.347	-0.932	-2.233	-1.162	-1.712	-1.735	-2.211	-0.644	-0.196	-0.311	0.249	-0.223	-1.287	-0.676	0.437	-1.495	-1.114	-1.72	-1.282	-0.704	-0.798	-0.516	-0.373	-1.474	-2.255	-1.232	-1.397	-1.52	-1.82
"YER126C"	0.096	0.51	-4.455	-2.713	-2.608	-5.367	-2.355	-2.036	-2.303	-1.723	-1.575	-2.584	-2.842	-0.028	0.38	-0.145	0.309	-0.4965	-0.405	-0.8315	-0.476	-2.489	-2.31	-3.761	-2.961	0.022	0.14	0.249	0.107	-2.794	-2.341	-1.099	-1.453	-0.937	-1.518
"YGL171W"	0.918	0.809	-5.822	-2.949	-2.903	-4.649	-2.759	-2.384	-3.704	-1.978	-2.292	-3.082	-2.503	0.986	-0.231	-0.422	-0.194	-0.224	-0.1855	-0.526	-0.154	-2.646	-2.402	-3.848	-2.304	-0.223	-0.234	0.041	0.057	-2.165	-4.235	-1.015	-1.141	-0.63	-0.993
"YGR123C"	1.201	1.824	-4.447	-2.7	-3.794	-4.328	-2.878	-2.97	-2.118	-1.536	-1.42	-2.413	-2.243	1.186	-0.181	-0.189	0.106	0.145	-0.078	-1.004	0.2875	-2.403	-3.664	-3.836	-3.389	-0.24	0.033	0.358	0.044	-2.106	-0.921	-1.154	-1.186	-1.616	-0.84
"YGR229C"	0.092	0.816	-0.832	-0.57	-2.847	-4.256	-1.104	-1.1	-1.823	-1.658	-2.401	-2.58	-3.391	0.013	0.24	-0.088	0.061	0.045	0.241	-0.595	0.164	-0.391	-0.809	-0.089	-1.098	-0.181	-0.05	-0.315	-0.336	-0.877	-1.26	-0.978	-1.097	-1.625	-1.283
"YHR052W"	0.672	1.044	-4.199	-3.017	-2.598	-4.447	-2.565	-2.428	-3.435	-2.297	-2.182	-2.764	-1.203	0.404	0.07	-0.158	0.121	0.414	-0.22	-0.583	0.071	-1.892	-3.411	-3.47	-2.114	0.131	0.049	0.026	-0.135	-1.767	-1.133	-0.697	-0.762	-0.656	-0.653
"YHR216W"	0.542	1.299	-2.62	-2.056	-3.15	-4.943	-1.762	-2.914	-2.554	-2.767	-2.237	-2.621	-2.913	1.247	0.334	0.148	-0.005	-0.142	-0.846	-1.51	0.132	-2.109	-3.074	-3.001	-2.823	0.397	0.162	0.218	-0.086	-2.039	-2.437	-2.108	-2.493	-2.056	-2.291
"YJL125C"	1.0	1.231	-2.303	-1.93	-2.343	-4.009	-1.988	-1.388	-1.688	-0.974	-1.983	-1.697	-1.865	0.782	-0.158	-0.211	0.061	0.031	-0.018	0.484	-0.278	-1.15	-1.094	-1.31	-1.121	-0.412	-0.231	-0.423	-0.593	-1.779	-2.666	-1.232	-0.882	-1.107	-0.91
"YJL166W"	-0.984	-0.938	3.137	3.667	3.849	3.041	2.57	2.339	3.028	2.963	3.264	3.664	3.32	-0.518	0.059	0.081	0.28	-0.134	0.058	0.099	-0.263	4.107	3.65	2.806	3.428	-0.093	-0.073	-0.1	-0.308	-2.127	-2.21	-0.947	-0.602	-0.402	-0.774
"YJR002W"	0.6075	1.3905	-2.9885	-1.465	-0.9755	-4.416	-2.066	-1.3185	-2.212	-1.1615	-1.3795	-1.974	-2.293	1.0735	-0.124	-0.2725	-0.0775	0.0755	-0.3625	0.212	0.1515	-2.669	-1.374	-2.426	-1.264	-0.256	0.096	-0.031	-0.106	-1.204	-3.038	-1.143	-0.556	-2.401	-1.174
"YJR063W"	0.655	0.872	-3.233	-2.702	-2.37	-3.68	-1.586	-2.243	-2.236	-1.726	-1.715	-2.078	-1.317	0.199	0.089	-0.301	0.057	0.118	-0.235	-0.798	-0.408	-1.51	-1.289	-2.958	-2.455	-0.187	-0.059	0.002	-0.218	-1.45	-1.396	-1.004	-0.896	-1.252	-0.834
"YKL009W"	0.293	0.698	-5.997	-3.719	-3.082	-6.168	-3.144	-2.368	-4.341	-2.856	-2.349	-3.318	-2.938	0.683	0.071	0.013	0.275	-0.386	-1.477	-0.877	-0.274	-2.602	-2.728	-4.823	-3.636	-0.552	-0.44	-0.325	-0.605	-3.584	-1.904	-1.195	-1.381	-1.178	-1.925
"YKL056C"	0.872	0.181	-3.205	-2.603	-3.426	-5.119	-1.914	-2.359	-2.468	-2.281	-2.754	-3.265	-3.483	0.642	0.082	0.203	0.097	-0.398	-0.961	-1.467	0.125	-1.781	-1.747	-2.472	-2.233	-0.301	-0.172	-0.139	-0.049	-3.136	-2.821	-1.376	-1.417	-0.917	-1.832
"YKL081W"	2.461	2.27	-3.858	-3.184	-4.49	-5.155	-3.28	-3.157	-3.635	-3.654	-2.997	-2.811	-3.497	-0.264	-0.035	-0.166	0.247	-0.385	-1.001	-1.137	0.208	-3.076	-3.449	-3.386	-3.054	0.49	1.008	0.642	0.561	-3.086	-3.996	-2.135	-2.065	-2.093	-2.305
"YKL109W"	-0.054	1.124	3.944	4.619	3.232	3.376	3.076	3.27	4.55	3.018	3.054	2.687	2.59	0.651	0.043	0.025	-0.836	-0.222	0.448	-1.232	0.323	3.675	3.213	3.231	3.514	-0.155	0.131	-0.15	0.245	-2.693	-2.039	-1.745	-1.641	-0.168	-1.881
"YKL181W"	0.638	1.193	-3.28	-1.879	-1.818	-4.28	-2.604	-2.243	-1.405	-1.128	-1.023	-2.292	-2.779	0.871	0.097	0.126	0.1	-0.013	-0.272	-0.576	0.131	-2.367	-2.119	-2.308	-2.024	-0.081	0.026	0.018	0.002	-1.438	-1.667	-1.297	-1.87	-2.039	-1.586
"YKR059W"	1.171	1.47	-2.144	-1.383	-2.817	-4.998	-2.593	-2.103	-2.018	-2.106	-2.623	-2.96	-3.568	1.052	-0.079	0.04	0.323	-0.145	-1.054	-1.764	0.219	-2.448	-2.0	-2.025	-1.849	0.197	0.222	0.198	0.128	-2.136	-2.97	-1.908	-2.161	-2.465	-2.469
"YKR081C"	0.444	1.088	-4.081	-2.662	-2.08	-4.632	-3.278	-2.505	-3.734	-2.118	-2.282	-2.696	-2.515	0.751	-0.195	-0.313	0.009	0.287	-0.149	-1.068	-0.337	-3.386	-2.103	-3.261	-2.433	0.119	-0.07	0.047	0.073	-2.014	-0.96	-1.639	-1.365	-1.847	-0.873
"YLL011W"	0.424	0.773	-4.731	-2.872	-1.781	-4.961	-3.053	-2.081	-3.178	-1.944	-2.156	-2.442	-2.375	0.756	-0.405	-0.372	0.173	1.287	-0.767	0.42	0.102	-2.144	-1.596	-2.793	-2.117	-0.555	-0.563	-0.459	-0.353	-1.813	-1.354	-1.078	-1.206	-1.508	-1.492
"YLR009W"	0.816	0.588	-4.675	-2.624	-2.518	-5.388	-2.737	-2.637	-3.455	-2.757	-2.555	-3.216	-2.799	0.6	-0.266	-0.5	-0.226	-0.127	-0.318	-1.06	-0.094	-2.229	-1.452	-3.361	-1.953	0.083	0.145	0.121	-0.057	-2.082	-1.504	-0.843	-1.058	-1.254	-1.745
"YLR044C"	0.83	1.238	-2.007	-2.635	-4.948	-6.198	-1.634	-2.043	-2.978	-1.066	-1.373	-0.923	-2.628	0.914	-0.574	-0.173	0.647	-0.146	-0.479	-0.761	0.186	-3.282	-3.407	-2.618	-3.903	0.853	1.034	0.784	0.677	-2.106	-4.488	-2.022	-1.783	-1.316	-3.268
"YLR060W"	1.279	1.942	-3.165	-2.617	-4.941	-5.967	-2.093	-1.988	-2.773	-2.667	-3.118	-3.713	-4.371	1.836	0.185	0.169	-0.082	-0.294	-1.192	-1.427	0.239	-2.734	-2.666	-2.64	-2.996	-0.155	0.168	-0.183	-0.044	-2.239	-3.341	-2.049	-1.932	-1.31	-1.459
"YLR134W"	1.093	1.2495	-2.4245	-3.4315	-5.018	-5.8935	-1.989	-1.875	-2.7405	-1.1115	-1.3995	-1.2085	-2.6145	0.721	-0.7365	-0.3095	0.461	-0.2315	0.058	-0.204	0.4	-3.416	-3.64	-2.736	-3.769	0.731	1.009	0.885	0.59	-1.833	-4.14	-1.559	-1.634	-1.025	-1.663
"YLR186W"	0.805	1.116	-4.787	-2.844	-4.298	-5.516	-3.036	-2.821	-2.372	-1.671	-1.74	-2.678	-2.467	1.062	-0.166	-0.216	0.36	-0.255	-1.336	-0.035	0.124	-3.381	-2.552	-4.173	-2.896	-0.699	-0.698	-0.286	-0.395	-2.44	-1.582	-1.375	-1.278	-1.399	-2.024
"YLR196W"	0.497	1.085	-5.083	-3.01	-4.437	-5.836	-2.858	-2.859	-4.378	-2.604	-3.933	-4.664	-4.392	0.868	-0.273	-0.291	0.082	0.022	-0.39	0.466	-0.121	-2.901	-2.83	-3.658	-2.412	-0.207	-0.202	-0.356	0.066	-2.302	-2.25	-1.485	-1.561	-1.29	-1.302
"YLR249W"	0.728	1.381	-6.529	-4.864	-4.146	-6.742	-3.879	-4.141	-4.679	-3.778	-3.883	-4.549	-4.992	1.6	0.011	0.098	-0.006	-0.327	-1.851	-1.845	0.414	-5.053	-5.102	-5.085	-4.9	0.107	-0.159	0.466	0.391	-3.591	-6.019	-3.66	-3.013	-2.463	-3.986
"YLR276C"	0.348	1.366	-4.467	-2.163	-3.174	-5.399	-2.386	-2.199	-3.49	-2.427	-1.866	-3.17	-3.081	0.462	-0.023	-0.3	-0.208	0.055	-0.94	-0.411	-0.237	-2.141	-1.833	-3.838	-1.145	0.181	-0.09	-0.063	0.026	-2.023	-1.67	-1.114	-1.653	-0.537	-1.155
"YLR293C"	1.003	1.141	-3.594	-2.185	-3.488	-6.281	-2.107	-1.751	-2.473	-2.158	-2.379	-3.03	-3.186	1.2	-0.569	-0.587	-0.083	-0.686	-0.613	-1.042	0.092	-3.113	-2.525	-2.822	-2.422	0.809	0.789	0.894	0.824	-1.358	-1.596	-1.071	-1.216	-0.679	-2.049
"YLR345W"	-0.344	-0.647	3.284	2.557	4.453	2.744	2.391	1.773	2.784	2.873	4.165	4.077	3.495	-0.733	0.108	0.354	0.124	-0.021	0.71	0.595	0.139	3.184	2.929	2.961	2.519	0.796	0.826	0.521	0.789	1.319	1.354	1.332	1.112	1.566	0.974
"YLR413W"	1.719	1.814	-4.758	-4.864	-5.414	-5.846	-3.237	-3.865	-4.176	-4.993	-4.2	-4.656	-4.874	1.922	0.075	-0.118	-0.206	0.441	0.738	-0.248	0.313	-4.298	-4.176	-4.449	-4.04	-1.092	-1.354	-0.496	-0.561	-3.733	-1.472	-1.757	-4.108	NaN	-2.555
"YLR432W"	0.599	1.285	-2.58	-2.16	-3.532	-5.65	-2.412	-2.49	-2.585	-2.641	-1.934	-2.482	-3.034	1.413	0.278	0.178	0.088	-0.296	-0.778	-0.758	0.244	-3.491	-3.179	-3.412	-2.927	0.29	0.062	0.243	-0.072	-2.698	-3.534	-1.678	-2.053	-1.487	-1.733
"YML056C"	0.644	1.415	-3.967	-3.497	-2.698	-5.251	-3.243	-3.63	-2.774	-2.674	-1.337	-2.566	-2.751	1.61	0.079	-0.096	-0.279	0.124	-0.756	-0.441	0.38	-3.863	-3.469	-4.322	-4.508	-0.427	-0.399	-0.121	0.022	-2.151	-3.554	-1.907	-2.236	-2.179	-2.113
"YML093W"	-0.122	1.229	-4.947	-2.836	-2.962	-5.889	-2.797	-2.437	-3.309	-2.236	-2.547	-2.745	-3.262	0.743	-0.22	-0.296	0.063	0.158	-0.558	-2.236	-0.133	-2.999	-2.533	-4.548	-2.489	-0.121	-0.27	0.095	-0.254	-2.841	-2.035	-1.303	-0.724	-1.053	-1.78
"YMR079W"	0.665	0.929	-0.105	-1.356	-2.074	-3.648	-2.164	-1.512	-2.011	-1.294	-1.666	-1.971	-2.855	0.952	-0.013	0.08	0.167	-0.396	-0.59	-1.076	0.11	-2.383	-1.935	-2.232	-2.162	0.108	0.016	0.186	0.111	-1.301	-2.956	-1.551	-1.369	-0.944	-1.516
"YMR177W"	0.486	0.692	-1.177	-0.675	2.032	1.702	-0.821	-1.15	-2.102	-1.37	-0.997	-1.755	-1.089	0.443	-0.11	-0.376	0.123	-0.32	-0.001	-1.511	0.092	-1.521	-1.892	-2.167	-1.341	-0.256	-0.539	-0.43	-0.204	-1.47	-1.567	-0.526	-2.138	-0.995	-0.91
"YMR205C"	0.051	0.932	-1.433	-0.932	-1.015	-4.53	-1.007	-1.144	-1.314	0.455	-1.0	-1.671	-2.366	0.594	0.137	0.06	0.155	-0.34	-0.121	0.722	0.316	-1.828	-2.085	-0.952	-1.368	0.328	0.282	0.256	0.042	-1.448	-3.208	-1.58	-1.177	-1.526	-2.848
"YMR215W"	1.562	1.042	-0.683	-1.425	-3.705	-4.406	-1.896	-1.984	-1.783	-3.365	-2.939	-2.956	-3.467	1.098	0.281	0.281	0.0	-0.32	-1.214	0.223	0.169	-2.516	-2.595	-1.493	-2.789	-0.231	-0.222	-0.053	0.077	-2.384	-3.776	-2.586	-2.739	-2.197	-2.507
"YMR217W"	0.844	2.016	-5.293	-3.056	-4.735	-5.29	-3.48	-2.869	-4.287	-4.118	-3.713	-4.205	-4.469	1.286	-0.26	-0.163	-0.204	-0.401	-1.962	-0.689	0.2045	-3.621	-2.927	-4.222	-3.421	0.069	0.107	0.335	0.189	-3.675	-5.387	-2.244	-2.483	-2.27	-3.237
"YMR220W"	0.492	NaN	-1.178	-1.153	-1.869	-3.12	-0.64	-0.506	-0.537	-0.881	-1.468	-2.008	-1.728	0.161	-0.164	-0.042	0.058	-0.277	-0.063	-0.337	0.1755	-1.144	-1.199	-0.754	-1.128	-0.042	0.0	0.058	-0.035	0.379	-1.377	-0.321	-0.797	-0.924	-1.043
"YMR290C"	0.874	1.944	-5.132	-3.842	-3.509	-5.217	-3.243	-3.378	-4.614	-3.716	-3.219	-3.665	-2.938	1.315	-0.241	-0.227	0.063	0.103	-0.244	-0.202	0.1175	-4.028	-3.856	-4.544	-3.558	-0.146	-0.41	0.014	-0.357	-2.59	-2.23	-2.241	-2.219	-0.939	-2.675
"YNL061W"	0.718	1.639	-4.329	-2.031	-2.147	-4.27	-2.519	-2.417	-3.268	-1.548	-1.276	-1.357	-1.899	0.753	-0.809	-0.874	0.247	1.06	-0.115	0.176	-0.0205	-2.055	-1.808	-2.571	-1.387	0.255	0.557	0.314	0.015	-2.265	-1.807	-1.407	-1.512	-1.664	-1.192
"YNL113W"	-0.067	0.396	-5.347	-3.34	-2.537	-7.034	-3.971	-2.612	-3.24	-1.782	-1.889	-2.222	-2.123	0.125	-0.162	-0.305	0.146	0.035	0.723	0.576	-0.0015	-2.809	-2.407	-4.226	-2.606	0.001	0.066	0.109	-0.07	-1.573	-1.048	-0.513	-0.991	-0.801	-0.609
"YNL114C"	0.202	0.237	-5.245	-2.663	-3.791	-6.572	-2.827	-2.978	-3.032	-2.221	-1.96	-2.004	-2.111	0.171	-0.215	-0.319	0.019	-0.109	0.171	0.497	-0.226	-2.905	-1.754	-4.14	-2.842	-0.112	-0.117	0.052	-0.093	-0.865	-2.67	-0.999	-1.579	-0.838	-1.363
"YNL209W"	1.452	1.865	-3.795	-3.591	-4.055	-5.803	-3.728	-2.985	-4.059	-2.99	-3.596	-3.829	0.396	1.974	0.165	0.045	0.069	-0.128	-1.879	-1.591	0.5345	-4.586	-3.709	-4.209	-4.158	0.407	0.411	0.54	0.198	-2.815	-3.625	-1.905	-2.282	-2.134	-2.457
"YNL255C"	0.168	0.957	-2.297	-1.542	-2.208	-5.229	-1.708	-1.27	-2.739	-1.457	-1.3	-2.442	-2.225	-0.027	0.236	0.338	0.289	-0.113	-0.465	-1.358	0.025	-2.446	-1.888	-2.147	-1.189	0.194	0.429	0.141	0.156	-2.351	-2.338	-1.364	-0.583	-1.006	-0.702
"YOR095C"	1.986	1.202	-1.698	0.297	-2.7255	-4.37	-3.469	0.291	-1.726	-2.497	-2.868	-3.333	-3.068	1.967	0.032	-0.176	-0.002	0.239	-0.77	-1.127	-0.006	-3.423	-0.799	-4.298	-0.77	-0.562	-0.514	-0.224	-0.288	-3.031	-2.168	-2.076	-2.355	-2.445	-2.463
"YOR176W"	0.286	0.09	2.057	1.2095	-1.862	-3.661	1.0515	0.2585	1.46	0.608	-0.963	-1.364	-1.766	0.106	0.346	0.314	-0.054	-0.237	-0.477	-0.093	0.17	1.834	0.734	1.853	0.916	0.195	0.062	-0.072	-0.267	-1.661	-1.854	-0.405	-0.51	-1.43	-1.295
"YOR224C"	1.091	0.657	-2.895	-1.9785	-3.348	-4.849	-2.254	-2.252	-2.185	-2.296	-2.099	-2.615	-2.202	1.211	0.266	0.315	0.266	-0.064	-0.774	-0.57	0.075	-1.343	-1.751	-2.113	-1.739	0.225	0.392	-0.115	-0.236	-1.721	-2.898	-1.458	-2.261	-1.912	-1.534
"YOR309C"	0.981	0.558	-6.798	-4.4185	-4.234	-6.859	-3.709	-3.9105	-5.839	-4.353	-4.746	-5.449	-5.009	1.413	-0.073	-0.13	-0.118	-0.529	-1.297	-0.497	0.051	-2.543	-3.28	-4.097	-3.518	-0.122	0.194	0.185	0.154	-2.359	-2.361	-1.85	-1.878	-1.749	-2.138
"YPL160W"	1.35366666666667	1.85933333333333	-3.26033333333333	-2.28466666666667	-3.08233333333333	-5.284	-2.22666666666667	-2.35066666666667	-4.0365	-2.824	-3.1695	-3.499	-2.977	1.761	0.371	0.307	0.0055	0.7835	-0.7855	-0.9095	0.309	-3.477	-2.958	-3.512	-2.719	-0.052	-0.068	-0.1635	-0.1365	-1.34	-1.5465	-1.376	-1.059	-1.725	-1.5195
"YPL211W"	0.603	1.0735	-5.5605	-3.5535	-4.4555	-5.029	-3.216	-3.3805	-4.129	NaN	-3.267	-2.652	-2.337	1.049	-0.444	-0.236	-0.075	-0.8	-0.847	-2.07	-0.625	-2.333	-2.347	-3.981	-2.743	-0.53	-0.404	-0.093	-0.357	-1.803	-2.17	-2.099	-1.74	-1.704	-1.653
"YPR074C"	1.867	2.3475	-3.2435	-2.5595	-5.337	-5.42	-3.374	-2.2005	-3.649	-3.162	-3.369	-3.61	-3.663	1.886	-0.22	-0.268	-0.252	-0.941	-1.319	-0.879	0.172	-4.473	-3.729	-2.351	-3.123	0.05	0.173	0.089	0.134	-2.877	-4.153	-2.835	-3.446	-2.231	-2.642
"YPR110C"	1.3475	1.2295	-5.7185	-3.423	-3.662	-6.318	-3.01	-3.296	-3.88	-2.703	-2.993	-3.212	-3.358	1.631	-0.202	-0.125	-0.257	-0.446	-1.217	-1.337	-0.194	-2.851	-1.853	-3.882	-3.113	-0.422	-0.31	-0.241	-0.157	-1.644	-2.389	-1.581	-2.205	-1.24	-1.051
"YPR163C"	0.877	0.88	-3.6815	-2.265	-2.9485	-5.4905	-2.5635	-2.469	-3.136	-2.325	-2.642	-2.895	-2.82	1.474	0.274	-0.006	-0.396	-0.342	-1.344	-0.972	0.195	-3.506	-3.14	-3.575	-2.873	0.016	-0.111	-0.166	-0.065	-1.761	-3.048	-1.493	-1.627	-1.399	-1.336
"YPR187W"	0.5075	0.4095	-2.5615	-1.8665	-3.609	-5.408	-2.283	-2.232	-2.563	-2.016	-2.28	-2.584	-3.22	0.587	0.211	0.062	0.023	0.008	-1.072	-1.133	0.088	-2.584	-2.061	-2.896	-2.213	0.18	0.025	-0.003	0.029	-1.442	-3.246	-1.26	-1.331	-1.327	-1.776
