	"409.heat shock 25 to 37, 20 minutes"	"854.YPD_6_h_30C"	"855.YPD_8_h_30C"	"856.YPD_10_h_30C"	"857.YPD_12_h_30C"	"859.YPD_2_d_30C"	"942.starv_in_H2O_1_h_30C"	"1012.YPD 12 h (25C)"	"1014.YPD 2 d (25C)"	"1015.YPD 3 d (25C)"	"4874.1M sorbitol - 90 min"	"8522.DES459 (mec1-) + 0.02% MMS - 45 min"	"8523.DES459 (mec1-) + 0.02% MMS - 60 min"	"8524.DES459 (mec1-) + 0.02% MMS - 90 min"	"8525.DES459 (mec1-) + 0.02% MMS - 120 min"	"12744.heat shock 17 to 37, 20 minutes"	"21628..24 mM H2O2- 105 minutes"	"21638..24 mM H2O2- 070 minutes"	"21639..24 mM H2O2- 085 minutes"	"21641..24 mM H2O2- 112 minutes"	"21643..24 mM H2O2- 140 minutes"	"21645..24 mM H2O2- 020 minutes"	"21648..24 mM H2O2- 030 minutes"	"21650..24 mM H2O2- 040 minutes"	"21655..24 mM H2O2- 014 minutes"	"21659..24 mM H2O2- 077 minutes"	"21663..24 mM H2O2- 063 minutes/redo"	"33774.DBY8778(wt)_stationary_phase_7hours"	"33775.DBY8778(wt)_stationary_phase_9hours"	"33776.DBY8778(wt)_stationary_phase_1day"	"33779.delYPL230w_stationary_phase_5hours"	"33780.delYPL230w_stationary_phase_7hours"	"33781.delYPL230w_stationary_phase_9hours"	"33782.delYPL230w_stationary_phase_1day"	"40946.H2O2_II_7_min"	"40961.MD_II_0_min"
"YAL060W"	2.912	3.323	2.145	1.463	1.345	0.283	2.349	1.199	1.922	1.6855	-0.1225	-0.2105	-0.089	-0.0995	-0.0985	3.49	1.266	2.525	2.076	0.535	0.001	-0.485	-0.79	0.204	-0.386	2.742	0.538	4.066	3.57	2.107	4.051	3.973	3.24	2.801	-0.462	0.577
"YBL045C"	1.75	3.101	4.028	3.638	3.076	2.603	1.517	3.2575	2.0735	1.924	0.3155	-0.9725	-1.0285	-0.999	-1.062	1.37	1.025	0.435	0.567	0.294	0.429	0.014	-0.74	-0.063	-0.106	0.946	-0.144	2.683	3.265	2.973	2.474	3.277	3.303	2.891	0.444	-0.207
"YBL049W"	1.0	3.632	4.071	3.507	4.101	2.844	2.326	3.3385	2.9925	3.8385	0.1095	-0.1165	-0.133	0.1305	0.347	1.081	2.197	2.32	2.165	0.925	1.248	-0.645	0.088	0.391	0.296	2.345	0.516	3.243	4.358	4.543	4.201	4.835	4.581	5.083	0.863	-0.002
"YBL054W"	-3.35	-3.427	-2.602	-2.264	-2.213	-1.778	-2.433	-0.806	-0.307	-0.3605	-0.2115	-0.4485	-0.053	-0.188	-0.423	-3.299	-0.82	-1.979	-1.943	-1.326	-0.916	1.237	-1.066	-0.979	-0.237	-2.052	-1.065	-1.283	-1.114	-0.602	-2.298	-0.96	-1.272	-0.399	0.183	0.416
"YBL072C"	-2.905	-3.835	-3.367	-3.036	-2.694	-3.041	-3.06	-4.1825	-2.5425	-2.5865	0.2515	0.1345	0.177	0.0805	0.2455	-2.881	-0.802	-2.283	-1.206	-0.274	0.129	0.293	-0.284	-0.334	0.512	-1.464	-1.308	-3.331	-2.84	-1.71	-1.857	-2.598	-2.041	-2.699	-1.163	-1.445
"YBL092W"	-2.682	-3.458	-3.598	-2.824	-2.394	-2.929	-3.0	-3.5865	-2.153	-2.4445	0.0485	-0.2125	-0.2485	-0.3555	-0.1395	-2.927	-0.858	-1.217	-1.435	-0.461	-0.301	0.131	0.448	-0.44	0.28	-1.317	-0.215	-2.124	-2.013	-1.866	-2.599	-2.171	-2.311	-3.174	-0.363	0.163
"YBR185C"	1.047	2.907	2.767	1.967	1.359	1.081	1.079	2.126	0.236	0.358	0.1965	0.097	0.0795	0.205	0.376	0.846	1.011	0.837	0.731	0.618	0.661	0.431	0.023	-0.036	0.405	0.927	0.055	1.255	1.144	1.533	2.379	1.363	1.315	0.817	-0.268	-1.002
"YBR241C"	2.947	3.303	3.763	0.478	4.068	2.564	2.04	1.666	0.99	1.879	0.567	-0.2515	-0.2755	0.0935	0.209	3.139	1.918	2.135	2.305	0.94	0.962	0.456	-0.313	0.347	-0.105	2.222	0.105	3.507	3.03	2.881	3.953	3.821	2.781	3.891	-0.005	-0.389
"YBR269C"	1.869	2.741	2.945	2.559	2.732	2.8	1.892	1.4035	0.9415	1.2435	-0.025	0.35	0.058	0.2545	0.447	1.514	1.645	2.272	1.772	1.29	0.628	-0.082	0.197	-0.126	0.263	2.033	1.765	2.787	2.806	2.464	3.255	2.921	2.478	2.659	0.129	1.081
"YCL049C"	0.916	1.933	1.871	0.821	0.518	1.738	1.143	1.0375	0.574	0.6345	0.135	0.1885	0.196	0.218	0.721	0.588	1.598	1.071	1.251	0.554	0.666	0.441	0.457	-0.82	-0.312	1.378	-0.243	1.483	2.042	1.289	1.945	2.162	0.891	0.83	0.743	-0.364
"YCR062W"	1.742	2.344	1.814	1.372	1.964	2.004	0.773	0.9015	0.696	0.8075	0.2215	-0.28	-0.6445	-0.455	-0.1635	1.841	1.852	1.62	1.929	1.411	0.761	0.048	-0.706	-0.758	-0.14	1.734	0.483	1.477	1.044	0.745	1.832	1.592	1.224	0.827	0.05	-0.21
"YDL061C"	-2.928	-3.45	-2.443	-2.323	-2.345	-2.665	-2.985	-3.44	-2.031	-2.139	-0.08	-0.213	-0.192	0.081	-0.069	-2.955	-1.221	-2.097	-1.915	-0.59	-0.234	-1.277	-0.65	-1.308	0.445	-2.201	-1.044	-2.373	-2.153	-1.162	-2.791	-2.682	-1.35	-1.842	0.313	0.049
"YDR025W"	-3.031	-3.904	-3.548	-3.252	-2.573	-2.705	-3.357	-4.504	-1.915	-2.886	0.038	-0.652	-0.366	-0.448	-0.451	-3.042	-0.7465	-2.1035	-1.871	-0.5795	-0.161	-0.0775	0.279	-0.853	0.37	-2.2965	-1.112	-4.772	-3.127	-2.93	-3.906	-3.552	-2.869	-2.535	0.626	0.487
"YDR059C"	1.009	2.272	2.385	2.493	2.07	3.136	1.177	1.818	1.963	2.24	0.14	0.596	0.528	0.639	0.687	1.24	1.667	1.446	1.9085	1.522	0.814	0.291	-0.2885	0.7215	-0.168	0.897	-0.113	1.646	2.488	2.593	2.081	2.345	1.247	2.69	0.124	0.3475
"YDR398W"	-4.082	-4.143	-2.42	-2.114	-1.993	-1.937	-3.069	-2.112	-1.798	-1.896	-0.144	0.138	0.191	0.27	-0.022	-4.269	-0.881	-2.259	-2.606	-1.081	-1.349	-0.462	-0.413	-0.621	-0.739	-1.701	-0.312	-1.745	-2.397	0.247	-3.061	-1.999	-1.457	-0.955	0.028	0.768
"YDR447C"	-3.242	-4.882	-3.934	-3.531	-3.26	-2.465	-3.574	-4.249	-2.432	-2.817	-0.004	0.207	0.057	0.15	0.155	-2.593	-1.2085	-2.041	-2.3475	-0.5155	-0.3115	0.0795	-0.505	-0.647	0.18	-2.745	-1.773	-3.67	-2.356	-1.471	-4.358	-3.418	-2.211	-3.223	-0.5755	-1.9785
"YDR471W"	-3.206	-3.952	-3.834	-3.394	-2.619	-2.857	-3.144	-4.253	-2.122	-2.633	0.306	0.498	0.135	0.345	0.356	-3.29	-0.5215	-2.5935	-1.9135	-0.374	-0.0975	0.35	0.037	-0.1475	0.5345	-2.1345	-1.355	-3.645	-2.464	-1.986	-3.608	-3.311	-2.499	-2.873	0.7155	-0.5035
"YER102W"	-2.922	-3.932	-3.965	-3.177	-2.924	-2.578	-3.101	-4.286	-2.613	-2.593	0.289	0.127	0.052	0.069	0.222	-2.712	-0.907	-2.222	-1.197	0.044	0.112	1.052	0.494	0.508	0.568	-2.373	-1.33	-3.324	-2.758	-2.202	-2.385	-2.329	-2.436	-2.527	-0.066	-0.673
"YFR031BC"	-3.278	-4.567	-3.823	-3.84	-2.931	-2.801	-3.328	-4.74	-2.521	-2.912	-0.444	0.025	-0.229	0.036	0.364	-3.021	-0.761	-3.322	-2.331	-0.659	-0.296	-0.207	0.284	-0.825	0.04	-2.905	-2.439	NaN	NaN	NaN	NaN	NaN	NaN	NaN	-0.53	-1.169
"YGL010W"	1.681	2.51	1.775	1.605	1.805	1.544	1.0	1.567	1.095	1.574	0.14	-0.023	0.043	0.147	0.25	1.396	0.721	1.502	0.986	0.63	0.155	-0.17	0.045	-0.124	-0.083	1.255	0.394	0.785	0.77	1.138	1.177	0.636	0.597	0.843	0.244	0.637
"YGL030W"	-2.592	-3.613	-2.888	-2.582	-1.861	-2.008	-2.388	-3.284	-2.592	-2.534	0.016	-0.392	-0.6	-0.319	-0.117	-2.603	-0.82	-1.5725	-1.4395	-0.5665	-0.264	0.281	-0.6645	-0.465	0.115	-2.391	-1.0005	-3.939	-2.871	-2.529	-3.575	-2.76	-2.198	-3.156	-0.9465	-0.611
"YGL031C"	-3.443	-3.366	-4.285	-3.732	-2.9	-3.104	-3.041	-5.191	-2.475	-2.899	-0.021	0.373	0.281	0.242	0.35	-3.282	-0.838	-2.062	-1.531	-0.218	0.209	0.4	0.696	0.36	1.343	-2.166	-0.85	-3.814	-2.458	-2.321	-2.773	-2.852	-1.578	-1.636	-0.966	0.177
"YGL037C"	4.777	4.226	2.658	2.571	2.753	2.279	2.045	2.654	3.457	3.59	0.333	0.912	0.894	0.52	0.729	4.782	2.517	3.777	3.592	2.022	1.163	-1.038	-0.852	1.775	-0.217	3.852	2.544	3.734	3.731	3.099	4.634	3.141	3.145	3.313	0.49	1.508
"YGL076C"	-2.744	-3.969	-3.136	-2.73	-2.564	-2.401	-3.32	-4.142	-2.568	-2.648	0.171	-0.19	-0.219	-0.24	-0.316	-2.656	-0.487	-2.2815	-1.4805	-0.6005	-0.2445	0.0595	0.1515	-0.572	0.1045	-2.0235	-1.407	-4.003	-3.509	-2.778	-3.347	-3.315	-2.544	-2.894	0.1765	0.5125
"YGL103W"	-2.193	-3.452	-3.096	-2.876	-2.468	-2.344	-3.266	-3.07	-1.73	-2.048	-0.066	0.212	0.007	0.099	0.2	-2.243	-0.872666666666667	-2.24666666666667	-1.914	-0.581666666666667	-0.115	0.425	0.407	-0.0913333333333333	-0.0953333333333333	-2.47533333333333	-1.34266666666667	-2.976	-2.146	-1.398	-3.189	-2.934	-2.202	-2.821	-0.970333333333333	-0.541
"YGL121C"	2.106	2.903	4.642	4.908	4.899	4.115	3.028	3.623	2.795	3.85	0.327	0.311	-0.009	0.082	0.019	3.68	2.171	2.662	3.08	1.92	1.001	1.189	-0.011	1.312	-0.059	3.05	0.694	3.68	4.831	3.577	4.067	4.542	2.934	3.387	-0.222	-0.372
"YGL147C"	-4.102	-3.892	-3.111	-3.32	-3.389	-3.896	-3.0	-4.384	-2.874	-3.388	0.219	-0.118	-0.051	-0.216	-0.008	-3.829	-1.206	-2.386	-2.411	-0.994	-0.12	-0.153	0.236	-0.964	0.449	-2.569	-1.487	-3.1805	-2.6025	-3.0	-3.1585	-3.3875	-2.3945	-3.135	-0.923	-0.744
"YGR034W"	-3.059	-3.922	-3.172	-3.096	-2.637	-2.998	-3.268	-3.635	-2.022	-2.01	0.09	-0.189	-0.159	-0.031	0.033	-2.708	-1.36	-1.851	-2.279	-0.982	-0.533	-0.984	0.048	-0.673	-0.101	-2.72	-1.283	-2.986	-3.003	-2.725	-4.347	-3.643	-2.741	-2.179	-0.481	-1.004
"YGR085C"	-2.966	-3.713	-3.301	-2.511	-2.202	-2.146	-3.071	-4.359	-2.625	-2.77	0.084	0.366	0.168	0.319	0.258	-2.908	-0.732	-2.277	-1.731	-0.21	-0.218	1.306	0.814	0.761	0.771	-2.39	-1.059	-4.004	-2.792	-2.272	-3.45	-3.003	-2.048	-1.785	0.42	-0.656
"YGR118W"	-2.6185	-2.621	-2.692	-2.681	-2.455	-1.993	-2.458	-3.851	-1.997	-2.117	0.213	0.685	0.409	0.401	0.482	-2.633	-1.104	-1.9425	-1.528	-0.3165	-0.1625	0.808	0.4275	0.3675	0.3525	-2.2505	-1.443	-2.477	-2.162	-1.82	-2.13	-2.249	-1.697	-1.94	-0.1625	-0.798
"YGR146C"	1.6335	2.732	3.071	2.87	3.77	4.645	0.716	2.975	3.395	3.401	-0.124	-0.174	-0.015	0.137	0.395	1.646	1.3455	1.252	1.3005	0.7605	0.8375	0.5055	0.9405	-0.4105	0.5075	1.8055	0.0845	1.838	1.591	2.512	2.708	2.398	1.568	3.315	0.8075	0.855
"YGR148C"	-2.942	-3.45	-3.596	-3.464	-3.033	-2.615	-3.141	-5.063	-2.508	-2.896	-0.208	0.459	0.285	0.223	0.356	-2.591	-1.115	-2.094	-1.6535	-0.122	0.416	0.6635	0.651	0.4675	1.137	-2.135	-1.1095	-3.53	-2.779	-2.133	-3.103	-2.693	-1.897	-2.334	-0.1145	-0.7005
"YGR264C"	-2.2555	-3.787	-2.696	-3.156	-3.156	-3.206	-3.505	-3.897	-2.707	-3.468	-0.156	0.03	0.069	-0.052	-0.149	-2.154	-0.689	-2.82	-2.472	-1.508	-1.004	-0.364	-0.299	-0.576	-1.266	-2.172	-1.698	-3.556	-2.673	-1.736	-3.33	-3.082	-1.962	-2.066	-1.46	-1.335
"YHR010W"	-3.406	-3.693	-3.281	-3.149	-2.926	-3.025	-3.343	-4.159	-2.244	-2.541	0.269	0.208	0.14	0.177	0.041	-3.0485	-0.954	-2.255	-1.965	-0.491	-0.134	-0.249	0.682	-0.518	0.281	-2.495	-1.657	-3.363	-2.267	-2.283	-3.56	-2.961	-1.715	-2.978	-0.509	-1.939
"YHR104W"	4.658	3.691	1.878	1.323	1.523	0.775	1.606	2.561	2.913	3.122	0.24	0.68	0.622	0.418	0.536	5.319	1.947	3.05	2.605	1.03	0.376	-1.105	-1.258	0.082	-0.466	3.118	1.43	2.457	1.421	1.698	3.963	2.022	1.53	1.952	-0.17	0.663
"YIL052C"	-2.7275	-3.856	-3.261	-2.954	-2.61	-3.178	-2.82	-4.174	-2.271	-2.546	0.09	0.051	-0.012	0.178	0.101	-2.531	-0.746	-0.967	-1.057	-0.17	-0.185	0.433	0.673	0.019	0.375	-1.624	-0.24	-3.32	-2.562	-2.217	-2.821	-2.677	-1.94	-3.315	0.175	0.898
"YJL068C"	2.307	1.543	2.1	2.46	2.312	1.845	0.847	1.212	1.202	0.929	0.0	0.333	0.338	0.341	0.59	2.2315	1.262	0.712	1.283	1.139	0.541	-0.719	-0.926	-0.47	-0.611	0.466	-0.108	1.465	2.351	1.203	1.526	1.439	1.437	2.187	-1.187	-1.347
"YJL161W"	2.9465	4.563	3.611	3.93	3.112	3.361	2.121	3.842	3.222	3.992	0.292	-0.183	0.38	0.235	0.239	3.716	0.992	1.999	1.426	0.638	0.411	-0.581	-0.107	-0.09	-0.353	1.933	1.245	3.856	2.853	2.924	4.871	3.407	2.38	2.76	-1.468	-0.584
"YJL177W"	-3.2765	-4.132	-3.846	-3.2	-2.981	-2.747	-3.409	-5.074	-2.525	-2.421	0.273	0.067	-0.019	-0.016	0.057	-3.293	-0.452	-2.208	-1.404	-0.282	0.18	1.035	0.693	-0.786	0.101	-1.898	-1.87	-4.72	-4.004	-3.278	-4.54	-4.115	-3.056	-3.266	0.632	-0.768
"YJR073C"	3.1755	3.353	4.319	3.445	3.525	3.118	0.514	2.104	1.139	1.1	0.448	0.432	0.322	0.2	0.356	1.949	1.857	1.986	2.008	1.117	0.221	-0.156	-0.16	0.421	0.117	1.841	0.842	3.008	3.301	2.919	2.375	3.077	2.591	1.969	0.35	0.557
"YJR145C"	-2.8575	-4.507	-3.488	-3.177	-2.731	-2.413	-3.551	-4.857	-2.396	-2.336	0.555	0.02	-0.1	-0.238	-0.158	-2.7805	-0.652	-2.312	-1.852	-0.535	-0.372	0.162	0.213	-0.36	-0.06	-2.291	-1.511	-4.335	-3.373	-2.551	-4.108	-3.771	-2.74	-2.94	-0.685	-1.894
"YKL006W"	-3.315	-4.299	-3.901	-3.389	-2.854	-3.16	-3.049	-4.545	-2.442	-2.791	0.164	0.186	-0.009	-0.011	0.308	-3.02	-0.791	-2.544	-1.943	-0.308	0.043	0.616	0.232	0.311	0.413	-2.501	-2.356	-4.432	-3.39	-2.92	-4.756	-4.221	-2.993	-3.593	0.108	0.136
"YKL067W"	2.207	2.333	2.596	3.159	2.571	2.321	1.617	2.54	1.923	2.243	0.262	0.321	0.172	0.158	0.409	2.22	1.41	1.695	0.986	1.327	0.514	0.432	-0.143	0.746	0.913	1.508	0.197	1.834	3.313	2.761	3.108	2.735	3.04	2.448	0.351	-1.158
"YKL085W"	2.557	4.338	4.621	4.735	3.853	3.112	2.52	3.733	2.72	2.135	0.116	0.41	0.385	0.428	0.598	2.286	1.671	2.146	1.978	1.503	0.897	1.107	0.246	1.117	0.094	2.281	0.598	3.126	3.575	3.463	2.917	3.615	3.704	3.219	0.747	0.321
"YKL150W"	3.068	3.989	3.734	3.947	3.273	2.136	1.457	4.228	3.772	3.627	0.529	-0.565	-0.565	-0.701	-0.713	2.857	1.31	1.881	1.857	1.274	0.974	0.495	-0.97	0.025	-0.193	1.777	2.215	2.7	3.344	2.601	4.12	3.616	3.503	2.794	-0.023	1.213
"YKR046C"	2.034	2.019	1.967	1.595	1.883	2.784	1.841	1.726	1.957	2.152	0.132	-1.761	-2.041	-2.324	-2.052	2.093	1.328	0.725	1.087	0.436	0.019	0.487	0.232	0.365	-0.468	1.404	0.255	2.081	1.626	1.556	1.834	2.303	1.054	2.377	0.504	0.703
"YLL044W"	-3.582	-4.871	-3.525	-3.158	-2.869	-2.963	-3.313	-3.872	-2.654	-2.736	-0.133	0.031	0.0	-0.213	-0.205	-3.517	-0.97	-2.952	-2.16	-0.748	-0.384	-0.806	-0.265	-1.008	-0.103	-2.673	-1.745	-3.189	-2.774	-2.055	-3.806	-2.77	-2.196	-2.935	-0.402	-0.345
"YLL045C"	-3.116	-3.851	-3.176	-2.506	-2.189	-2.221	-3.169	-3.66	-2.604	-2.495	0.18	0.23	0.123	0.182	-0.061	-3.545	-0.493	-2.707	-1.621	-0.333	-0.253	0.834	0.419	-0.202	0.242	-2.21	-1.493	-3.449	-2.833	-2.875	-3.788	-3.87	-2.635	-2.362	-0.325	0.884
"YLR061W"	-3.322	-4.925	-4.297	-4.115	-3.603	-3.127	-3.239	-4.326	-2.433	-2.88	0.433	0.156	0.033	0.142	0.164	-2.697	-1.073	-2.534	-1.593	-0.597	-0.295	0.063	0.724	-1.481	-0.033	-2.311	-1.674	-2.468	-2.246	-1.804	-4.004	-2.793	-2.94	-3.717	-0.393	0.14
"YLR178C"	6.066	5.949	5.421	4.881	5.219	4.93	3.832	3.6	2.561	2.885	0.458	0.928	0.763	0.831	0.788	6.29	3.234	4.758	4.367	2.609	1.238	-0.397	-0.074	1.871	-0.123	4.873	2.083	5.407	4.372	3.242	5.3	4.727	3.457	3.71	0.274	0.714
"YLR185W"	-2.305	-4.508	-3.498	-3.001	-2.551	-2.749	-2.94	-4.019	-2.136	-2.209	0.114	0.134	-0.011	0.017	0.342	-2.487	-0.903	-2.302	-2.13	-0.314	-0.646	-0.689	0.07	-0.19	0.381	-2.469	-1.406	-3.712	-3.007	-2.345	-3.488	-3.242	-2.643	-3.35	-1.37	0.722
"YLR327C"	5.199	4.027	4.45	2.868	4.348	1.507	5.562	3.561	3.253	3.422	-0.246	1.025	0.709	0.621	0.901	6.244	3.382	2.87	3.83	3.077	1.194	-0.4	0.696	1.559	0.13	3.294	1.779	6.94	6.324	5.267	4.86	5.963	5.223	5.412	-1.7	-1.721
"YLR333C"	2.731	-3.93	-3.067	-2.402	-2.401	-2.342	-3.538	-4.032	-2.092	-2.057	0.067	0.225	0.102	0.117	0.316	NaN	-0.997	-1.929	-1.8	-0.458	-0.119	0.343	-0.063	-0.338	0.884	-2.119	-1.053	-4.086	-2.673	-1.894	-3.582	-2.843	-2.359	-1.826	-0.456	-1.032
"YML024W"	-3.361	-3.616	-3.535	-3.016	-2.718	-3.285	-3.523	-3.455	-2.512	-2.583	-0.062	-0.411	-0.146	-0.064	-0.244	-3.024	-1.129	-2.496	-1.928	-0.549	-0.076	-0.437	-0.623	-1.016	0.724	-2.601	-1.787	-3.36	-1.947	-1.537	-2.891	-2.573	-1.907	-2.067	-0.789	-1.169
"YML026C"	-3.139	-3.811	-3.779	-3.236	-2.913	-3.29	-3.779	-3.572	-2.873	-2.821	-0.007	-0.242	-0.048	0.056	-0.073	-3.032	-1.063	-2.407	-1.783	-0.489	-0.288	0.453	-0.184	-0.262	0.429	-2.351	-0.448	-4.522	-3.396	-2.98	-4.595	-3.765	-2.94	-3.307	-0.789	-0.679
"YMR131C"	-4.525	-5.631	-3.641	-3.811	-2.698	-2.914	-3.547	-4.277	-2.829	-3.214	0.12	0.005	0.112	0.084	-0.305	-4.674	-1.157	-1.858	-1.222	-0.733	-0.317	0.22	-0.769	-0.89	-0.251	-2.27	-0.863	-1.412	-2.944	-2.054	-4.181	-2.68	-1.908	-2.616	-0.647	-0.822
"YMR142C"	-3.395	-3.579	-3.719	-3.19	-2.326	-2.822	-3.048	-4.4	-2.974	-2.468	0.053	-0.086	-0.269	-0.061	0.027	-3.22	-0.546	-1.802	-1.584	-0.7	-0.215	0.6	0.713	-0.247	0.236	-1.881	-0.278	-4.355	-3.347	-3.104	-4.039	-3.538	-3.031	-3.042	0.725	1.748
"YMR143W"	-3.145	-3.748	-3.175	-3.477	-3.087	-2.234	-3.563	-4.401	-2.703	-2.873	-0.115	-0.553	-0.362	-0.534	-0.306	-2.631	-1.139	-2.627	-2.351	-1.115	-0.584	0.187	1.439	-0.657	-0.223	-2.601	-2.108	-4.133	-3.647	-3.943	-4.75	-3.456	-3.199	-2.887	0.393	0.317
"YMR230W"	-2.593	-3.465	-3.053	-2.702	-2.699	-1.989	-2.924	-3.21	-2.361	-1.71	-0.152	-0.519	-0.347	-0.345	-0.26	NaN	-1.056	-2.281	NaN	-0.518	-0.34	0.028	-0.377	-0.961	0.585	-2.723	-0.726	-3.054	-2.758	-1.782	-3.802	-3.223	-2.456	-2.976	-0.952	-1.677
"YMR242C"	-3.309	-4.702	-3.631	-3.819	-3.001	-3.032	-3.832	-4.84	-2.59	-3.004	-0.025	-0.026	-0.048	0.069	0.118	-3.054	-0.71	-2.358	-1.606	-0.535	-0.008	0.476	0.165	-0.147	0.293	-2.31	-1.946	-4.158	-3.141	-2.446	-4.607	-3.588	-2.771	-3.856	0.384	0.269
"YNL055C"	2.503	3.045	3.733	3.137	2.56	1.79	1.705	3.605	2.257	2.534	0.373	0.613	0.074	0.411	0.566	2.153	1.665	1.177	1.359	0.761	0.471	-0.093	-0.491	-0.272	-0.067	1.591	1.212	1.702	1.996	1.582	1.948	2.793	2.231	2.221	0.628	0.642
"YNL067W"	-3.335	-4.019	-2.871	-2.193	-2.054	-2.908	-2.866	-4.131	-2.506	-2.759	0.599	0.32	0.174	0.254	0.068	-3.16	-0.829	-2.393	-2.091	-0.662	-0.248	-0.323	-0.277	-0.788	0.106	-2.453	-1.636	-2.698	-2.15	-2.329	-3.107	-2.534	-2.013	-2.982	-0.978	-1.51
"YNL141W"	-3.112	-5.105	-3.596	-3.239	-3.348	-3.35	-2.833	-3.709	-2.886	-3.361	-0.066	-0.634	-0.29	-0.337	-0.554	-3.291	-1.52	-3.239	-3.211	-1.64	-1.545	-0.893	-0.836	-0.145	-1.401	-2.94	-1.282	-2.449	-2.951	-1.429	-4.363	-3.307	-2.679	-3.949	-0.498	-0.158
"YNL162W"	-3.17	-3.953	-3.395	-3.14	-2.838	-2.163	-2.86	-3.999	-2.0	-2.0	-0.153	0.12	0.028	-0.006	0.199	-2.998	-0.858	-2.785	-2.324	-0.286	-0.236	-0.252	-0.015	-0.432	0.642	-2.852	-1.868	-2.704	-2.701	-2.189	-3.916	-3.323	-2.825	-3.105	-1.367	-0.609
"YNL178W"	-3.467	-4.244	-3.755	-3.785	-3.505	-3.159	-3.239	-4.97	-2.899	-2.981	-0.138	0.121	-0.04	-0.105	-0.072	-3.459	-0.944	-2.15	-2.21	-0.867	-0.394	-0.535	1.133	-0.602	-0.038	-2.248	-0.765	-2.898	-2.059	-1.999	-2.548	-2.616	-2.364	-2.764	-1.79	-1.889
"YNL200C"	3.269	4.582	3.797	3.537	4.197	2.818	2.15	3.003	3.51	2.912	-0.028	0.0	0.165	0.079	0.441	4.124	1.709	2.447	2.534	1.459	1.119	-0.061	-0.662	0.481	-0.401	2.717	1.551	4.514	4.524	3.391	4.527	4.165	3.064	3.548	1.067	-0.284
"YOR293W"	-3.618	-4.155	-3.7615	-3.19	-2.996	-2.697	-3.442	-4.233	-2.533	-2.507	-0.104	-0.264	-0.137	-0.1	-0.033	-3.151	-0.687	-2.037	-2.295	-0.431	-0.269	-0.221	-0.034	-0.662	0.717	-2.655	-1.471	-3.53	-3.262	-3.205	-3.853	-3.23	-2.89	-3.271	-0.331	-0.885
"YPL079W"	-3.115	-4.616	-4.1965	-3.787	-3.3525	-2.6495	-3.085	-4.735	-2.741	-3.087	-0.058	-0.206	-0.155	-0.188	0.039	-3.135	-0.694	-1.336	-1.307	-0.524	-0.199	-0.328	-0.086	-0.981	0.38	-1.665	-1.074	-2.865	-2.753	-2.74	-3.573	-3.431	-2.725	-2.785	0.6	0.803
"YPL087W"	-0.454	2.998	2.716	2.316	1.5655	2.0105	0.968	3.3	2.032	2.401	-0.308	-0.044	0.133	0.024	0.51	2.868	1.122	1.694	1.303	0.508	0.552	-0.205	-0.611	0.49	-0.608	1.966	0.74	2.46	2.058	1.85	2.77	2.742	1.903	2.352	-0.204	0.17
"YPL143W"	-1.077	-4.4445	-3.3605	-3.232	-3.2955	-2.7845	-3.0685	-4.372	-2.155	-2.195	0.333	-0.144	-0.247	0.33	-0.026	-0.986	-0.98	-2.347	-1.905	-0.436	-0.021	0.163	-0.05	-0.661	0.173	-2.864	-1.266	-2.893	-2.234	-1.996	-3.13	-2.792	-2.506	-2.952	-0.367	0.49
"YPR015C"	0.203	2.095	2.541	2.7235	2.422	2.691	1.4155	1.322	1.784	1.722	0.268	-0.283	-0.319	0.035	-0.671	0.7	1.788	1.974	1.786	1.323	1.142	0.377	-0.168	0.557	0.0	1.858	1.061	1.3545	1.6015	0.866	1.0515	1.847	0.7395	1.5555	-0.366	-0.417
"YPR110C"	-3.52	-5.7185	-3.423	-3.2115	-2.9215	-3.133	-3.01	-3.88	-2.175	-2.703	-0.257	0.029	0.041	-0.052	-0.042	-3.168	-0.632	-1.997	-1.273	-0.726	-0.579	0.5	-0.206	-0.625	-0.324	-1.695	-1.377	-2.851	-1.853	-0.937	-3.882	-3.113	-2.597	-2.759	-0.571	-0.702
"YPR132W"	-1.788	-2.849	-3.586	-3.351	-1.806	-2.672	-2.5895	-3.788	-2.214	-2.292	0.057	0.359	0.17	0.246	0.591	-2.027	-1.008	-2.276	-1.401	-0.166	-0.072	1.186	0.534	-0.028	0.367	-2.39	-1.101	-2.884	-2.466	-2.174	-2.903	-2.829	-2.063	-2.893	0.115	0.026
