#number	block_area	block_id	move_type	pre_criterion	full_crit	expr_mean_crit	expr_mean_crit	expr_reg_crit	expr_kend_crit	expr_cor_crit	expr_euc_crit	expr_spear_crit	PPI_crit	feat_crit	TF_crit	percent_orig_genes	percent_orig_exp	exp_mean	trajectory_position	FEATURE_INDICES	move_class	num_genes	num_exps
1	351	1,2,3,4,5,6,7,8,9,10,11,12,13,14,15,16,17,18,19,20,42,73,79,122,168,180,188/1,2,11,12,13,14,15,16,17,18,19,20,53	g+	0.9887375875788339	0.9887375875788339	0.0	0.0	0.9900709093436841	0.9874042658139837	0.0	0.0	0.0	0.0	0.0	0.0	1.0	0.4166666666666667	0.9581202237709563	41		S_1	27	13	-1
2	341	2,15,19,24,41,54,61,62,63,64,65,66,67,68,69,70,71,72,73,74,75,76,77,78,79,80,83,91,120,146,189/11,61,62,63,64,68,70,73,78,79,80	g-	0.988061536186783	0.988061536186783	0.0	0.0	0.9904907883942734	0.9856322839792926	0.0	0.0	0.0	0.0	0.0	0.0	0.7222222222222222	0.25	0.971195874773091	15		S_1	31	11	-1
3	300	21,22,23,24,25,26,27,28,29,30,31,32,33,34,35,36,37,38,39,40,103,141,176,177,182/21,22,23,24,25,26,27,28,29,30,39,40	g+	0.987203629403323	0.987203629403323	0.0	0.0	0.987228888778263	0.9871783700283829	0.0	0.0	0.0	0.0	0.0	0.0	0.625	0.75	0.9403463590845854	17		S_1	25	12	-1
4	480	7,8,11,21,22,23,24,25,26,27,28,29,30,31,32,33,34,35,36,37,38,39,40,60,70,76,84,85,90,91,106,109,110,113,119,122,142,145,147,149,150,165,169,171,181,182,198,199/12,21,22,33,38,39,40,85,87,111	g-	0.9865058147152924	0.9865058147152924	0.0	0.0	0.9890435693232613	0.9839680601073235	0.0	0.0	0.0	0.0	0.0	0.0	0.75	0.1111111111111111	0.9400266489288409	50		S_1	48	10	-1
5	625	1,10,13,15,17,19,42,46,53,65,73,79,84,100,104,105,108,113,134,153,157,177,180,188,194/1,2,18,19,20,25,33,38,49,53,54,62,65,80,85,86,90,99,100,107,113,118,124,133,144	g+	0.9862213557201157	0.9862213557201157	0.0	0.0	0.9868667824063382	0.9855759290338932	0.0	0.0	0.0	0.0	0.0	0.0	0.5384615384615384	0.3684210526315789	0.9006151896138033	69		S_1	25	25	-1
6	630	23,24,25,26,27,28,30,31,34,35,38,47,68,70,84,85,103,150,169,176,187/3,9,16,21,22,23,24,27,37,38,39,40,53,69,71,72,74,83,85,90,105,106,115,117,124,128,133,137,143,148	e+	0.9848854307584791	0.9848854307584791	0.0	0.0	0.9852257756613922	0.9845450858555661	0.0	0.0	0.0	0.0	0.0	0.0	0.25	0.4090909090909091	0.9102861011294516	70		S_1	21	30	-1
7	575	4,13,41,42,43,44,46,47,48,49,50,52,53,54,55,56,57,59,60,70,107,124,134/1,8,13,24,27,31,36,38,40,41,42,43,44,58,59,60,65,68,95,102,105,114,117,122,138	e-	0.9846286403928812	0.9846286403928812	0.0	0.0	0.9849932210201454	0.9842640597656171	0.0	0.0	0.0	0.0	0.0	0.0	0.5	0.391304347826087	0.9135440571235819	64		S_1	23	25	-1
8	1170	1,7,11,13,19,21,39,41,42,43,44,45,46,47,48,49,50,51,52,54,55,56,57,58,59,60,61,62,67,70,72,77,95,101,103,106,113,116,135,136,139,147,155,186,189/7,11,32,38,43,44,45,46,47,48,49,50,51,60,70,72,75,78,79,80,82,101,105,120,137,138	e-	0.984251320356017	0.984251320356017	0.0	0.0	0.9841391845121448	0.9843634561998894	0.0	0.0	0.0	0.0	0.0	0.0	0.7142857142857143	0.2608695652173913	0.7647365975444955	60		S_1	45	26	-1
9	525	8,11,21,22,23,24,26,27,29,30,31,32,35,36,38,40,64,71,74,79,103,122,142,169,171/7,10,13,21,22,36,38,39,40,41,55,68,69,70,71,72,78,87,99,102,141	g+	0.9842304029618969	0.9842304029618969	0.0	0.0	0.9834626046325452	0.9849982012912487	0.0	0.0	0.0	0.0	0.0	0.0	0.8235294117647058	0.5238095238095238	0.8905789612608705	33		S_1	25	21	-1
10	1443	3,21,23,24,26,28,29,30,31,35,36,37,38,40,41,42,47,49,65,68,70,73,76,80,82,84,85,90,103,108,111,132,136,143,144,145,149,186,198/3,7,9,21,22,23,37,38,39,40,47,48,49,66,71,72,73,80,85,88,99,106,109,110,111,115,118,121,123,128,134,138,139,141,142,143,148	g-	0.9840997360879629	0.9840997360879629	0.0	0.0	0.9844719122130989	0.9837275599628269	0.0	0.0	0.0	0.0	0.0	0.0	0.2222222222222222	0.8571428571428571	0.8280647336109644	93		S_1	39	37	-1
11	570	26,38,76,78,91,101,102,111,116,133,169,176,177,191,196/3,9,18,21,32,35,36,40,45,46,47,48,51,55,61,63,64,71,78,79,80,82,83,87,102,106,107,114,120,121,122,126,133,134,136,144,145,148	e+	0.9839284947959346	0.9839284947959346	0.0	0.0	0.9853158887941307	0.9825411007977385	0.0	0.0	0.0	0.0	0.0	0.0	0.2222222222222222	0.4090909090909091	0.8658557399795211	88		S_1	15	38	-1
12	435	15,28,65,68,71,73,74,77,79,81,82,133,161,179,183/1,2,19,20,24,26,29,33,44,49,50,52,59,61,62,63,64,76,78,79,80,93,95,100,105,125,130,141,145	e+	0.9839216724211332	0.9839216724211332	0.0	0.0	0.9866119356915495	0.9812314091507168	0.0	0.0	0.0	0.0	0.0	0.0	0.07142857142857142	0.6666666666666666	0.9229462600297578	43		S_1	15	29	-1
13	462	3,31,41,45,51,65,66,71,74,77,80,82,90,98,117,138,143,146,150,168,186,193/12,13,17,18,24,26,36,45,50,55,57,59,80,83,89,91,93,105,116,141,148	g+	0.9834792064870133	0.9834792064870133	0.0	0.0	0.9848197631162067	0.9821386498578197	0.0	0.0	0.0	0.0	0.0	0.0	0.6666666666666666	0.35	0.894226460732929	40		S_1	22	21	-1
14	1200	5,7,10,21,27,31,32,39,42,43,52,57,68,70,82,88,95,111,128,134,139,144,151,159,170,171,177,179,186,187/2,3,4,7,8,9,12,18,22,24,25,27,28,32,39,40,44,53,54,58,67,71,75,77,81,85,87,88,91,96,100,106,107,110,112,122,128,130,138,143	g-	0.9834634254984205	0.9834634254984205	0.0	0.0	0.9830914740785179	0.983835376918323	0.0	0.0	0.0	0.0	0.0	0.0	0.4	0.6	0.7941447227045147	98		S_1	30	40	-1
15	840	2,23,30,31,33,42,51,52,56,64,65,66,67,68,70,71,72,73,74,75,76,77,78,80,81,82,84,88,91,120,128,133,140,146,177/25,29,30,32,34,35,50,51,54,61,62,63,64,79,80,96,100,103,109,120,121,130,136,145	g+	0.9833838643782484	0.9833838643782484	0.0	0.0	0.9828006298411787	0.9839670989153182	0.0	0.0	0.0	0.0	0.0	0.0	0.6	0.5263157894736842	0.814205727553521	43		S_1	35	24	-1
16	924	24,26,27,30,44,45,46,48,54,59,63,66,68,69,70,80,100,105,114,150,162,181/4,5,12,14,21,22,23,33,39,40,48,52,53,54,56,59,69,70,71,72,74,75,77,78,80,82,83,85,87,90,94,103,106,111,112,117,132,133,137,140,143,145	e-	0.9832139090558372	0.9832139090558372	0.0	0.0	0.9830577329187935	0.9833700851928808	0.0	0.0	0.0	0.0	0.0	0.0	0.4166666666666667	0.6956521739130435	0.8007906017153915	62		S_1	22	42	-1
17	564	7,17,18,35,36,40,46,48,49,51,52,53,54,55,56,59,61,62,63,64,65,66,68,70,72,73,74,75,76,77,78,79,80,84,89,95,117,126,128,150,158,161,163,169,171,175,200/41,42,43,58,69,70,71,72,73,74,75,116	g-	0.983113099080066	0.983113099080066	0.0	0.0	0.983046707092065	0.9831794910680671	0.0	0.0	0.0	0.0	0.0	0.0	0.76	0.2727272727272727	0.6939511186862417	22		S_1	47	12	-1
18	546	1,5,7,8,10,11,13,17,18,19,27,42,46,47,52,54,70,79,80,91,97,113,143,148,153,154/1,2,4,5,7,19,20,28,52,53,58,70,75,77,81,85,90,99,116,131,147	g-	0.9831064248809884	0.9831064248809884	0.0	0.0	0.9824524652860968	0.9837603844758802	0.0	0.0	0.0	0.0	0.0	0.0	0.2	0.5833333333333334	0.8867639758511588	41		S_1	26	21	-1
19	400	6,10,11,13,23,24,26,38,73,153/10,11,12,13,16,18,19,21,22,23,35,38,39,40,53,54,59,61,62,64,65,78,80,84,85,90,95,105,106,115,118,121,126,127,132,138,140,141,143,147	e-	0.9830941314805821	0.9830941314805821	0.0	0.0	0.9846489198534769	0.9815393431076873	0.0	0.0	0.0	0.0	0.0	0.0	0.2857142857142857	0.5	0.8225580340778127	56		S_1	10	40	-1
20	672	3,4,10,12,13,19,23,30,41,42,48,55,56,58,85,105,106,129,142,150,168,177,186,197/1,15,19,20,26,27,28,29,30,31,42,50,54,60,76,78,81,82,102,107,109,112,119,120,136,139,140,146	e+	0.9830682136117255	0.9830682136117255	0.0	0.0	0.9826622634326956	0.9834741637907554	0.0	0.0	0.0	0.0	0.0	0.0	0.4444444444444444	0.5217391304347826	0.8472643021366092	57		S_1	24	28	-1
21	1344	2,3,5,6,8,9,10,13,14,15,18,42,43,45,49,50,53,54,55,59,62,65,69,70,79,84,89,94,100,108,109,111,113,126,143,149,157,177,188,190,193,197/1,2,9,11,12,19,22,25,27,29,32,34,36,37,38,41,59,60,67,82,96,99,106,107,113,118,120,127,129,136,139,146	e+	0.9830351932759476	0.9830351932759476	0.0	0.0	0.9817067560536856	0.9843636304982094	0.0	0.0	0.0	0.0	0.0	0.0	0.64	0.6	0.7970516604961456	69		S_1	42	32	-1
22	836	1,9,13,15,16,18,23,30,36,41,42,44,46,47,51,52,53,58,59,65,69,70,80,84,86,89,90,100,102,104,105,114,116,118,123,129,134,139,150,162,164,178,186,194/2,20,24,31,33,50,51,53,54,59,62,69,71,73,75,90,100,105,127	g+	0.9829854743430775	0.9829854743430775	0.0	0.0	0.9832304776533929	0.9827404710327622	0.0	0.0	0.0	0.0	0.0	0.0	0.7	0.6666666666666666	0.8508621716622837	31		S_1	44	19	-1
23	217	10,115,135,139,163,191,196/7,9,16,18,20,26,28,33,34,36,48,58,63,71,81,82,83,86,88,100,106,107,110,114,122,130,136,137,140,141,143	g-	0.9829378847930215	0.9829378847930215	0.0	0.0	0.9863691817211895	0.9795065878648536	0.0	0.0	0.0	0.0	0.0	0.0	0.2	0.6190476190476191	0.934163833570902	44		S_1	7	31	-1
24	575	1,2,15,17,22,23,38,42,44,53,61,62,65,71,73,75,77,84,103,104,141,172,188/1,2,5,12,20,23,29,30,33,41,43,56,57,62,80,87,97,100,107,111,113,117,133,145,146	e+	0.9828254203923619	0.9828254203923619	0.0	0.0	0.9854650117252852	0.9801858290594386	0.0	0.0	0.0	0.0	0.0	0.0	0.6923076923076923	0.43478260869565216	0.9731821925576823	37		S_1	23	25	-1
25	340	8,23,24,27,32,35,36,37,40,43,84,85,143,158,161,171,196/7,8,21,22,37,39,40,65,67,78,82,85,86,87,104,106,110,115,123,143	e+	0.9825884119348546	0.9825884119348546	0.0	0.0	0.9869028105157291	0.97827401335398	0.0	0.0	0.0	0.0	0.0	0.0	0.4117647058823529	0.7142857142857143	1.006083791867124	24		S_1	17	20	-1
26	672	11,22,23,26,29,32,35,36,37,38,87,91,113,133,137,138,163,165,169,173,174,176,183,195/6,9,10,21,38,40,41,51,56,63,65,68,69,71,74,78,82,92,104,107,118,125,128,129,132,135,138,148	g-	0.9825497430253591	0.9825497430253591	0.0	0.0	0.9836582399521001	0.9814412460986182	0.0	0.0	0.0	0.0	0.0	0.0	0.4444444444444444	0.5652173913043478	0.8984035554083886	53		S_1	24	28	-1
27	594	23,45,50,57,68,77,84,99,103,111,150,156,162,169,179,182,187,188/3,8,10,12,13,16,18,20,40,46,53,58,68,70,71,72,73,83,85,88,90,92,101,106,110,119,128,132,138,141,142,144,148	g-	0.9824622007084014	0.9824622007084014	0.0	0.0	0.9836424289853117	0.981281972431491	0.0	0.0	0.0	0.0	0.0	0.0	0.21428571428571427	0.5454545454545454	0.8141776867841095	57		S_1	18	33	-1
28	513	15,21,47,51,58,61,67,70,72,73,75,76,77,79,80,81,91,93,98,124,133,137,144,155,177,180,191/17,24,29,45,50,61,64,65,66,74,78,79,80,117,122,125,129,144,145	g-	0.9824570166857514	0.9824570166857514	0.0	0.0	0.98311917886723	0.9817948545042727	0.0	0.0	0.0	0.0	0.0	0.0	0.32	0.5294117647058824	0.9149634165087939	39		S_1	27	19	-1
29	864	1,3,7,8,10,11,21,41,42,43,47,49,52,55,56,57,60,64,68,70,77,79,98,103,107,133,139,148,150,167,186,191/1,10,13,16,18,21,36,41,42,43,44,45,46,48,58,60,68,69,70,71,81,102,114,122,128,132,141	g-	0.9823894519889553	0.9823894519889553	0.0	0.0	0.9818364139834755	0.9829424899944352	0.0	0.0	0.0	0.0	0.0	0.0	0.6428571428571429	0.5454545454545454	0.8374355187395996	53		S_1	32	27	-1
30	779	1,3,15,17,19,20,21,31,34,50,51,55,61,62,65,66,67,70,72,76,80,82,90,91,95,98,102,105,108,112,113,120,124,140,146,147,154,171,175,186,193/16,17,25,26,51,55,57,61,62,63,64,69,70,80,86,93,99,119,143	e+	0.9823116145168157	0.9823116145168157	0.0	0.0	0.9842061448276842	0.9804170842059472	0.0	0.0	0.0	0.0	0.0	0.0	0.88	0.55	0.8542165304276426	28		S_1	41	19	-1
31	494	23,30,42,51,54,58,59,60,62,69,76,77,89,108,121,149,161,166,190/4,11,14,27,28,29,30,41,50,51,76,80,87,96,97,102,111,113,120,126,127,129,130,135,147,149	g-	0.9822438092002803	0.9822438092002803	0.0	0.0	0.9833337187494609	0.9811538996510998	0.0	0.0	0.0	0.0	0.0	0.0	0.3125	0.6086956521739131	0.886415635900515	39		S_1	19	26	-1
32	336	14,66,80,94,116,134,144,157,161,180,191,194/10,13,17,26,32,33,45,47,50,55,57,59,61,64,79,83,89,92,93,94,107,119,121,122,132,137,141,146	g-	0.982210694595447	0.982210694595447	0.0	0.0	0.9851278106074774	0.9792935785834166	0.0	0.0	0.0	0.0	0.0	0.0	0.14285714285714285	0.65	0.8953237609729968	42		S_1	12	28	-1
33	608	1,7,9,10,11,23,27,42,54,60,62,64,74,89,106,115,123,130,161/10,11,14,15,25,27,28,29,30,32,36,48,49,50,52,70,76,78,82,93,96,100,102,109,111,120,126,128,130,136,147,149	e-	0.9821976801399745	0.9821976801399745	0.0	0.0	0.9809934748010024	0.9834018854789468	0.0	0.0	0.0	0.0	0.0	0.0	0.34782608695652173	0.782608695652174	0.7427647325429331	41		S_1	19	32	-1
34	399	24,26,29,30,36,40,61,64,67,70,71,72,74,75,79,80,83,91,102/22,27,28,30,31,35,44,51,54,61,62,78,79,80,94,105,107,114,122,138,149	g+	0.9821775615505595	0.9821775615505595	0.0	0.0	0.9828445388309899	0.981510584270129	0.0	0.0	0.0	0.0	0.0	0.0	0.5294117647058824	0.7333333333333333	0.9363688968266848	32		S_1	19	21	-1
35	870	23,25,30,31,32,33,34,42,47,49,51,52,56,67,73,88,89,93,96,122,128,133,140,145,157,158,161,177,187/16,17,21,25,29,30,36,38,40,42,44,47,50,65,80,82,84,95,96,99,101,109,113,119,121,124,133,141,146,148	e+	0.9820742884428817	0.9820742884428817	0.0	0.0	0.9813258931935349	0.9828226836922285	0.0	0.0	0.0	0.0	0.0	0.0	0.68	0.7368421052631579	0.8103731356748771	48		S_1	29	30	-1
36	384	23,30,35,68,85,90,103,120,136,150,154,174,177,184,192,193/9,22,23,24,27,32,37,38,40,67,74,82,88,90,106,110,113,115,128,134,138,141,144,148	g-	0.9820742178960201	0.9820742178960201	0.0	0.0	0.9845593174417231	0.9795891183503171	0.0	0.0	0.0	0.0	0.0	0.0	0.375	0.7692307692307693	0.8698780327898107	43		S_1	16	24	-1
37	868	9,14,24,29,41,44,47,49,50,64,65,76,78,86,99,100,108,111,119,120,124,134,150,154,167,175,183,191/5,16,33,35,41,52,55,56,57,59,61,71,75,76,77,82,86,88,90,93,95,99,100,103,110,117,120,123,130,140,145	e+	0.9820372781294513	0.9820372781294513	0.0	0.0	0.9823861038543044	0.9816884524045981	0.0	0.0	0.0	0.0	0.0	0.0	0.8666666666666667	0.5217391304347826	0.8654974913601612	46		S_1	28	31	-1
38	920	1,2,9,10,15,16,20,24,25,38,48,50,51,55,59,77,78,86,89,94,106,108,109,111,113,121,122,132,143,145,150,151,156,166,167,168,179,181,191,193/12,13,16,18,19,21,22,23,40,43,48,73,89,90,95,103,105,106,131,132,138,143,146	g-	0.9820342369361658	0.9820342369361658	0.0	0.0	0.9815446462641038	0.9825238276082278	0.0	0.0	0.0	0.0	0.0	0.0	0.76	0.5909090909090909	0.8084800794074294	37		S_1	40	23	-1
39	315	3,4,8,17,18,19,21,32,33,41,42,56,58,60,62,70,75,78,81,92,99,101,104,109,114,115,116,119,124,128,132,139,143,146,147,148,158,160,163,168,170,173,186,191,197/18,22,45,81,111,134,139	g-	0.9820151854878103	0.9820151854878103	0.0	0.0	0.985930200900257	0.9781001700753638	0.0	0.0	0.0	0.0	0.0	0.0	0.75	0.26666666666666666	0.8593052023681371	22		S_1	45	7	-1
40	620	16,23,25,38,46,48,50,78,82,84,86,100,111,113,134,150,157,173,179,194/11,15,16,21,22,23,28,46,53,58,65,73,75,83,85,90,91,95,101,105,106,107,110,113,118,124,128,131,133,138,148	g-	0.9819971671992322	0.9819971671992322	0.0	0.0	0.9824225398846933	0.9815717945137712	0.0	0.0	0.0	0.0	0.0	0.0	0.6153846153846154	0.625	0.8087641245963815	46		S_1	20	31	-1
41	555	3,15,16,19,21,23,24,26,35,38,56,65,66,67,68,69,73,76,77,79,91,95,100,105,117,124,137,138,142,146,147,164,168,171,172,175,186/12,13,15,16,17,21,36,70,75,78,80,102,109,117,149	g-	0.9818817721342538	0.9818817721342538	0.0	0.0	0.9843682753474927	0.9793952689210148	0.0	0.0	0.0	0.0	0.0	0.0	0.9411764705882353	0.75	0.865594286021757	24		S_1	37	15	-1
42	420	1,4,9,10,11,42,65,82,111,144,145,157,163,177/12,13,17,21,22,26,29,32,33,39,43,45,53,61,62,63,75,81,85,86,93,100,106,107,121,124,128,131,141,145	e+	0.9818208831324624	0.9818208831324624	0.0	0.0	0.982437561105657	0.9812042051592679	0.0	0.0	0.0	0.0	0.0	0.0	0.5	0.6	0.8458794494121958	39		S_1	14	30	-1
43	385	2,30,45,59,66,70,80,82,125,143,161/1,6,10,16,17,24,26,32,34,50,51,53,55,57,59,61,62,65,78,80,83,84,89,93,104,105,107,111,116,119,121,137,141,146,150	e+	0.9818022178183881	0.9818022178183881	0.0	0.0	0.984767980994772	0.978836454642004	0.0	0.0	0.0	0.0	0.0	0.0	0.2222222222222222	0.65	0.8534966902680542	36		S_1	11	35	-1
44	434	2,5,66,70,79,87,113,122,123,129,156,190,193,197/1,9,11,12,19,21,40,45,51,53,54,57,73,74,77,79,87,91,93,105,107,119,120,121,127,141,142,143,144,146,150	e-	0.9817831853882157	0.9817831853882157	0.0	0.0	0.9815013027961355	0.982065067980296	0.0	0.0	0.0	0.0	0.0	0.0	0.36363636363636365	0.7272727272727273	0.812832985152827	53		S_1	14	31	-1
45	627	4,21,31,32,41,42,43,47,51,52,58,59,60,62,73,76,77,81,83,98,101,106,111,117,121,124,136,139,140,148,155,160,181/2,6,17,31,36,47,49,51,52,60,63,79,81,107,121,125,133,138,147	g-	0.9817739461747544	0.9817739461747544	0.0	0.0	0.9815248305395583	0.9820230618099506	0.0	0.0	0.0	0.0	0.0	0.0	0.6	0.42857142857142855	0.8313391673800875	49		S_1	33	19	-1
46	429	5,10,20,28,34,37,40,58,63,64,66,70,73,74,79,82,97,104,112,114,119,122,126,129,133,138,142,149,152,161,163,165,177,179,182,185,188,194,200/6,7,17,38,51,52,67,71,87,111,138	g+	0.9816808547463682	0.9816808547463682	0.0	0.0	0.9837241863602658	0.9796375231324705	0.0	0.0	0.0	0.0	0.0	0.0	0.85	0.17391304347826086	0.8609211576744505	35		S_1	39	11	-1
47	390	4,5,24,38,73,77,99,132,144,146,156,186,189/15,16,18,19,21,22,23,25,40,46,53,54,58,70,71,83,90,91,96,102,103,105,106,114,118,120,131,141,148,149	g+	0.98164495037834	0.98164495037834	0.0	0.0	0.9828868674613416	0.9804030332953384	0.0	0.0	0.0	0.0	0.0	0.0	0.5555555555555556	0.5909090909090909	0.8086062965594049	26		S_1	13	30	-1
48	837	3,4,5,6,8,14,18,25,41,47,66,79,80,106,109,113,123,134,139,150,155,164,169,178,180,191,196/11,12,14,20,26,32,33,45,50,58,59,60,61,63,64,80,81,83,86,87,93,106,107,120,121,122,132,133,137,141,145	e+	0.9816281818092358	0.9816281818092358	0.0	0.0	0.9818083223122442	0.9814480413062274	0.0	0.0	0.0	0.0	0.0	0.0	0.2727272727272727	0.75	0.860184770228787	41		S_1	27	31	-1
49	324	32,88,127,145,153,159,173,177,187,195,197,198/2,15,23,30,31,36,40,41,42,43,48,59,60,67,71,76,80,83,97,118,121,126,129,136,141,145,148	g-	0.9816125813152365	0.9816125813152365	0.0	0.0	0.9840372684226242	0.979187894207849	0.0	0.0	0.0	0.0	0.0	0.0	0.45454545454545453	0.65	0.8957664824185164	38		S_1	12	27	-1
50	368	2,3,5,6,8,10,13,37,43,45,46,47,50,53,55,57,59,60,68,73,75,84,96,100,118,121,130,133,134,140,144,146,150,153,157,160,164,174,176,178,179,180,182,188,191,198/11,54,57,58,92,99,106,122	g+	0.9815786903215299	0.9815786903215299	0.0	0.0	0.9853464769966649	0.9778109036463949	0.0	0.0	0.0	0.0	0.0	0.0	1.0	0.3	0.8380298729458523	17		S_1	46	8	-1
51	663	13,19,30,90,102,104,120,125,127,139,157,158,161,177,191,192,197/1,20,22,24,27,29,31,38,47,48,49,50,55,60,65,67,72,79,80,82,83,84,87,99,102,104,105,107,112,115,119,120,121,124,128,136,144,146,150	g+	0.9815145306682784	0.9815145306682784	0.0	0.0	0.9834089391220108	0.9796201222145461	0.0	0.0	0.0	0.0	0.0	0.0	0.25	0.375	0.7953466297289932	44		S_1	17	39	-1
52	675	4,13,16,35,57,61,63,64,70,71,73,77,80,86,90,108,111,113,125,139,141,144,146,176,180/5,16,18,20,22,23,25,32,39,44,48,63,67,69,70,71,72,73,82,85,87,102,115,131,134,142,148	g+	0.9815119977465557	0.9815119977465557	0.0	0.0	0.9801102646970485	0.9829137307960629	0.0	0.0	0.0	0.0	0.0	0.0	0.5555555555555556	0.6363636363636364	0.8199105223911597	41		S_1	25	27	-1
53	324	1,2,3,7,8,15,18,19,42,53,65,73,75,109,124,159,180,188/1,2,11,20,31,38,82,83,87,92,99,105,111,112,113,133,146,149	e+	0.9814300504300317	0.9814300504300317	0.0	0.0	0.9827416205108088	0.9801184803492546	0.0	0.0	0.0	0.0	0.0	0.0	0.5625	0.7142857142857143	0.9164744271018501	26		S_1	18	18	-1
54	240	1,15,53,65,71,84,100,105,150,169,177,194/12,20,24,27,32,34,35,62,71,75,78,80,82,90,100,102,117,118,127,144	e+	0.9812654734574736	0.9812654734574736	0.0	0.0	0.9833714713850927	0.9791594755298545	0.0	0.0	0.0	0.0	0.0	0.0	0.46153846153846156	0.8666666666666667	0.9779701747017016	19		S_1	12	20	-1
55	380	19,30,31,39,58,59,60,62,73,90,106,115,118,121,127,147,148,149,168/20,27,28,29,31,41,49,51,53,54,65,82,87,92,97,113,114,130,140,147	g-	0.9812097701977833	0.9812097701977833	0.0	0.0	0.9818770284622114	0.9805425119333553	0.0	0.0	0.0	0.0	0.0	0.0	0.5263157894736842	0.391304347826087	0.9024538932639268	21		S_1	19	20	-1
56	345	1,2,7,8,10,13,14,15,42,73,116,153,157,159,177/1,2,3,20,24,31,37,43,63,64,65,84,92,99,106,112,118,121,124,126,130,133,145	e+	0.9812047781532189	0.9812047781532189	0.0	0.0	0.9813767415175783	0.9810328147888597	0.0	0.0	0.0	0.0	0.0	0.0	0.6428571428571429	0.75	0.9036310265246522	22		S_1	15	23	-1
57	880	9,16,30,32,36,39,44,46,47,58,62,66,72,79,84,85,87,90,96,99,101,110,113,114,125,131,134,136,146,151,154,155,157,160,161,162,167,178,184,190,192,194,196,197/11,19,28,29,30,47,51,53,55,57,65,78,86,113,119,121,124,127,142,146	g-	0.9811656248150746	0.9811656248150746	0.0	0.0	0.9809577063750763	0.9813735432550729	0.0	0.0	0.0	0.0	0.0	0.0	0.8125	0.5	0.7318045983169449	34		S_1	44	20	-1
58	340	17,42,43,47,49,51,52,55,56,58,59,70,80,83,101,112,121,127,156,193/10,21,37,41,42,43,44,54,59,60,68,74,114,122,124,129,141	g-	0.9811380160739267	0.9811380160739267	0.0	0.0	0.9813862317130694	0.9808898004347839	0.0	0.0	0.0	0.0	0.0	0.0	0.32	0.9166666666666666	0.9115797324074009	16		S_1	20	17	-1
59	1015	7,9,14,18,20,30,33,37,42,43,49,50,54,74,78,86,92,94,131,143,148,152,153,160,161,185,188,190,200/5,7,11,19,20,26,28,32,34,37,47,49,50,51,56,57,62,64,76,78,82,84,87,89,96,103,107,108,109,111,113,117,135,137,146	g-	0.9811057378559517	0.9811057378559517	0.0	0.0	0.9800340725935455	0.9821774031183579	0.0	0.0	0.0	0.0	0.0	0.0	0.6842105263157895	0.5652173913043478	0.8107651943283499	60		S_1	29	35	-1
60	522	2,3,7,9,18,23,25,38,63,64,68,70,73,74,75,78,79,80,86,89,96,111,121,126,150,153,173,179,195/16,23,46,48,58,69,70,71,72,73,75,85,91,95,101,119,123,124	g-	0.9810682867812146	0.9810682867812146	0.0	0.0	0.9796821268321395	0.9824544467302898	0.0	0.0	0.0	0.0	0.0	0.0	0.6428571428571429	0.5909090909090909	0.810579243986331	30		S_1	29	18	-1
61	420	4,10,13,15,17,18,19,42,52,53,59,71,73,100,105,124,150,169,177,180/1,2,18,19,20,28,42,55,58,60,81,85,86,107,119,121,126,128,139,144,150	g-	0.9810656745503408	0.9810656745503408	0.0	0.0	0.9825439737853793	0.9795873753153024	0.0	0.0	0.0	0.0	0.0	0.0	0.5	0.65	0.9240929870366573	15		S_1	20	21	-1
62	174	2,15,32,33,34,48,77,86,89,94,95,96,106,109,120,127,138,140,142,145,151,163,166,167,179,189,192,195,200/49,59,71,95,112,115	g-	0.9810599385877397	0.9810599385877397	0.0	0.0	0.984966996039762	0.9771528811357172	0.0	0.0	0.0	0.0	0.0	0.0	0.875	0.16666666666666666	1.0096850962809396	21		S_1	29	6	-1
63	336	8,26,32,46,49,71,75,81,83,134,161,167,178,179/2,19,20,34,35,43,46,47,51,52,61,77,78,80,94,101,107,114,122,133,138,140,143,149	e+	0.9810515788361148	0.9810515788361148	0.0	0.0	0.9827002601063128	0.9794028975659168	0.0	0.0	0.0	0.0	0.0	0.0	0.6153846153846154	0.2608695652173913	0.8691392457838915	32		S_1	14	24	-1
