#number	block_area	block_id	move_type	pre_criterion	full_crit	expr_mean_crit	expr_mean_crit	expr_reg_crit	expr_kend_crit	expr_cor_crit	expr_euc_crit	expr_spear_crit	PPI_crit	feat_crit	TF_crit	percent_orig_genes	percent_orig_exp	exp_mean	trajectory_position	FEATURE_INDICES	move_class	num_genes	num_exps
1	527	51,52,53,54,55,56,57,58,59,60,61,62,63,64,65,66,67,68,69,70,71,72,73,74,75,92,190,212,228,244,255/51,52,53,54,55,56,57,58,59,60,61,62,73,74,75,91,93	g+	0.9918808181252229	0.9918808181252229	0.0	0.0	0.9921995718070811	0.9915620644433647	0.0	0.0	0.0	0.0	0.0	0.0	0.8421052631578947	0.05263157894736842	0.9423360331043752	23		S_1	31	17	-1
2	608	78,101,102,103,104,105,106,107,108,109,110,111,112,113,114,115,116,117,118,119,120,121,122,123,124,125,150,155,165,166,193,275/31,46,101,102,111,112,113,114,115,116,117,118,119,120,121,122,123,124,125	g+	0.9917302784067981	0.9917302784067981	0.0	0.0	0.99164847393052	0.9918120828830761	0.0	0.0	0.0	0.0	0.0	0.0	0.72	0.0	0.8709858288683607	34		S_1	32	19	-1
3	476	59,76,77,78,79,80,81,82,83,84,85,86,87,88,89,90,91,92,93,94,95,96,97,98,99,100,113,194/76,77,78,79,80,81,82,83,84,86,87,88,96,97,98,99,100	e+	0.9914862884511588	0.9914862884511588	0.0	0.0	0.991368611339509	0.9916039655628086	0.0	0.0	0.0	0.0	0.0	0.0	0.8823529411764706	0.0	0.9661021548628757	37		S_1	28	17	-1
4	627	1,2,3,4,5,6,7,8,9,10,11,12,13,14,15,16,17,18,19,20,21,22,23,24,25,174,191,210,259,263,275,278,281/1,2,3,12,13,14,16,17,18,19,20,21,22,23,24,25,62,93,145	g+	0.9914345206502967	0.9914345206502967	0.0	0.0	0.9916207073135177	0.9912483339870757	0.0	0.0	0.0	0.0	0.0	0.0	0.7142857142857143	0.10526315789473684	0.9189157482894049	64		S_1	33	19	-1
5	640	26,27,28,29,30,31,32,33,34,35,36,37,38,39,40,41,42,43,44,45,47,48,49,50,143,153,154,158,212,219,252,275/26,27,28,29,30,32,33,34,35,36,37,38,39,40,41,42,43,49,50,119	g-	0.9907546899670185	0.9907546899670185	0.0	0.0	0.9908575986974142	0.9906517812366229	0.0	0.0	0.0	0.0	0.0	0.0	0.7142857142857143	0.2	0.8022591424056581	46		S_1	32	20	-1
6	630	4,26,28,29,30,31,32,33,34,35,36,37,38,39,40,41,42,43,44,45,46,47,49,50,81,105,109,112,114,121,128,132,143,153,154,179,186,198,235,237,244,245,252,255,260/26,27,28,41,46,47,48,49,50,79,110,114,179,195	g+	0.9905775094109475	0.9905775094109475	0.0	0.0	0.9921249943837904	0.9890300244381046	0.0	0.0	0.0	0.0	0.0	0.0	0.7692307692307693	0.2631578947368421	0.9618184388722599	47		S_1	45	14	-1
7	336	1,2,7,9,13,14,17,18,21,23,24,54,56,102,128,216/1,2,3,4,7,24,25,60,61,62,64,83,93,129,141,142,145,147,157,167,171	e+	0.986692612160825	0.986692612160825	0.0	0.0	0.9888103840533728	0.9845748402682774	0.0	0.0	0.0	0.0	0.0	0.0	0.42857142857142855	0.8666666666666667	0.9796989389137689	19		S_1	16	21	-1
8	891	53,54,58,59,61,63,65,68,69,70,73,74,92,97,100,102,122,136,180,186,188,189,200,202,211,264,289/5,19,39,40,51,52,54,55,57,58,64,69,71,72,73,74,75,81,83,92,104,107,111,125,134,137,143,154,175,188,189,193,200	e+	0.9866657354281102	0.9866657354281102	0.0	0.0	0.9866230792598693	0.9867083915963512	0.0	0.0	0.0	0.0	0.0	0.0	0.3333333333333333	0.52	0.8947275777282934	74		S_1	27	33	-1
9	858	16,28,29,30,35,36,37,39,40,41,45,50,54,61,63,64,66,81,128,140,149,160,179,189,198,203/26,27,28,29,31,47,48,49,50,60,62,63,65,66,77,80,92,97,106,114,126,130,132,142,146,148,158,159,172,176,183,185,186	g-	0.9865836262952609	0.9865836262952609	0.0	0.0	0.9859295910662018	0.9872376615243199	0.0	0.0	0.0	0.0	0.0	0.0	0.5454545454545454	0.45454545454545453	0.8758241033283718	64		S_1	26	33	-1
10	874	2,3,4,7,10,11,12,20,22,24,25,28,29,30,31,34,35,40,41,42,44,45,50,66,74,81,158,183,197,219,223,228,236,237,252,254,263,272/5,9,10,11,13,14,15,22,26,27,28,48,49,50,77,78,81,114,127,158,176,183,189	g-	0.9865521220256017	0.9865521220256017	0.0	0.0	0.9873183579495248	0.9857858861016787	0.0	0.0	0.0	0.0	0.0	0.0	0.8125	0.23076923076923078	0.9002893012223799	45		S_1	38	23	-1
11	672	26,27,41,48,49,50,56,59,61,62,63,68,70,72,73,74,75,87,100,102,103,110,119,122,152,180,190,196,200,248,264,280/15,19,24,33,36,39,40,42,51,54,55,56,61,71,74,106,107,125,134,189,190	g+	0.9864294705270571	0.9864294705270571	0.0	0.0	0.9876223214042523	0.9852366196498618	0.0	0.0	0.0	0.0	0.0	0.0	0.20833333333333334	0.391304347826087	0.9181391888855911	89		S_1	32	21	-1
12	589	38,41,59,66,69,81,82,84,88,89,91,93,96,99,132,193,197,225,230/3,6,7,10,18,24,26,40,46,58,63,65,67,76,77,78,95,97,98,99,100,112,115,135,139,146,150,163,179,180,194	e+	0.9864223015116127	0.9864223015116127	0.0	0.0	0.98741162943107	0.9854329735921554	0.0	0.0	0.0	0.0	0.0	0.0	0.625	0.5416666666666666	0.9103119277665928	43		S_1	19	31	-1
13	748	59,61,62,63,64,65,67,70,73,74,103,142,154,158,176,180,186,212,230,280,288,293/22,33,38,47,51,52,53,54,55,57,58,71,72,73,74,75,77,83,98,106,107,114,118,131,134,152,153,154,164,175,177,189,193,194	g-	0.986350692747127	0.986350692747127	0.0	0.0	0.9881380257047783	0.9845633597894756	0.0	0.0	0.0	0.0	0.0	0.0	0.20833333333333334	0.52	0.9284212593157182	64		S_1	22	34	-1
14	399	1,4,6,7,12,13,14,17,18,23,24,40,124,138,148,195,198,250,299/1,2,3,4,23,24,25,31,52,67,83,86,93,115,117,119,141,145,157,196,197	g-	0.9861691214460138	0.9861691214460138	0.0	0.0	0.9870361868869357	0.9853020560050918	0.0	0.0	0.0	0.0	0.0	0.0	0.3333333333333333	0.6666666666666666	0.9821605791080849	25		S_1	19	21	-1
15	1444	6,29,32,37,40,43,44,49,60,92,102,110,120,137,142,145,148,152,156,167,168,173,175,176,192,194,203,208,209,212,226,235,237,248,249,261,262,282/6,12,15,16,17,21,26,28,30,34,36,43,65,68,70,71,87,94,100,107,110,112,113,114,115,117,130,136,145,146,147,153,169,170,179,180,186,196	e+	0.9861053607280342	0.9861053607280342	0.0	0.0	0.985797810401017	0.9864129110550515	0.0	0.0	0.0	0.0	0.0	0.0	0.7222222222222222	0.24	0.7629619416379313	90		S_1	38	38	-1
16	775	6,29,30,33,35,36,41,42,43,48,50,97,100,124,135,138,207,214,219,221,224,235,238,243,246/5,7,17,26,27,28,29,47,48,49,50,71,73,83,84,89,90,91,97,114,120,131,141,144,152,156,183,184,185,191,198	g-	0.9860609519718607	0.9860609519718607	0.0	0.0	0.9873097868107319	0.9848121171329896	0.0	0.0	0.0	0.0	0.0	0.0	0.5	0.75	0.8938446005382231	45		S_1	25	31	-1
17	874	10,13,22,28,30,49,71,75,94,104,112,113,114,115,140,188,212,239,273/4,5,6,8,20,26,27,29,31,46,50,59,65,70,81,82,83,84,92,93,101,102,103,104,106,107,109,111,119,125,128,129,137,144,145,146,147,163,171,175,181,183,188,189,192,195	g-	0.9858123207530644	0.9858123207530644	0.0	0.0	0.9874078597439591	0.9842167817621696	0.0	0.0	0.0	0.0	0.0	0.0	0.3333333333333333	0.6	0.8514031436796395	43		S_1	19	46	-1
18	782	6,29,37,42,49,50,74,100,106,120,127,129,132,136,145,152,176,180,189,194,209,226,238/7,9,10,15,22,26,27,34,47,48,50,71,83,90,94,99,107,114,118,130,132,141,143,145,147,152,157,167,182,189,191,193,196,197	e+	0.9856134771334378	0.9856134771334378	0.0	0.0	0.9853992906501405	0.9858276636167351	0.0	0.0	0.0	0.0	0.0	0.0	0.5555555555555556	0.7272727272727273	0.8431127785868184	44		S_1	23	34	-1
19	578	8,13,22,32,56,66,91,102,126,148,188,257,260,270,272,275,295/1,6,9,11,13,23,30,32,53,64,65,66,67,68,79,92,96,97,99,102,106,138,139,142,145,146,157,158,162,167,170,176,187,194	e+	0.9855770635006238	0.9855770635006238	0.0	0.0	0.9875013814091298	0.9836527455921178	0.0	0.0	0.0	0.0	0.0	0.0	0.16666666666666666	0.5454545454545454	0.8709296057601283	56		S_1	17	34	-1
20	473	11,15,16,22,25,31,38,43,137,166,215/5,6,9,11,12,13,14,17,26,27,28,41,47,48,49,50,51,52,56,61,64,68,73,81,90,96,101,109,126,127,139,141,142,151,159,168,172,173,179,183,194,197,198	e+	0.9854805474242133	0.9854805474242133	0.0	0.0	0.9878740261659901	0.9830870686824366	0.0	0.0	0.0	0.0	0.0	0.0	0.18181818181818182	0.5416666666666666	0.7888942383202672	65		S_1	11	43	-1
21	624	1,5,6,8,9,11,13,14,16,17,18,65,94,96,102,142,148,152,164,191,194,199,208,209,217,239/1,2,3,9,22,24,25,36,45,53,61,65,70,87,127,134,145,146,147,150,160,167,185,190	g+	0.9854615713890954	0.9854615713890954	0.0	0.0	0.9858315940490474	0.9850915487291434	0.0	0.0	0.0	0.0	0.0	0.0	0.5	0.5263157894736842	0.889653762430554	53		S_1	26	24	-1
22	510	46,52,59,109,114,118,134,146,186,201,205,209,223,233,243,244,280/26,31,36,48,51,57,59,71,75,82,86,101,102,104,105,107,120,124,128,129,130,131,146,147,158,162,169,171,194,199	g-	0.9853634564627591	0.9853634564627591	0.0	0.0	0.9869291256924827	0.9837977872330357	0.0	0.0	0.0	0.0	0.0	0.0	0.8	0.45	0.8870678566037858	43		S_1	17	30	-1
23	510	6,8,22,54,69,115,121,129,140,196,201,202,218,229,266,277,291/1,19,29,39,53,55,74,75,80,84,93,105,109,111,115,132,133,137,144,150,152,155,158,161,162,175,179,183,194,198	e+	0.9853447780068991	0.9853447780068991	0.0	0.0	0.9868847302730006	0.9838048257407976	0.0	0.0	0.0	0.0	0.0	0.0	0.14285714285714285	0.64	0.8490011834946091	43		S_1	17	30	-1
24	493	1,6,8,9,22,44,90,124,166,181,206,228,265,278,283,291,295/5,6,12,13,14,15,34,46,48,52,56,62,66,68,69,87,90,94,101,102,120,123,125,126,135,136,159,165,186	e+	0.9852608426430378	0.9852608426430378	0.0	0.0	0.9865636337997226	0.9839580514863531	0.0	0.0	0.0	0.0	0.0	0.0	0.2857142857142857	0.8	0.8884185511376436	42		S_1	17	29	-1
25	663	54,60,75,102,107,116,127,148,154,155,199,213,220,224,238,264,291/1,12,29,35,39,40,43,47,48,53,54,57,61,63,64,68,85,86,105,108,110,114,115,118,132,136,137,140,155,158,161,162,169,175,179,183,189,193,200	e+	0.9852445801461436	0.9852445801461436	0.0	0.0	0.9861791736850887	0.9843099866071984	0.0	0.0	0.0	0.0	0.0	0.0	0.7	0.48	0.8131995671599764	55		S_1	17	39	-1
26	533	29,47,48,49,50,53,59,60,61,62,63,64,65,68,70,73,74,106,107,113,120,129,136,145,147,157,175,176,180,183,198,201,209,228,230,237,238,243,256,268,270/51,59,61,72,73,74,75,83,107,120,130,176,186	g-	0.9852107317680638	0.9852107317680638	0.0	0.0	0.9871669433521173	0.9832545201840105	0.0	0.0	0.0	0.0	0.0	0.0	0.8181818181818182	0.16666666666666666	0.9035123159432654	39		S_1	41	13	-1
27	1260	2,4,12,17,19,20,21,26,33,37,43,53,55,58,59,62,64,65,66,67,69,72,84,86,146,153,156,177,189,201,204,210,214,222,225,226,232,252,256,265,276,286,287,289,294/1,24,25,47,51,52,57,74,75,86,87,91,109,111,116,117,122,123,128,133,141,144,147,150,158,174,178,197	g-	0.9851251788789612	0.9851251788789612	0.0	0.0	0.985970689875324	0.9842796678825984	0.0	0.0	0.0	0.0	0.0	0.0	0.7692307692307693	0.25	0.8722983860172274	49		S_1	45	28	-1
28	624	3,4,18,20,22,25,29,32,59,66,85,91,106,113,116,126,151,152,169,185,188,270,272,282,294,295/2,6,9,11,13,14,23,57,64,65,66,67,77,79,85,92,97,102,127,130,142,158,163,176	g+	0.9851197343685083	0.9851197343685083	0.0	0.0	0.984578251289505	0.9856612174475115	0.0	0.0	0.0	0.0	0.0	0.0	0.6	0.5909090909090909	0.8571288740831211	49		S_1	26	24	-1
29	980	10,27,34,40,79,81,97,112,115,128,137,138,160,161,168,183,192,197,198,204,213,226,230,249,253,255,274,276/16,17,21,23,33,35,39,40,41,44,56,59,67,74,82,85,86,91,105,111,113,114,130,131,132,138,142,144,160,168,172,176,179,186,196	e+	0.9850524489721242	0.9850524489721242	0.0	0.0	0.9850198879085312	0.9850850100357171	0.0	0.0	0.0	0.0	0.0	0.0	0.6666666666666666	0.7142857142857143	0.8396316021625613	39		S_1	28	35	-1
30	527	53,56,61,69,74,102,110,126,128,144,156,159,178,203,220,228,259/2,7,16,19,23,25,30,37,38,55,61,62,64,65,66,67,79,82,90,97,99,116,129,136,150,157,161,164,178,187,198	e-	0.984943752670285	0.984943752670285	0.0	0.0	0.9854164870907631	0.9844710182498069	0.0	0.0	0.0	0.0	0.0	0.0	0.46153846153846156	0.5652173913043478	0.8574718875692237	45		S_1	17	31	-1
31	702	2,7,21,22,35,39,43,66,105,106,109,110,116,119,120,121,122,123,181,187,212,213,218,224,245,253/11,12,19,20,32,33,37,39,41,56,76,79,92,101,102,123,124,125,128,133,139,146,163,166,171,176,189	g-	0.9849354069296419	0.9849354069296419	0.0	0.0	0.9856906074427434	0.9841802064165405	0.0	0.0	0.0	0.0	0.0	0.0	0.35294117647058826	0.38095238095238093	0.8643961898208926	68		S_1	26	27	-1
32	544	24,43,109,162,164,171,186,188,203,209,217,249,262,279,280,282,288/12,17,21,30,41,44,47,52,55,59,64,72,81,98,104,111,114,117,133,142,143,154,155,172,173,175,179,183,188,193,195,200	e+	0.9849079731523968	0.9849079731523968	0.0	0.0	0.9857819359790851	0.9840340103257084	0.0	0.0	0.0	0.0	0.0	0.0	0.5714285714285714	0.52	0.8726421419000286	42		S_1	17	32	-1
33	432	23,56,66,69,71,109,118,128,134,139,149,183,190,200,242,279,280,298/19,21,32,35,57,58,60,61,63,86,87,92,93,96,125,127,146,153,158,181,184,190,192,196	e+	0.9849005914974421	0.9849005914974421	0.0	0.0	0.9851884427896418	0.9846127402052425	0.0	0.0	0.0	0.0	0.0	0.0	0.625	0.5294117647058824	0.8627027457318545	34		S_1	18	24	-1
34	952	6,12,18,22,30,38,43,55,57,66,76,77,81,89,94,128,143,149,183,199,201,212,244,247,262,266,272,287/6,11,20,21,24,26,27,28,45,49,52,56,59,62,64,88,93,115,125,127,128,133,137,147,154,155,162,168,185,189,194,195,199,200	e+	0.9848958701355484	0.9848958701355484	0.0	0.0	0.9844122709200473	0.9853794693510495	0.0	0.0	0.0	0.0	0.0	0.0	0.5833333333333334	0.36	0.8532972520028623	83		S_1	28	34	-1
35	754	6,20,51,52,54,55,61,62,71,73,75,100,102,107,135,142,147,157,158,164,176,187,199,201,215,252,253,254,256/2,3,14,32,37,38,47,51,52,53,67,68,72,75,80,86,91,95,107,114,140,155,156,157,183,188	g-	0.9848643801795312	0.9848643801795312	0.0	0.0	0.9862097271036139	0.9835190332554483	0.0	0.0	0.0	0.0	0.0	0.0	0.3333333333333333	0.17647058823529413	0.8889178278048818	41		S_1	29	26	-1
36	555	2,4,27,28,30,32,34,38,44,45,48,49,50,81,82,114,132,139,153,154,158,162,163,167,168,183,199,212,219,233,239,252,257,263,269,271,281/5,6,20,24,26,46,72,75,106,114,128,129,133,168,192	g-	0.9848622884312269	0.9848622884312269	0.0	0.0	0.9866301428698077	0.9830944339926462	0.0	0.0	0.0	0.0	0.0	0.0	0.6190476190476191	1.0	0.8789272308340788	21		S_1	37	15	-1
37	341	44,46,49,52,57,78,82,84,93,94,103,105,117,121,125,137,142,143,150,166,177,178,191,212,234,247,253,256,267,290,296/11,51,52,87,94,95,101,129,159,181,184	g+	0.984857766315541	0.984857766315541	0.0	0.0	0.9870309091143591	0.9826846235167229	0.0	0.0	0.0	0.0	0.0	0.0	0.5714285714285714	0.4444444444444444	0.9489846655401979	30		S_1	31	11	-1
38	748	10,12,16,27,37,42,54,55,61,63,64,73,74,75,89,95,166,174,219,263,277,289/2,7,11,13,14,19,22,26,27,45,49,50,51,52,59,60,78,83,92,103,104,106,116,121,132,145,150,153,157,164,175,192,193,195	e+	0.9848297436291701	0.9848297436291701	0.0	0.0	0.986309381128706	0.9833501061296341	0.0	0.0	0.0	0.0	0.0	0.0	0.4	0.5416666666666666	0.8861680045473661	42		S_1	22	34	-1
39	700	4,5,6,8,12,14,16,17,18,19,20,21,54,75,133,145,151,169,171,185,194,199,201,205,219/1,2,4,5,23,24,25,31,51,52,70,77,88,91,95,98,105,114,131,133,135,137,162,170,177,196,199,200	g-	0.984805087293393	0.984805087293393	0.0	0.0	0.9859087428597311	0.9837014317270549	0.0	0.0	0.0	0.0	0.0	0.0	0.7	0.7647058823529411	0.9413816404836544	42		S_1	25	28	-1
40	1092	15,23,27,42,51,88,91,92,96,101,110,116,126,140,150,155,175,202,203,216,221,223,233,280,282,293/2,5,7,14,19,21,26,27,32,49,50,57,63,65,66,67,69,73,74,79,81,85,88,91,99,102,127,129,132,141,142,150,155,157,161,162,176,180,182,186,198,200	g+	0.9847804009966952	0.9847804009966952	0.0	0.0	0.9855361759559311	0.9840246260374591	0.0	0.0	0.0	0.0	0.0	0.0	0.9090909090909091	0.6818181818181818	0.8322973987618176	40		S_1	26	42	-1
41	494	25,39,124,131,165,184,189,198,212,233,236,242,273/7,10,16,21,25,32,35,36,37,39,50,56,59,65,69,76,84,86,92,93,102,111,114,115,119,125,140,145,146,154,160,172,180,181,183,192,196,200	e+	0.984779771208496	0.984779771208496	0.0	0.0	0.9865715613702996	0.9829879810466924	0.0	0.0	0.0	0.0	0.0	0.0	0.14285714285714285	0.75	0.8401783178979645	41		S_1	13	38	-1
42	608	40,88,102,103,104,106,114,121,125,132,162,174,192,262,291,294/2,5,10,16,17,21,25,32,41,55,61,62,64,66,76,99,108,109,110,111,112,113,114,115,116,117,118,130,136,150,158,161,179,180,183,185,187,199	g-	0.9847358246502328	0.9847358246502328	0.0	0.0	0.9851784044441766	0.984293244856289	0.0	0.0	0.0	0.0	0.0	0.0	0.23076923076923078	0.65	0.8256678500431405	52		S_1	16	38	-1
43	775	5,9,12,13,16,17,23,31,32,33,49,103,109,117,119,127,133,140,151,176,179,186,202,205,208,216,227,248,258,264,276/1,2,25,34,36,40,54,61,63,64,66,67,69,110,114,117,137,140,141,155,175,177,189,193,197	g+	0.9847099598779776	0.9847099598779776	0.0	0.0	0.9856820219071711	0.9837378978487842	0.0	0.0	0.0	0.0	0.0	0.0	0.3333333333333333	0.36	0.8913876356796996	52		S_1	31	25	-1
44	450	18,21,25,30,35,36,37,41,42,43,45,113,125,129,229,235,245,260/7,9,13,14,26,27,28,48,49,50,68,78,89,116,119,127,131,143,156,159,168,177,193,197,198	g-	0.9846745497995764	0.9846745497995764	0.0	0.0	0.9861480408413972	0.9832010587577555	0.0	0.0	0.0	0.0	0.0	0.0	0.6923076923076923	0.8235294117647058	0.9413026046355706	23		S_1	18	25	-1
45	595	15,22,26,66,69,91,102,185,193,199,206,216,237,257,260,275,284/6,12,24,29,33,37,40,58,59,62,65,66,77,78,82,83,89,95,112,115,120,128,135,146,147,148,150,157,158,168,170,176,187,188,194	g-	0.9846467102985502	0.9846467102985502	0.0	0.0	0.9853759762664187	0.9839174443306817	0.0	0.0	0.0	0.0	0.0	0.0	0.625	0.6666666666666666	0.8105906887485753	40		S_1	17	35	-1
46	525	13,26,27,28,44,47,93,104,107,114,116,118,132,135,154,162,196,205,254,277,281/20,26,27,31,37,39,70,73,82,95,101,102,104,122,124,125,137,138,144,146,171,175,181,186,191	g+	0.9846290659065394	0.9846290659065394	0.0	0.0	0.985446367832367	0.9838117639807118	0.0	0.0	0.0	0.0	0.0	0.0	0.36363636363636365	0.5	0.9321946236848655	43		S_1	21	25	-1
47	414	22,34,35,38,41,64,96,102,105,106,109,111,133,134,183,195,223,245/13,27,31,57,65,69,80,93,97,104,105,121,124,125,130,131,142,156,169,170,172,187,194	e+	0.9846038087834104	0.9846038087834104	0.0	0.0	0.9862173446972701	0.9829902728695508	0.0	0.0	0.0	0.0	0.0	0.0	0.3076923076923077	0.6666666666666666	0.9311671466082606	37		S_1	18	23	-1
48	756	27,40,51,52,56,59,60,63,68,71,72,86,92,102,106,119,140,149,167,176,195,202,209,211,255,261,270,272/10,12,17,21,26,28,40,51,54,58,62,80,84,89,103,107,111,131,136,137,147,149,150,161,164,185,190	e+	0.984598709371799	0.984598709371799	0.0	0.0	0.9844133072513178	0.9847841114922803	0.0	0.0	0.0	0.0	0.0	0.0	0.5	0.375	0.8768119777663012	53		S_1	28	27	-1
49	1050	4,7,18,32,45,71,74,115,127,147,153,155,180,189,211,218,240,244,258,272,284,285,298,299,300/9,16,29,33,34,35,40,43,44,47,54,56,57,58,64,72,75,80,96,98,106,107,108,110,111,114,118,120,121,127,143,157,158,169,175,180,189,192,193,194,196,200	g+	0.984552608084708	0.984552608084708	0.0	0.0	0.9850611771050601	0.9840440390643559	0.0	0.0	0.0	0.0	0.0	0.0	0.5217391304347826	0.64	0.8058374396929215	67		S_1	25	42	-1
50	476	14,51,56,59,71,86,91,111,130,155,165,202,223,287,292,293,300/1,4,5,9,10,25,32,44,46,50,53,63,69,85,96,120,127,138,141,142,143,144,150,157,176,185,186,198	e+	0.984532883350256	0.984532883350256	0.0	0.0	0.9854072332251592	0.9836585334753527	0.0	0.0	0.0	0.0	0.0	0.0	0.2857142857142857	0.5	0.8614286816539093	35		S_1	17	28	-1
51	648	32,35,41,42,43,49,66,88,90,96,143,164,186,193,203,226,249,298/13,21,26,27,28,29,30,48,49,50,52,55,58,59,60,65,81,89,90,91,104,114,117,120,131,134,141,142,150,155,156,157,170,192,197,198	g-	0.9844886633843591	0.9844886633843591	0.0	0.0	0.9872920063118511	0.9816853204568672	0.0	0.0	0.0	0.0	0.0	0.0	0.6363636363636364	0.5833333333333334	0.8742070293383346	42		S_1	18	36	-1
52	760	2,3,12,23,26,28,30,32,34,38,42,45,46,50,93,98,114,134,139,151,153,158,168,170,197,203,209,216,219,226,227,233,237,241,248,254,264,293/7,26,27,38,50,60,70,94,102,107,108,119,121,152,156,167,182,183,184,191	g+	0.9844806788962885	0.9844806788962885	0.0	0.0	0.9854834608406169	0.9834778969519602	0.0	0.0	0.0	0.0	0.0	0.0	0.7894736842105263	0.6428571428571429	0.8900078465008711	34		S_1	38	20	-1
53	546	37,45,64,67,77,84,104,114,126,130,145,160,161,216,233,240,251,256,274,285,297/9,14,16,19,41,43,47,49,58,63,64,65,67,85,88,97,99,106,110,114,132,133,142,158,187,194	e+	0.9844801162452796	0.9844801162452796	0.0	0.0	0.9846081328866276	0.9843520996039317	0.0	0.0	0.0	0.0	0.0	0.0	0.7692307692307693	0.5454545454545454	0.8575735311330137	38		S_1	21	26	-1
54	783	2,4,5,7,11,12,16,17,18,19,20,21,22,27,32,36,51,64,95,120,133,151,169,219,221,235,252,255,297/1,4,5,13,25,26,39,41,56,58,77,89,90,91,109,112,117,118,122,126,133,139,148,172,187,188,197	e+	0.9844772204066599	0.9844772204066599	0.0	0.0	0.9844548529047916	0.984499587908528	0.0	0.0	0.0	0.0	0.0	0.0	0.7	0.5217391304347826	0.8807199256309866	46		S_1	29	27	-1
55	387	5,8,10,13,14,16,17,20,33,54,58,61,64,65,73,78,85,96,98,101,102,105,106,137,142,148,161,169,196,199,216,218,220,232,235,238,252,255,257,269,293,295,299/6,9,10,31,53,63,65,122,139	g-	0.984471495899821	0.984471495899821	0.0	0.0	0.9868463897765007	0.9820966020231412	0.0	0.0	0.0	0.0	0.0	0.0	0.9473684210526315	0.5	0.8375318522572459	18		S_1	43	9	-1
56	650	53,100,107,119,121,122,128,136,145,148,151,173,181,184,198,200,222,230,241,242,250,267,276,286,288/4,6,13,19,31,42,56,58,88,94,95,121,122,123,124,125,128,139,147,149,157,163,173,174,179,187	g+	0.9844248031269244	0.9844248031269244	0.0	0.0	0.983681060307529	0.9851685459463198	0.0	0.0	0.0	0.0	0.0	0.0	0.46153846153846156	0.55	0.8435159208800637	65		S_1	25	26	-1
57	748	19,22,25,41,48,50,60,86,92,94,97,100,127,140,146,162,163,165,174,181,205,206,207,217,247,258,266,271,272,273,276,280,286,294/5,12,15,31,35,40,58,59,62,66,81,108,110,120,121,136,145,160,180,181,187,194	g-	0.9844219375400646	0.9844219375400646	0.0	0.0	0.9847013936879034	0.9841424813922257	0.0	0.0	0.0	0.0	0.0	0.0	0.5416666666666666	0.3	0.8550414322847498	41		S_1	34	22	-1
58	945	6,34,49,69,100,120,127,140,142,151,152,154,167,175,176,194,209,214,219,226,238,239,248,258,264,276,295/10,12,15,26,34,36,40,48,54,61,65,70,71,90,94,107,108,110,130,136,137,141,145,147,151,160,161,169,170,175,177,189,191,193,196	e+	0.9844002516992475	0.9844002516992475	0.0	0.0	0.9838241186770005	0.9849763847214945	0.0	0.0	0.0	0.0	0.0	0.0	0.4444444444444444	0.5454545454545454	0.8130876443485455	59		S_1	27	35	-1
59	475	9,23,59,61,106,108,111,113,116,118,119,145,168,171,192,203,225,257,262/17,21,30,41,49,55,68,90,107,109,110,111,112,113,114,115,116,117,123,136,141,147,186,188,199	g+	0.9843597489208192	0.9843597489208192	0.0	0.0	0.9846980145822084	0.9840214832594301	0.0	0.0	0.0	0.0	0.0	0.0	0.5714285714285714	0.55	0.8165350125304421	41		S_1	19	25	-1
60	399	2,4,12,21,37,42,43,49,55,58,72,75,102,136,149,156,158,255,256/3,24,25,36,47,51,64,74,87,89,91,109,141,160,168,174,178,186,190,194,196	g-	0.984326643368969	0.984326643368969	0.0	0.0	0.9855773552091398	0.9830759315287981	0.0	0.0	0.0	0.0	0.0	0.0	0.38461538461538464	0.5	0.9199212339247803	49		S_1	19	21	-1
61	775	13,16,18,29,32,85,116,123,126,133,148,151,152,155,164,167,184,188,197,237,239,272,275,282,291/2,9,13,15,18,20,23,31,32,37,57,62,65,67,70,79,81,85,96,97,98,102,106,126,137,138,153,158,159,170,182	g+	0.9843066567563264	0.9843066567563264	0.0	0.0	0.9838134316685425	0.9847998818441104	0.0	0.0	0.0	0.0	0.0	0.0	0.2631578947368421	0.5	0.812949534577361	67		S_1	25	31	-1
62	651	10,11,12,14,22,24,30,40,57,66,68,83,106,114,117,128,139,140,160,169,179,182,193,204,206,231,235,243,259,272,274/7,9,11,13,14,20,32,44,49,59,65,67,77,85,93,98,106,114,118,142,186	g+	0.9842976360086675	0.9842976360086675	0.0	0.0	0.9846734315771636	0.9839218404401715	0.0	0.0	0.0	0.0	0.0	0.0	0.9411764705882353	0.5909090909090909	0.8809520439813485	23		S_1	31	21	-1
63	646	16,20,31,37,54,57,66,140,149,160,161,169,193,235,240,258,297/1,9,11,13,14,16,18,20,26,29,31,41,43,47,49,50,58,59,60,63,65,78,99,106,114,121,127,130,132,142,146,150,158,163,171,176,188,194	e+	0.9842963351730718	0.9842963351730718	0.0	0.0	0.98557378718565	0.9830188831604936	0.0	0.0	0.0	0.0	0.0	0.0	0.6666666666666666	0.5454545454545454	0.8220743419247959	36		S_1	17	38	-1
64	768	58,61,74,90,92,96,99,100,103,107,108,110,119,135,150,176,204,209,216,220,225,230,273,275/11,16,19,30,33,36,38,49,51,52,54,65,73,74,75,83,85,87,91,101,125,132,134,141,145,150,155,157,161,171,176,198	g-	0.9842831715099457	0.9842831715099457	0.0	0.0	0.9847692575203391	0.9837970854995524	0.0	0.0	0.0	0.0	0.0	0.0	0.35294117647058826	0.2727272727272727	0.8687717871341015	52		S_1	24	32	-1
65	273	8,51,81,94,102,122,125,133,135,141,148,190,283/7,8,11,34,35,41,46,74,94,117,120,123,128,130,134,138,160,162,165,175,188	g-	0.9842246769379771	0.9842246769379771	0.0	0.0	0.9857585143245873	0.9826908395513669	0.0	0.0	0.0	0.0	0.0	0.0	0.3333333333333333	0.35	0.9660921216457308	37		S_1	13	21	-1
66	437	3,12,28,31,33,34,38,41,42,43,46,50,179,222,232,236,250,265,267/3,5,7,26,27,48,49,50,55,59,60,73,83,84,94,121,129,152,156,159,179,183,184	e+	0.9841741148978719	0.9841741148978719	0.0	0.0	0.9862431392170607	0.982105090578683	0.0	0.0	0.0	0.0	0.0	0.0	0.3333333333333333	0.5	0.9744279151124893	40		S_1	19	23	-1
67	546	14,32,58,73,78,85,89,92,98,121,130,131,165,169,191,199,220,237,257,265,274/1,15,38,41,42,45,52,53,57,86,90,94,96,97,107,118,121,123,131,139,145,169,179,191,196,199	g+	0.984154255752743	0.984154255752743	0.0	0.0	0.9847101817134681	0.9835983297920179	0.0	0.0	0.0	0.0	0.0	0.0	0.55	0.4117647058823529	0.872089176913411	38		S_1	21	26	-1
68	368	29,45,54,58,59,60,67,85,87,99,101,105,106,109,111,113,114,120,124,126,131,140,147,158,160,169,190,193,204,208,209,221,224,230,231,239,250,251,263,283,284,285,286,287,295,297/8,17,37,72,109,111,112,114	g-	0.9841426941901195	0.9841426941901195	0.0	0.0	0.9879192408874222	0.9803661474928168	0.0	0.0	0.0	0.0	0.0	0.0	0.96	0.15384615384615385	0.8568944168804029	15		S_1	46	8	-1
69	432	2,3,5,6,12,16,18,20,22,25,48,79,102,205,219,247,255,267/1,2,3,5,24,25,36,40,47,61,62,68,71,91,100,113,114,149,157,160,165,178,187,191	e+	0.9841218214208761	0.9841218214208761	0.0	0.0	0.9848148949099129	0.9834287479318393	0.0	0.0	0.0	0.0	0.0	0.0	0.35714285714285715	0.6428571428571429	0.932104737310396	40		S_1	18	24	-1
70	248	19,28,40,95,98,143,198,244/13,18,20,21,24,30,40,45,46,50,66,69,91,108,113,119,120,123,124,129,133,140,141,144,151,152,154,155,180,184,198	g-	0.9841131216304159	0.9841131216304159	0.0	0.0	0.9858438744445567	0.982382368816275	0.0	0.0	0.0	0.0	0.0	0.0	0.08333333333333333	0.42857142857142855	0.8237180444473585	49		S_1	8	31	-1
71	480	5,7,17,18,20,57,71,72,73,74,80,81,92,93,105,107,118,122,131,136,141,148,164,167,176,178,180,187,198,201,221,223,228,236,252,253,267,272,273,291/15,31,37,38,46,69,75,87,94,120,121,134	g+	0.9840973466662963	0.9840973466662963	0.0	0.0	0.9851020896722464	0.9830926036603461	0.0	0.0	0.0	0.0	0.0	0.0	0.8	0.29411764705882354	0.8843471033251022	34		S_1	40	12	-1
72	666	2,3,8,21,29,31,50,67,72,76,77,83,84,85,86,91,92,94,95,96,97,99,128,129,130,132,141,181,221,229,239,243,255,269,283,291,292/3,13,18,41,47,76,77,85,100,131,143,152,170,174,177,181,192,193	g-	0.9840649997843569	0.9840649997843569	0.0	0.0	0.98442231623421	0.983707683334504	0.0	0.0	0.0	0.0	0.0	0.0	0.47058823529411764	0.38461538461538464	0.8591394995134923	44		S_1	37	18	-1
73	928	16,34,38,39,47,49,54,56,64,82,118,123,124,137,143,158,165,169,179,180,186,195,208,228,230,239,241,252,253,261,269,292/9,11,18,19,20,26,48,50,55,63,65,80,82,85,88,94,102,104,124,125,138,139,142,145,146,151,152,171,174	e+	0.9840575854850677	0.9840575854850677	0.0	0.0	0.9836175698458274	0.9844976011243082	0.0	0.0	0.0	0.0	0.0	0.0	0.5454545454545454	0.4090909090909091	0.8242056144267783	44		S_1	32	29	-1
74	414	1,7,8,11,21,29,31,48,51,61,62,64,70,74,75,82,83,95,104,107,112,116,117,123,145,151,155,157,171,173,194,205,210,211,216,218,219,225,228,243,259,270,278,279,282,289/5,8,22,23,43,107,111,113,114	g-	0.9840422691699429	0.9840422691699429	0.0	0.0	0.9880484807552695	0.9800360575846162	0.0	0.0	0.0	0.0	0.0	0.0	0.7894736842105263	0.23076923076923078	0.8260778760559665	26		S_1	46	9	-1
75	360	1,4,13,14,20,29,33,55,63,65,73,78,79,82,83,85,89,93,96,97,121,132,142,149,160,161,182,189,202,207,208,217,226,239,261,291/3,9,20,39,78,87,151,163,190,200	g+	0.9840123887364707	0.9840123887364707	0.0	0.0	0.9866590264611197	0.9813657510118217	0.0	0.0	0.0	0.0	0.0	0.0	1.0	0.14285714285714285	0.8793074404466108	27		S_1	36	10	-1
76	504	7,19,21,23,41,66,68,132,166,186,198,217,231,234,237,239,248,268/8,12,24,27,31,33,37,39,40,79,112,113,120,123,128,135,137,140,146,147,149,158,159,165,170,187,189,195	g-	0.9840027517457027	0.9840027517457027	0.0	0.0	0.9864257589344563	0.9815797445569492	0.0	0.0	0.0	0.0	0.0	0.0	0.3333333333333333	0.5384615384615384	0.87648095598166	42		S_1	18	28	-1
77	429	9,13,16,33,41,49,50,54,58,59,63,68,70,72,82,87,100,102,119,127,134,139,140,152,167,178,179,200,202,205,207,222,230,239,248,258,264,297,300/6,54,61,62,70,143,157,160,163,189,195	e+	0.9839766245792618	0.9839766245792618	0.0	0.0	0.9871056051873104	0.9808476439712132	0.0	0.0	0.0	0.0	0.0	0.0	0.4166666666666667	0.36363636363636365	0.923072898953826	27		S_1	39	11	-1
78	897	8,59,76,96,99,118,122,127,132,136,137,145,158,162,164,180,210,225,234,260,280,286,288/33,38,39,43,44,47,48,54,57,58,64,72,75,77,98,99,105,114,120,121,136,137,143,148,152,154,161,165,168,173,175,177,189,193,194,196,197,199,200	g-	0.9839670169500021	0.9839670169500021	0.0	0.0	0.9839153763484728	0.9840186575515313	0.0	0.0	0.0	0.0	0.0	0.0	0.34782608695652173	0.68	0.8520155500067917	66		S_1	23	39	-1
79	560	40,43,55,65,79,84,101,112,153,169,190,207,212,228,253,294/16,25,30,41,46,51,69,70,74,85,97,106,110,117,118,122,123,128,129,130,136,137,138,144,159,160,162,168,169,180,183,185,188,189,199	e+	0.983850928876912	0.983850928876912	0.0	0.0	0.98462727895717	0.9830745787966539	0.0	0.0	0.0	0.0	0.0	0.0	0.38461538461538464	0.65	0.844983044357791	37		S_1	16	35	-1
80	841	2,7,8,21,22,25,35,43,66,151,162,170,199,206,213,214,215,218,224,237,239,241,244,245,253,260,266,280,283/6,10,11,12,32,33,37,39,40,41,66,67,69,76,77,79,113,120,128,135,146,150,158,164,166,170,171,176,189	g+	0.983790979285903	0.983790979285903	0.0	0.0	0.9823532416142173	0.9852287169575886	0.0	0.0	0.0	0.0	0.0	0.0	0.47058823529411764	0.5238095238095238	0.7597794330459107	59		S_1	29	29	-1
81	525	10,20,44,50,65,79,80,102,112,128,145,156,159,161,172,173,249,251,273,296,297/2,19,25,38,39,40,55,56,68,77,96,97,115,118,120,122,126,148,153,172,177,181,187,191,198	g-	0.9837763023724024	0.9837763023724024	0.0	0.0	0.983767780380906	0.9837848243638989	0.0	0.0	0.0	0.0	0.0	0.0	0.4166666666666667	0.5909090909090909	0.8822555341745348	51		S_1	21	25	-1
