#number	block_area	block_id	move_type	pre_criterion	full_crit	expr_mean_crit	expr_mean_crit	expr_reg_crit	expr_kend_crit	expr_cor_crit	expr_euc_crit	expr_spear_crit	PPI_crit	feat_crit	TF_crit	percent_orig_genes	percent_orig_exp	exp_mean	trajectory_position	FEATURE_INDICES	move_class	num_genes	num_exps
1	288	31,32,33,34,35,36,37,39,40,41,42,43,44,45,75,90,94,143/7,31,32,33,34,35,36,37,38,39,40,41,42,43,44,45	g-	0.9887477600692591	0.9887477600692591	0.0	0.0	0.0	0.0	0.9887477600692591	0.0	0.0	0.0	0.0	0.0	0.55	0.9333333333333333	0.7554517902475602	11		S_1	18	16	-1
2	306	16,17,18,19,20,21,22,23,25,26,27,28,29,30,55,95,140/4,16,17,18,19,20,21,22,23,24,25,26,27,28,29,30,38,66	g-	0.9882587052397602	0.9882587052397602	0.0	0.0	0.0	0.0	0.9882587052397602	0.0	0.0	0.0	0.0	0.0	0.0	0.8235294117647058	0.8685985206251576	20		S_1	17	18	-1
3	288	1,2,3,4,5,6,7,9,10,11,12,13,14,15,52,100/1,2,3,4,5,6,7,8,9,10,11,12,13,14,15,79,90,94	g-	0.9881439971877863	0.9881439971877863	0.0	0.0	0.0	0.0	0.9881439971877863	0.0	0.0	0.0	0.0	0.0	0.2727272727272727	0.391304347826087	0.7946116919996398	23		S_1	16	18	-1
4	123	3,52,137/1,2,3,5,6,9,11,14,16,21,22,27,30,31,33,34,37,38,42,46,47,48,49,52,55,56,57,64,66,68,75,77,78,79,84,86,88,90,93,95,97	e+	0.9873975881705743	0.9873975881705743	0.0	0.0	0.0	0.0	0.9873975881705743	0.0	0.0	0.0	0.0	0.0	0.1111111111111111	0.68	0.8361711900210073	46		S_1	3	41	-1
5	464	2,4,9,13,22,25,31,34,42,43,90,91,99,106,124,126/2,3,7,8,9,14,20,33,34,36,37,39,40,41,42,43,44,45,53,54,57,60,73,80,82,85,86,95,96	g-	0.9835027820301836	0.9835027820301836	0.0	0.0	0.0	0.0	0.9835027820301836	0.0	0.0	0.0	0.0	0.0	0.2	0.5833333333333334	0.7274034998202894	49		S_1	16	29	-1
6	84	15,33,105/1,4,5,7,9,12,15,22,30,32,34,38,41,42,48,50,53,54,56,65,66,74,76,80,83,85,89,98	g-	0.9833953883280204	0.9833953883280204	0.0	0.0	0.0	0.0	0.9833953883280204	0.0	0.0	0.0	0.0	0.0	0.2	0.68	0.9264248622003595	33		S_1	3	28	-1
7	150	7,33,74,88,105/3,6,10,11,13,19,21,24,31,34,35,36,40,41,44,45,48,51,55,63,79,80,81,84,86,87,90,91,94,99	g-	0.9823308038304306	0.9823308038304306	0.0	0.0	0.0	0.0	0.9823308038304306	0.0	0.0	0.0	0.0	0.0	0.3	0.7272727272727273	0.8360248821009476	30		S_1	5	30	-1
8	270	10,14,24,41,58,89,93,104,132,137/2,3,5,11,16,19,24,28,33,42,44,46,49,50,52,54,55,70,74,79,84,85,87,88,90,94,99	e+	0.9821979627797142	0.9821979627797142	0.0	0.0	0.0	0.0	0.9821979627797142	0.0	0.0	0.0	0.0	0.0	0.36363636363636365	0.68	0.7895119437467842	34		S_1	10	27	-1
9	297	14,18,28,58,78,116,121,130,132,137,149/2,5,17,19,24,25,27,28,29,37,38,42,49,52,57,68,70,74,79,81,84,85,87,90,92,94,96	e+	0.9810628294723979	0.9810628294723979	0.0	0.0	0.0	0.0	0.9810628294723979	0.0	0.0	0.0	0.0	0.0	0.21428571428571427	0.48	0.821596744677733	41		S_1	11	27	-1
