#number	block_area	block_id	move_type	pre_criterion	full_crit	expr_mean_crit	expr_mean_crit	expr_reg_crit	expr_kend_crit	expr_cor_crit	expr_euc_crit	expr_spear_crit	PPI_crit	feat_crit	TF_crit	percent_orig_genes	percent_orig_exp	exp_mean	trajectory_position	FEATURE_INDICES	move_class	num_genes	num_exps
1	319	22,41,42,43,44,45,46,47,48,49,50,51,52,53,54,55,56,57,58,59,60,76,85,102,111,112,141,163,177/41,42,52,53,54,55,56,57,58,59,60	g+	0.9894199772381038	0.9894199772381038	0.0	0.0	0.9900634146317521	0.9887765398444557	0.0	0.0	0.0	0.0	0.0	0.0	0.9047619047619048	0.125	0.9501960685781861	27		S_1	29	11	-1
2	370	29,34,40,44,51,58,61,62,63,64,65,66,67,68,69,70,71,72,73,74,75,76,77,78,79,80,87,100,134,138,139,164,177,179,183,189,196/34,61,62,63,74,76,78,79,80,126	g+	0.9875214820841147	0.9875214820841147	0.0	0.0	0.9895735672676716	0.9854693969005579	0.0	0.0	0.0	0.0	0.0	0.0	0.8461538461538461	0.13043478260869565	0.9914125420016197	33		S_1	37	10	-1
3	754	21,23,26,28,29,31,33,34,35,36,37,40,52,56,74,75,88,91,100,137,148,154,162,176,189,194/17,21,22,28,34,37,38,39,40,45,61,63,64,70,76,77,82,88,95,101,102,109,112,128,129,130,137,143,148	e-	0.9867626534714332	0.9867626534714332	0.0	0.0	0.9872427744816394	0.986282532461227	0.0	0.0	0.0	0.0	0.0	0.0	0.7272727272727273	0.45454545454545453	0.8983120167278146	58		S_1	26	29	-1
4	696	1,2,3,4,5,6,7,8,9,12,13,14,16,18,19,29,44,48,49,52,58,59,60,61,65,76,80,86,194/7,8,9,10,11,12,13,14,15,16,17,21,22,36,41,42,43,59,60,64,79,80,130,134	g+	0.9861008161856057	0.9861008161856057	0.0	0.0	0.9844274556809753	0.9877741766902361	0.0	0.0	0.0	0.0	0.0	0.0	0.375	0.2727272727272727	0.7968569504702118	80		S_1	29	24	-1
5	728	1,2,3,4,5,6,7,8,9,10,12,13,14,15,16,17,18,19,20,42,73,80,129,136,144,149,171,196/1,2,3,4,5,7,8,9,10,12,13,17,20,28,31,32,42,54,62,94,110,118,122,127,132,143	g+	0.9858518793970676	0.9858518793970676	0.0	0.0	0.984168962787945	0.9875347960061902	0.0	0.0	0.0	0.0	0.0	0.0	0.5	0.47058823529411764	0.844008636390667	65		S_1	28	26	-1
6	336	21,22,23,24,26,27,28,29,30,31,32,33,34,35,36,37,38,40,42,52,92,102,105,135,137,148,189,194/21,26,27,28,30,31,32,33,35,38,40,53	g-	0.9856506617202683	0.9856506617202683	0.0	0.0	0.988444810899507	0.9828565125410297	0.0	0.0	0.0	0.0	0.0	0.0	0.7272727272727273	0.6666666666666666	0.7426114650102146	18		S_1	28	12	-1
7	560	23,24,28,29,30,31,34,36,37,38,39,40,61,62,64,65,67,68,69,71,72,73,76,78,86,105,173,189/2,27,28,29,30,31,32,33,34,35,61,62,63,78,79,80,85,114,127,146	e+	0.9853412512069102	0.9853412512069102	0.0	0.0	0.9851356791047393	0.9855468233090812	0.0	0.0	0.0	0.0	0.0	0.0	0.9375	0.7058823529411765	0.8810441523233085	27		S_1	28	20	-1
8	651	9,21,22,23,24,25,26,27,28,30,33,34,36,37,52,84,109,144,154,176,189/9,12,13,21,22,29,38,39,40,55,60,62,63,66,85,95,102,106,108,109,116,122,128,129,135,136,142,143,144,145,147	e+	0.9851001709658311	0.9851001709658311	0.0	0.0	0.9869420901488435	0.9832582517828188	0.0	0.0	0.0	0.0	0.0	0.0	0.4	0.5416666666666666	0.9320112512748541	46		S_1	21	31	-1
9	756	1,6,10,21,25,32,38,39,40,52,63,70,96,99,100,117,139,144,153,182,190/2,9,10,12,14,21,22,38,39,40,43,52,53,58,59,60,67,68,69,72,76,86,90,95,97,109,110,118,122,125,129,130,137,141,145,147	g-	0.9849632870822467	0.9849632870822467	0.0	0.0	0.9862745485071648	0.9836520256573287	0.0	0.0	0.0	0.0	0.0	0.0	0.25	0.75	0.8694333311922036	77		S_1	21	36	-1
10	792	3,7,9,17,31,41,45,46,48,50,51,52,53,54,57,58,59,60,76,78,83,95,102,111,121,129,147,161,175,177,197,198,199/2,19,27,30,31,34,41,42,49,50,52,53,54,55,56,69,74,78,89,96,112,119,123,140	g-	0.9846247027504804	0.9846247027504804	0.0	0.0	0.9840584029903576	0.9851910025106032	0.0	0.0	0.0	0.0	0.0	0.0	0.4090909090909091	0.36363636363636365	0.8241072627122662	66		S_1	33	24	-1
11	315	6,21,37,39,41,42,43,44,45,47,48,49,51,52,54,55,56,57,58,59,60,73,76,79,85,87,89,98,102,108,112,115,118,125,129,140,144,145,153,154,158,169,177,183,193/53,58,60,68,86,113,140	g+	0.9844806954688359	0.9844806954688359	0.0	0.0	0.9894350166244741	0.9795263743131977	0.0	0.0	0.0	0.0	0.0	0.0	0.42857142857142855	0.07142857142857142	0.8745651482116035	30		S_1	45	7	-1
12	903	1,2,3,4,5,7,8,9,11,12,13,14,15,16,19,20,34,43,44,45,46,49,50,54,58,59,60,64,73,77,82,98,102,109,121,129,138,154,163,165,167,171,182/6,8,9,10,11,12,20,22,23,32,41,45,52,60,105,106,122,125,126,139,147	g+	0.9844377275118766	0.9844377275118766	0.0	0.0	0.9845715744226815	0.9843038806010718	0.0	0.0	0.0	0.0	0.0	0.0	0.8181818181818182	0.4583333333333333	0.8335695193090455	37		S_1	43	21	-1
13	675	2,3,4,5,6,7,9,10,16,17,18,19,25,28,32,35,45,66,68,87,100,108,117,138,161/1,2,3,15,19,20,28,31,35,39,53,67,69,71,82,86,89,90,96,97,110,112,117,122,132,137,149	g-	0.9843056144930904	0.9843056144930904	0.0	0.0	0.9848460496589146	0.9837651793272663	0.0	0.0	0.0	0.0	0.0	0.0	1.0	0.46153846153846156	0.892221515488778	47		S_1	25	27	-1
14	297	7,41,53,71,77,91,100,147,159/2,9,10,13,16,21,26,34,37,41,42,53,60,69,70,72,73,81,86,92,96,98,108,116,124,126,131,136,137,138,142,143,150	e+	0.9841999338204254	0.9841999338204254	0.0	0.0	0.9872081228131895	0.9811917448276612	0.0	0.0	0.0	0.0	0.0	0.0	0.2	0.2916666666666667	0.8466328359336959	46		S_1	9	33	-1
15	868	21,23,31,34,35,51,61,63,70,73,74,79,80,91,92,97,103,104,105,110,123,142,146,148,154,155,167,170,172,183,185/6,8,11,14,19,26,27,40,44,59,66,68,69,70,72,75,97,100,106,110,120,121,128,129,130,141,146,148	g-	0.9841651344605972	0.9841651344605972	0.0	0.0	0.9840639413951875	0.9842663275260068	0.0	0.0	0.0	0.0	0.0	0.0	0.3333333333333333	0.5652173913043478	0.8142854067583561	43		S_1	31	28	-1
16	625	4,5,14,17,22,26,33,36,37,47,54,69,70,71,80,81,89,111,120,126,130,150,157,163,169/10,14,18,27,39,48,73,76,84,88,92,98,101,102,103,104,111,123,127,133,136,137,138,143,150	g+	0.9839593990934506	0.9839593990934506	0.0	0.0	0.9832546953354393	0.984664102851462	0.0	0.0	0.0	0.0	0.0	0.0	0.5882352941176471	0.625	0.8674674118128872	45		S_1	25	25	-1
17	360	23,44,49,51,57,58,59,67,76,99,102,103,153,186,187/3,26,28,32,36,41,42,43,44,58,59,60,61,64,67,76,78,79,80,88,94,134,136,146	g-	0.9838066840021037	0.9838066840021037	0.0	0.0	0.9851647081517132	0.9824486598524942	0.0	0.0	0.0	0.0	0.0	0.0	0.3	0.4444444444444444	0.9252197232285724	54		S_1	15	24	-1
18	546	1,6,16,27,29,35,58,60,65,68,70,71,74,100,104,117,120,125,160,165,173,174,179,195,196,199/6,9,16,19,33,35,55,76,78,80,86,90,106,110,114,116,122,125,132,134,139	g-	0.9838011190460996	0.9838011190460996	0.0	0.0	0.9844025040028698	0.9831997340893293	0.0	0.0	0.0	0.0	0.0	0.0	0.5555555555555556	0.3333333333333333	0.9372035888921615	55		S_1	26	21	-1
19	396	1,2,3,7,9,10,18,20,28,68,87,88,100,114,116,144,184,192/1,2,3,5,17,18,19,20,26,27,28,39,40,54,66,67,76,82,89,112,113,141	g-	0.9836292337390707	0.9836292337390707	0.0	0.0	0.9835517538647953	0.9837067136133462	0.0	0.0	0.0	0.0	0.0	0.0	0.3333333333333333	0.4782608695652174	0.8737791223992053	54		S_1	18	22	-1
20	874	10,40,61,62,63,64,69,70,75,76,79,80,100,103,111,116,117,140,146,150,178,186,194/1,6,14,15,20,27,37,38,39,47,50,51,58,59,67,69,70,72,73,74,83,84,86,88,96,97,99,106,118,121,125,130,131,132,141,143,145,147	g+	0.983477655289433	0.983477655289433	0.0	0.0	0.9833126342851846	0.9836426762936814	0.0	0.0	0.0	0.0	0.0	0.0	0.42105263157894735	0.5217391304347826	0.7685988982048209	40		S_1	23	38	-1
21	384	9,14,41,46,48,50,52,59,76,79,80,134,141,144,147,153/2,7,8,12,13,14,21,27,31,37,41,42,57,58,60,69,72,86,93,94,96,97,98,119	g-	0.9834390735045452	0.9834390735045452	0.0	0.0	0.9841712727608933	0.982706874248197	0.0	0.0	0.0	0.0	0.0	0.0	0.25	0.5	0.9281708473453895	48		S_1	16	24	-1
22	630	1,5,6,17,23,28,30,31,33,35,36,38,39,45,54,75,80,86,87,91,92,96,99,100,119,137,148,154,163,169,172,185,187,189,200/22,26,27,30,40,50,52,53,65,67,78,89,92,104,117,120,121,148	g+	0.9834083133777589	0.9834083133777589	0.0	0.0	0.9843133506350565	0.9825032761204612	0.0	0.0	0.0	0.0	0.0	0.0	0.8461538461538461	0.6428571428571429	0.8742664155576076	32		S_1	35	18	-1
23	891	1,2,5,6,7,21,28,31,33,35,36,40,43,62,70,73,79,80,84,122,141,148,154,172,185,189,194/8,9,11,12,13,21,22,25,40,41,50,52,64,70,72,73,74,76,85,86,92,95,102,108,111,117,119,121,129,143,146,148,150	g+	0.9833815398761968	0.9833815398761968	0.0	0.0	0.9833653475088264	0.9833977322435672	0.0	0.0	0.0	0.0	0.0	0.0	0.4117647058823529	0.4166666666666667	0.8557620565206924	61		S_1	27	33	-1
24	728	4,13,15,22,24,26,27,34,35,36,37,46,47,49,79,82,90,100,127,130,132,133,135,143,151,154,168,194/6,11,21,22,23,25,38,39,40,49,65,72,73,74,76,84,100,101,103,112,113,117,131,143,146,148	g+	0.9832835313987526	0.9832835313987526	0.0	0.0	0.9827840264831506	0.9837830363143546	0.0	0.0	0.0	0.0	0.0	0.0	0.7058823529411765	0.5	0.8806293766543816	50		S_1	28	26	-1
25	375	51,63,64,65,66,67,68,71,72,78,80,100,136,167,177/18,21,34,39,46,49,53,54,61,62,63,70,77,78,79,80,83,86,89,91,114,124,132,144,150	g-	0.983232241163194	0.983232241163194	0.0	0.0	0.9845430555310042	0.9819214267953837	0.0	0.0	0.0	0.0	0.0	0.0	0.6153846153846154	0.55	0.9321115600132417	42		S_1	15	25	-1
26	312	13,82,86,96,107,117,119,135,173,174,188,200/7,10,21,34,35,40,49,52,58,60,65,66,69,73,85,94,107,119,120,125,127,129,130,134,144,147	e+	0.9832033642796283	0.9832033642796283	0.0	0.0	0.9855791636631943	0.9808275648960623	0.0	0.0	0.0	0.0	0.0	0.0	0.6666666666666666	0.8421052631578947	0.9098127542602389	18		S_1	12	26	-1
27	899	4,5,8,10,14,19,38,39,43,46,47,49,50,52,54,56,58,71,73,80,99,112,113,116,130,140,144,151,154/1,7,10,13,15,22,23,41,43,44,58,60,68,70,84,85,93,97,102,103,104,107,108,111,121,130,134,135,138,143,145	g-	0.9831375919254797	0.9831375919254797	0.0	0.0	0.9836179563980993	0.98265722745286	0.0	0.0	0.0	0.0	0.0	0.0	0.2916666666666667	0.3333333333333333	0.8605167055906366	45		S_1	29	31	-1
28	528	36,67,80,84,89,100,107,149,159,175,183,194/2,9,11,17,21,27,38,39,42,48,49,50,55,57,59,65,67,70,72,73,78,85,86,90,91,93,95,102,103,111,114,121,123,131,135,136,137,138,141,143,144,145,146,147	g+	0.9830997694673453	0.9830997694673453	0.0	0.0	0.9852310050613056	0.9809685338733852	0.0	0.0	0.0	0.0	0.0	0.0	0.2727272727272727	0.5	0.8464987558478158	47		S_1	12	44	-1
29	1080	1,15,21,27,30,34,39,43,46,48,50,53,54,60,65,68,71,77,85,95,96,97,100,101,104,105,120,125,143,155,158,160,164,165,167,175,179,195,196,198/5,6,10,13,16,17,19,21,36,45,47,48,51,53,73,74,78,82,100,115,119,123,125,130,134,141,143	g-	0.9830608140019602	0.9830608140019602	0.0	0.0	0.9834010935806559	0.9827205344232646	0.0	0.0	0.0	0.0	0.0	0.0	0.4782608695652174	0.5909090909090909	0.83254019980904	41		S_1	40	27	-1
30	651	7,16,20,21,28,33,37,41,48,52,53,62,75,83,91,97,100,107,116,162,170/2,16,18,21,28,36,37,39,40,45,46,54,59,60,69,70,72,76,81,97,101,102,105,108,112,129,133,137,141,142,143	e+	0.9829281799773466	0.9829281799773466	0.0	0.0	0.9835782387400431	0.9822781212146501	0.0	0.0	0.0	0.0	0.0	0.0	0.3888888888888889	0.4166666666666667	0.8658946832565584	69		S_1	21	31	-1
31	364	6,27,33,34,37,71,79,80,99,100,130,143,148,151/1,10,13,17,18,22,34,50,53,57,58,62,82,84,92,102,103,108,115,116,117,119,125,134,138,141	g-	0.9828161123678594	0.9828161123678594	0.0	0.0	0.983791936482856	0.9818402882528627	0.0	0.0	0.0	0.0	0.0	0.0	0.5	0.8823529411764706	0.9019687609187955	23		S_1	14	26	-1
32	480	20,21,23,26,27,29,30,31,40,49,61,89,148,168,182,187/16,23,27,28,29,30,31,32,33,34,44,56,59,67,70,73,74,76,88,89,94,97,98,103,113,120,127,140,143,146	e+	0.9828143478894786	0.9828143478894786	0.0	0.0	0.9816113294362088	0.9840173663427485	0.0	0.0	0.0	0.0	0.0	0.0	0.21052631578947367	0.7142857142857143	0.7191137846688995	44		S_1	16	30	-1
33	512	32,39,42,44,52,54,55,56,62,76,77,79,83,85,92,93,98,102,105,109,112,119,123,135,153,154,163,169,178,180,181,193/7,34,37,53,58,60,65,71,74,88,89,103,120,122,131,140	g-	0.9827423629454004	0.9827423629454004	0.0	0.0	0.9839273838206755	0.9815573420701253	0.0	0.0	0.0	0.0	0.0	0.0	0.42857142857142855	0.5714285714285714	0.8218537497617647	43		S_1	32	16	-1
34	600	21,24,25,30,31,32,38,39,40,93,94,96,99,100,119,122,138,147,149,150,153,162,182,189/8,9,20,21,22,28,30,40,47,52,67,73,76,84,86,92,95,102,105,106,107,112,118,133,144	g-	0.9826899638766673	0.9826899638766673	0.0	0.0	0.9838490233968159	0.9815309043565188	0.0	0.0	0.0	0.0	0.0	0.0	0.631578947368421	0.6363636363636364	0.9081599903112387	49		S_1	24	25	-1
35	540	18,39,42,43,46,54,55,56,57,59,64,69,71,76,78,98,168,178/5,19,23,30,35,45,47,48,49,50,51,61,62,66,75,79,80,85,98,102,109,112,113,116,117,118,133,140,146,149	g+	0.9826531071761222	0.9826531071761222	0.0	0.0	0.9827370563982103	0.9825691579540341	0.0	0.0	0.0	0.0	0.0	0.0	0.2	0.52	0.8171474215760264	40		S_1	18	30	-1
36	392	1,4,11,12,44,47,49,50,52,54,58,59,73,76,80,82,83,96,102,127,128,132,135,147,154,171,185,194/9,11,22,23,34,41,58,60,82,94,98,126,139,149	g+	0.9826406066877432	0.9826406066877432	0.0	0.0	0.9824413829463523	0.9828398304291341	0.0	0.0	0.0	0.0	0.0	0.0	0.3333333333333333	0.46153846153846156	0.8391173386881865	31		S_1	28	14	-1
37	289	29,32,35,45,64,66,75,76,79,88,100,127,135,153,174,189,196/22,25,28,48,61,64,80,84,88,93,104,111,112,113,128,133,143	g-	0.982592968625705	0.982592968625705	0.0	0.0	0.9846181568042185	0.9805677804471915	0.0	0.0	0.0	0.0	0.0	0.0	0.4666666666666667	0.3333333333333333	0.9600510854389013	21		S_1	17	17	-1
38	245	4,10,18,21,22,29,30,33,36,37,47,48,50,52,57,66,68,71,83,97,101,108,111,126,132,135,136,152,155,156,161,172,174,182,196/18,39,54,88,101,132,147	g-	0.9825006951996179	0.9825006951996179	0.0	0.0	0.9854596642329425	0.9795417261662933	0.0	0.0	0.0	0.0	0.0	0.0	0.625	0.23076923076923078	0.8657215476027063	19		S_1	35	7	-1
39	650	5,7,10,19,21,34,49,51,53,54,61,69,71,78,91,103,113,140,143,146,151,175,177,188,190/10,15,27,29,54,58,70,71,72,79,84,88,99,102,103,104,106,111,116,118,121,130,133,138,143,144	g+	0.9823616577282266	0.9823616577282266	0.0	0.0	0.9815323785465258	0.9831909369099275	0.0	0.0	0.0	0.0	0.0	0.0	0.4166666666666667	0.4166666666666667	0.8203097722111893	52		S_1	25	26	-1
40	644	5,12,16,21,27,30,32,34,36,39,47,49,51,54,55,56,57,60,65,70,71,73,74,95,96,97,98,100,102,104,120,139,143,151,155,158,160,164,165,173,175,179,194,195,196,200/6,16,19,27,34,47,51,78,116,118,125,126,132,134	g-	0.9823112074036049	0.9823112074036049	0.0	0.0	0.9838494708229191	0.9807729439842907	0.0	0.0	0.0	0.0	0.0	0.0	0.8888888888888888	0.16666666666666666	0.8597303350982206	22		S_1	46	14	-1
41	380	2,3,5,9,10,17,19,30,38,39,67,87,109,132,138,149,170,179,182/1,2,3,18,20,28,29,37,39,47,49,67,86,96,97,110,114,132,137,145	e+	0.9823020752769789	0.9823020752769789	0.0	0.0	0.9818595338743936	0.982744616679564	0.0	0.0	0.0	0.0	0.0	0.0	0.4666666666666667	0.7692307692307693	0.9146861280665881	44		S_1	19	20	-1
42	423	1,3,8,9,11,12,22,23,33,34,38,44,52,68,70,73,74,76,79,80,82,83,92,93,94,102,106,114,125,128,132,134,136,143,145,155,161,167,170,173,188,190,191,193,194,196,197/11,23,34,39,62,77,126,127,149	g-	0.9822303536775472	0.9822303536775472	0.0	0.0	0.9841958260196021	0.9802648813354924	0.0	0.0	0.0	0.0	0.0	0.0	0.9545454545454546	0.38461538461538464	0.784782941171221	17		S_1	47	9	-1
43	294	21,23,31,33,34,35,37,45,51,67,74,85,91,92,105,137,142,148,180,185,189/24,40,49,54,67,84,100,110,113,129,140,142,144,148	e+	0.9821256150180957	0.9821256150180957	0.0	0.0	0.9850514979652087	0.9791997320709827	0.0	0.0	0.0	0.0	0.0	0.0	0.6363636363636364	0.7272727272727273	0.9455143748798339	24		S_1	21	14	-1
44	448	20,21,22,26,29,34,36,37,42,48,52,84,102,138,194,199/2,12,16,21,22,38,39,40,41,42,52,60,62,78,80,83,86,90,95,109,118,124,125,128,129,134,145,147	e+	0.9821225980773218	0.9821225980773218	0.0	0.0	0.9848245119931103	0.9794206841615333	0.0	0.0	0.0	0.0	0.0	0.0	0.8888888888888888	0.75	0.972567647055392	23		S_1	16	28	-1
45	625	3,24,31,33,48,50,57,69,94,95,101,103,108,112,115,123,126,133,135,148,154,156,161,167,194/5,7,8,10,13,17,19,24,26,29,36,42,47,48,51,56,75,77,87,112,115,121,123,130,142	g-	0.9821151789306284	0.9821151789306284	0.0	0.0	0.9810329620673368	0.9831973957939201	0.0	0.0	0.0	0.0	0.0	0.0	0.375	0.7272727272727273	0.8459581059024994	50		S_1	25	25	-1
46	378	57,63,90,95,96,100,103,123,152,154,164,168,180,194/5,10,13,14,17,26,29,32,36,37,40,47,48,65,74,81,86,90,91,99,107,112,123,130,131,137,141	g-	0.9820760420473224	0.9820760420473224	0.0	0.0	0.9825489159520318	0.981603168142613	0.0	0.0	0.0	0.0	0.0	0.0	0.16666666666666666	0.5909090909090909	0.8679383985070196	41		S_1	14	27	-1
47	627	6,9,25,47,62,73,76,79,94,96,102,115,130,143,147,158,159,185,188/8,9,10,11,22,23,26,27,42,43,44,57,58,73,81,86,88,95,96,99,103,108,109,111,121,124,129,134,138,139,140,142,149	e+	0.982012274188917	0.982012274188917	0.0	0.0	0.9814534775957675	0.9825710707820664	0.0	0.0	0.0	0.0	0.0	0.0	0.35	0.6818181818181818	0.7718567955887995	37		S_1	19	33	-1
48	500	8,12,22,33,34,37,43,46,48,52,53,82,91,101,126,132,137,140,156,160/11,18,37,39,44,60,62,63,65,69,71,87,95,101,102,103,112,127,137,138,143,144,145,147,149	e+	0.9819783882304308	0.9819783882304308	0.0	0.0	0.9824594285477228	0.9814973479131388	0.0	0.0	0.0	0.0	0.0	0.0	0.5	0.5789473684210527	0.9116898406015645	47		S_1	20	25	-1
49	342	2,16,27,28,40,42,48,60,95,104,120,134,151,160,165,173,177,196/8,11,16,17,33,44,55,63,74,77,78,82,90,114,125,126,128,134,139	e+	0.981951353700047	0.981951353700047	0.0	0.0	0.9837551013879606	0.9801476060121335	0.0	0.0	0.0	0.0	0.0	0.0	0.6666666666666666	0.6923076923076923	0.9558962192012603	28		S_1	18	19	-1
50	725	1,3,5,9,19,21,41,43,50,68,70,71,73,81,95,106,113,115,118,129,132,136,138,139,155,174,186,188,196/1,30,32,41,51,70,72,73,77,81,84,93,98,102,104,105,111,117,121,130,133,137,138,143,150	g+	0.9818631693113792	0.9818631693113792	0.0	0.0	0.9811357739307152	0.9825905646920432	0.0	0.0	0.0	0.0	0.0	0.0	0.6842105263157895	0.5833333333333334	0.8347587245106493	39		S_1	29	25	-1
51	620	25,27,33,34,37,43,44,50,52,56,57,62,83,102,108,140,141,144,190,196/8,12,14,27,28,29,30,31,41,42,43,54,58,59,60,67,69,72,94,97,100,104,109,110,111,120,121,124,133,134,140	g-	0.981862314626841	0.981862314626841	0.0	0.0	0.9813362966535661	0.9823883326001159	0.0	0.0	0.0	0.0	0.0	0.0	0.5	0.5	0.7964548641802803	61		S_1	20	31	-1
52	308	1,8,9,14,16,24,26,34,69,86,94,122,134,182/7,8,9,10,11,12,13,21,22,23,40,45,59,61,67,73,79,92,106,112,136,144	g-	0.9818543172723324	0.9818543172723324	0.0	0.0	0.9815970142475865	0.9821116202970782	0.0	0.0	0.0	0.0	0.0	0.0	0.2	0.6666666666666666	0.8181378046939524	40		S_1	14	22	-1
53	320	3,4,28,34,42,56,62,64,67,68,69,73,78,87,88,98,100,102,106,109,113,114,122,129,131,132,138,148,149,155,158,161,170,179,191,192,193,196,197,199/2,37,43,62,81,100,132,145	g-	0.9818525989131491	0.9818525989131491	0.0	0.0	0.9830223220779497	0.9806828757483486	0.0	0.0	0.0	0.0	0.0	0.0	1.0	0.3076923076923077	0.710331762494343	20		S_1	40	8	-1
54	483	10,15,26,27,28,33,34,37,38,39,40,41,62,64,65,71,78,125,131,150,159,163,178/16,28,29,30,31,32,33,35,56,58,61,62,85,90,94,109,126,127,128,134,141	g+	0.9818224388347656	0.9818224388347656	0.0	0.0	0.9805529015548017	0.9830919761147296	0.0	0.0	0.0	0.0	0.0	0.0	0.3684210526315789	0.7058823529411765	0.87929276740172	45		S_1	23	21	-1
55	216	29,85,92,113,117,137,146,185,194/7,8,15,18,20,36,38,39,40,56,61,68,69,70,75,89,90,93,97,101,106,114,120,139	g-	0.981806722653096	0.981806722653096	0.0	0.0	0.9842652828835619	0.9793481624226301	0.0	0.0	0.0	0.0	0.0	0.0	0.45454545454545453	0.8571428571428571	0.8319665031685218	21		S_1	9	24	-1
56	450	23,24,33,52,68,73,75,85,112,113,115,118,124,133,142,154,155,167,180,183,184,186,187,191,192/12,21,22,38,40,43,58,60,99,101,102,104,115,118,122,129,130,143	g-	0.9818043030601856	0.9818043030601856	0.0	0.0	0.983461164077861	0.9801474420425103	0.0	0.0	0.0	0.0	0.0	0.0	0.7142857142857143	0.375	0.8574773955036968	25		S_1	25	18	-1
57	450	3,12,18,23,92,111,126,138,142,146,155,156,161,176,187/1,3,13,30,33,34,38,39,52,53,59,61,66,67,69,71,72,77,88,89,92,93,101,103,105,111,112,130,143,144	e+	0.9817782087609546	0.9817782087609546	0.0	0.0	0.9819715142432461	0.981584903278663	0.0	0.0	0.0	0.0	0.0	0.0	0.3333333333333333	0.6842105263157895	0.8855668513385813	45		S_1	15	30	-1
58	544	26,29,44,49,58,69,70,71,77,92,100,108,117,150,165,179,181/1,7,10,13,15,17,20,21,26,35,39,40,42,43,46,56,57,61,64,69,72,75,80,81,86,89,97,106,111,114,128,132	g-	0.9817776795304008	0.9817776795304008	0.0	0.0	0.9818302630481812	0.9817250960126205	0.0	0.0	0.0	0.0	0.0	0.0	0.2727272727272727	0.5384615384615384	0.8566701416181511	53		S_1	17	32	-1
59	696	23,43,44,48,50,52,63,66,67,71,74,107,111,127,128,140,144,147,156,160,166,169,186,190/5,14,24,29,39,41,43,44,58,59,60,67,68,69,70,71,72,97,99,104,105,106,109,119,121,130,138,143,145	g-	0.9817419122947346	0.9817419122947346	0.0	0.0	0.9819421106214798	0.9815417139679893	0.0	0.0	0.0	0.0	0.0	0.0	0.3684210526315789	0.6956521739130435	0.824012959575528	48		S_1	24	29	-1
60	651	5,8,10,23,26,32,33,47,58,88,93,94,100,122,126,157,166,172,176,183,194/7,8,9,10,11,22,34,39,47,66,67,73,76,77,81,82,88,93,98,101,102,105,108,111,112,113,133,138,143,144,149	g+	0.981685030056273	0.981685030056273	0.0	0.0	0.9817919923790531	0.9815780677334927	0.0	0.0	0.0	0.0	0.0	0.0	0.42105263157894735	0.5833333333333334	0.8059803587254687	37		S_1	21	31	-1
61	625	17,22,34,40,62,76,78,79,82,103,111,116,117,126,133,135,144,148,176,182,183,186,189,192,194/5,12,14,16,19,26,28,29,42,45,47,48,51,64,68,70,75,78,87,88,94,97,109,121,124	g-	0.9815967409970765	0.9815967409970765	0.0	0.0	0.979829719497525	0.9833637624966282	0.0	0.0	0.0	0.0	0.0	0.0	0.6	0.4090909090909091	0.7787017977494475	42		S_1	25	25	-1
62	520	4,21,23,25,27,28,30,31,34,35,39,40,46,52,56,66,67,91,98,100,114,147,162,179,181,187/2,10,21,38,39,40,46,47,64,72,81,96,97,102,115,124,129,130,132,145	g-	0.9815595766536525	0.9815595766536525	0.0	0.0	0.9828066886063063	0.9803124647009986	0.0	0.0	0.0	0.0	0.0	0.0	0.45454545454545453	0.3181818181818182	0.8505352779559888	42		S_1	26	20	-1
63	672	21,23,25,26,28,31,32,33,34,36,37,38,39,40,94,101,109,122,144,147,150,159,182,197/2,9,13,17,21,22,28,29,32,33,43,44,55,60,62,68,69,95,103,108,128,134,136,137,141,142,149,150	g+	0.981493920483699	0.981493920483699	0.0	0.0	0.9801985629751336	0.9827892779922642	0.0	0.0	0.0	0.0	0.0	0.0	0.6842105263157895	0.8095238095238095	0.8668464439933316	31		S_1	24	28	-1
64	840	3,9,11,44,57,58,62,64,66,69,71,73,78,82,95,100,120,130,136,140,161,164,169,174,178,180,181,186,191,198/3,5,17,21,26,29,30,31,40,42,44,46,59,65,69,73,77,79,92,100,112,114,116,131,132,134,142,146	g+	0.9814888119879457	0.9814888119879457	0.0	0.0	0.981582152381197	0.9813954715946944	0.0	0.0	0.0	0.0	0.0	0.0	0.68	0.76	0.8525893864544141	32		S_1	30	28	-1
65	774	1,7,8,23,28,29,31,32,35,36,38,39,40,44,52,57,70,75,84,88,89,92,105,122,126,127,133,134,135,137,138,140,141,142,149,169,172,180,182,190,192,194,196/7,21,34,37,38,39,40,55,63,77,82,93,100,111,126,127,149,150	g+	0.9814155717151624	0.9814155717151624	0.0	0.0	0.9825344786225609	0.9802966648077638	0.0	0.0	0.0	0.0	0.0	0.0	0.6923076923076923	0.6153846153846154	0.7685491521797495	26		S_1	43	18	-1
66	464	34,43,47,52,56,66,83,99,107,140,143,151,167,169,180,190/10,12,14,19,24,26,29,30,43,47,58,59,60,66,68,69,72,97,99,100,109,121,129,130,131,133,135,143,145	e+	0.9813976880598789	0.9813976880598789	0.0	0.0	0.982126528936042	0.9806688471837157	0.0	0.0	0.0	0.0	0.0	0.0	0.4166666666666667	0.5909090909090909	0.8420220879975089	45		S_1	16	29	-1
67	252	23,28,29,31,40,52,80,91,98,105,176,179,185,196/2,10,12,39,40,42,58,59,72,94,96,97,99,115,129,137,143,145	g-	0.9813737939359048	0.9813737939359048	0.0	0.0	0.9846865629264068	0.9780610249454029	0.0	0.0	0.0	0.0	0.0	0.0	0.36363636363636365	0.5625	0.9338090769604636	36		S_1	14	18	-1
