#number	block_area	block_id	move_type	pre_criterion	full_crit	expr_mean_crit	expr_mean_crit	expr_reg_crit	expr_kend_crit	expr_cor_crit	expr_euc_crit	expr_spear_crit	PPI_crit	feat_crit	TF_crit	percent_orig_genes	percent_orig_exp	exp_mean	trajectory_position	FEATURE_INDICES	move_class	num_genes	num_exps
1	441	1,2,3,4,5,6,7,8,9,10,11,12,13,14,15,16,17,18,19,20,98/1,2,3,4,5,6,7,8,9,10,11,12,13,14,15,16,17,18,19,20,145	g-	0.9925288604460611	0.9925288604460611	0.0	0.0	0.0	0.0	0.9925288604460611	0.0	0.0	0.0	0.0	0.0	0.2	0.375	0.9560439538026108	31		S_1	21	21	-1
2	440	41,42,43,44,45,46,47,48,49,50,51,52,53,54,55,56,57,58,59,60/39,41,42,43,44,45,46,47,48,49,50,51,52,53,54,55,56,57,58,59,60,64	e-	0.9924250294941532	0.9924250294941532	0.0	0.0	0.0	0.0	0.9924250294941532	0.0	0.0	0.0	0.0	0.0	0.24	0.6666666666666666	0.6435130662898857	23		S_1	20	22	-1
3	609	21,22,23,24,25,26,27,28,29,30,31,32,33,34,35,36,37,38,39,40,87,89,93,95,103,137,144,169,195/4,21,22,23,24,25,26,27,28,29,30,31,32,33,34,35,36,37,38,39,40	g-	0.9924165659677479	0.9924165659677479	0.0	0.0	0.0	0.0	0.9924165659677479	0.0	0.0	0.0	0.0	0.0	0.23529411764705882	0.0	0.8337839425653675	29		S_1	29	21	-1
4	441	61,62,63,64,65,66,67,68,69,70,71,72,73,74,75,76,77,78,79,80,169/58,61,62,63,64,65,66,67,68,69,70,71,72,73,74,75,76,77,78,79,80	e+	0.9924048150566174	0.9924048150566174	0.0	0.0	0.0	0.0	0.9924048150566174	0.0	0.0	0.0	0.0	0.0	0.25	0.6521739130434783	0.74663864073194	21		S_1	21	21	-1
5	147	61,90,168/4,6,13,16,18,20,28,35,43,49,54,57,58,60,61,63,66,70,71,72,73,74,78,79,80,83,92,94,95,96,97,98,100,105,108,110,111,118,119,121,122,124,125,129,130,137,146,147,149	e-	0.9898724757218849	0.9898724757218849	0.0	0.0	0.0	0.0	0.9898724757218849	0.0	0.0	0.0	0.0	0.0	0.25	0.782608695652174	0.8893805517871932	45		S_1	3	49	-1
6	129	44,45,82/1,3,4,6,10,11,18,22,23,28,31,37,38,67,71,72,78,79,80,81,84,86,89,93,95,97,100,107,108,110,114,116,119,121,123,124,130,135,137,138,143,148,149	e+	0.988063675248137	0.988063675248137	0.0	0.0	0.0	0.0	0.988063675248137	0.0	0.0	0.0	0.0	0.0	0.14285714285714285	0.85	0.8263664952769013	36		S_1	3	43	-1
7	180	6,68,75,79,128,197/23,55,61,63,64,65,66,68,69,70,71,72,74,75,76,77,78,79,80,87,89,96,103,109,113,122,128,130,131,132	e+	0.9866892268478464	0.9866892268478464	0.0	0.0	0.0	0.0	0.9866892268478464	0.0	0.0	0.0	0.0	0.0	0.18181818181818182	0.36363636363636365	0.7201599310046847	48		S_1	6	30	-1
8	165	42,68,79,110,135/4,20,21,23,31,34,38,62,63,64,66,67,68,70,71,73,76,77,78,79,80,84,89,96,97,105,109,113,116,122,124,128,131	e+	0.9865565872867685	0.9865565872867685	0.0	0.0	0.0	0.0	0.9865565872867685	0.0	0.0	0.0	0.0	0.0	0.14285714285714285	0.5294117647058824	0.7761694938184811	30		S_1	5	33	-1
9	204	6,22,27,37,38,85/4,7,16,21,22,23,24,25,27,31,32,33,34,37,38,39,57,61,62,70,75,82,92,95,96,99,110,112,116,117,125,133,141,142	g-	0.9864663183238203	0.9864663183238203	0.0	0.0	0.0	0.0	0.9864663183238203	0.0	0.0	0.0	0.0	0.0	0.3333333333333333	0.68	0.927666532541726	43		S_1	6	34	-1
10	240	22,31,37,38,46,49,86,166,180,188/4,11,21,24,27,29,32,33,35,36,37,39,44,45,48,49,59,70,85,88,96,119,121,134	g-	0.9860101740374663	0.9860101740374663	0.0	0.0	0.0	0.0	0.9860101740374663	0.0	0.0	0.0	0.0	0.0	0.2	0.6666666666666666	0.7953251239819883	40		S_1	10	24	-1
11	280	61,73,89,115,122,137,157,168/4,43,49,53,54,58,60,61,64,66,68,69,70,72,79,80,86,95,96,102,105,107,108,110,111,116,119,124,129,130,137,140,143,148,149	g-	0.9857372997958631	0.9857372997958631	0.0	0.0	0.0	0.0	0.9857372997958631	0.0	0.0	0.0	0.0	0.0	0.13043478260869565	0.782608695652174	0.8278303417313733	47		S_1	8	35	-1
