#number	block_area	block_id	move_type	pre_criterion	full_crit	expr_mean_crit	expr_mean_crit	expr_reg_crit	expr_kend_crit	expr_cor_crit	expr_euc_crit	expr_spear_crit	PPI_crit	feat_crit	TF_crit	percent_orig_genes	percent_orig_exp	exp_mean	trajectory_position	FEATURE_INDICES	move_class	num_genes	num_exps
1	135	16,17,18,19,20,21,22,23,24,25,26,27,28,29,30/16,17,18,21,26,27,28,29,30	e+	0.9883132910698458	0.9883132910698458	0.0	0.9932377240080514	0.986528993382354	0.985173155819132	0.0	0.0	0.0	0.0	0.0	0.0	0.0	0.8	1.0991647799764446	28		S_1	15	9	-1
2	80	1,2,3,4,5,6,7,8,9,10,11,12,13,14,15,78/7,8,9,13,67	g+	0.9821603418729703	0.9821603418729703	0.0	0.9909219415823096	0.9774521759263588	0.9781069081102426	0.0	0.0	0.0	0.0	0.0	0.0	0.8666666666666667	0.0	1.1965811311899284	19		S_1	16	5	-1
3	728	13,20,27,30,31,32,33,34,35,36,37,38,39,40,41,42,43,45,72,78,91,100,105,107,133,134/4,8,11,22,25,31,33,34,35,36,37,38,40,41,43,44,52,58,61,64,75,78,81,83,87,91,94,95	g+	0.9781929238862456	0.9781929238862456	0.0	0.9806804336117367	0.9727908073298062	0.9811075307171937	0.0	0.0	0.0	0.0	0.0	0.0	0.7	0.6666666666666666	0.7706098498624505	55		S_1	26	28	-1
4	682	23,31,32,33,34,35,36,37,38,39,40,41,42,43,44,45,78,83,100,110,112,148/5,6,8,12,14,20,26,34,35,36,37,39,40,42,43,44,49,50,51,55,56,58,60,62,72,74,79,80,86,87,90	e+	0.9767113661755781	0.9767113661755781	0.0	0.9794623531291426	0.9697715408763493	0.9809002045212423	0.0	0.0	0.0	0.0	0.0	0.0	0.8333333333333334	0.625	0.8096150400970241	50		S_1	22	31	-1
5	648	25,32,34,35,37,38,41,44,45,49,52,72,78,81,90,96,97,100,104,105,107,110,118,120,129,136,140/4,11,12,14,26,36,37,39,42,46,49,55,60,62,63,67,71,74,79,80,87,92,94,96	g-	0.9742430184679383	0.9742430184679383	0.0	0.974324111406718	0.971296958963517	0.9771079850335798	0.0	0.0	0.0	0.0	0.0	0.0	0.6153846153846154	0.7142857142857143	0.8458700989632137	55		S_1	27	24	-1
6	624	4,11,16,18,22,23,24,27,29,36,42,51,59,62,68,83,93,100,112,122,124,132,133,137,145,147/6,14,18,20,21,25,26,38,39,42,49,56,57,60,62,64,65,72,74,75,76,82,92,93	g-	0.9736055530836776	0.9736055530836776	0.0	0.9780692315053956	0.9621074902187597	0.9806399375268777	0.0	0.0	0.0	0.0	0.0	0.0	0.45454545454545453	0.42105263157894735	0.8596349674539125	67		S_1	26	24	-1
7	294	6,16,18,21,22,24,27,29,36,59,62,68,75,78,86,93,99,114,118,122,132/19,20,25,33,38,57,60,61,64,65,75,77,91,96	g+	0.9719758925921144	0.9719758925921144	0.0	0.979629873266668	0.9621003372981278	0.9741974672115472	0.0	0.0	0.0	0.0	0.0	0.0	0.8461538461538461	0.6153846153846154	0.8333839117295754	26		S_1	21	14	-1
8	450	10,21,25,31,32,33,37,38,39,40,41,43,44,45,52,56,63,71,75,79,90,110,115,119,129/8,34,35,37,39,40,44,49,53,59,78,79,81,82,85,87,90,95	g+	0.9716954248822104	0.9716954248822104	0.0	0.9697422112022844	0.9701744041979335	0.975169659246413	0.0	0.0	0.0	0.0	0.0	0.0	0.6	0.6666666666666666	0.8677945466357417	40		S_1	25	18	-1
9	572	1,3,7,12,13,14,21,35,44,52,53,64,71,90,95,96,97,105,107,128,129,136/3,5,13,20,24,28,37,43,46,48,49,50,54,57,60,67,71,74,79,80,84,86,89,90,94,99	g+	0.9713377914558293	0.9713377914558293	0.0	0.9763708322845595	0.9648087551069914	0.9728337869759367	0.0	0.0	0.0	0.0	0.0	0.0	0.9285714285714286	0.7272727272727273	0.8269015367505778	31		S_1	22	26	-1
10	408	20,21,22,23,35,51,52,53,55,57,76,80,81,94,95,96,97,98,99,100,123,130,131,136/5,6,14,17,21,29,30,32,38,39,41,43,45,51,57,70,88	g+	0.9706102380025854	0.9706102380025854	0.0	0.9763523736708062	0.9591220486461833	0.9763562916907667	0.0	0.0	0.0	0.0	0.0	0.0	1.0	0.23809523809523808	0.8266323125876207	67		S_1	24	17	-1
11	432	5,7,12,18,29,32,36,59,60,61,62,75,78,82,84,88,90,93,118,122,125,132,135,137,141,145,147/3,5,10,11,12,13,14,17,23,28,32,33,65,81,88,95	g+	0.9706020203783025	0.9706020203783025	0.0	0.9745573570193534	0.9597469137753996	0.9775017903401546	0.0	0.0	0.0	0.0	0.0	0.0	0.6818181818181818	0.5625	0.8535703335033067	36		S_1	27	16	-1
12	520	5,31,34,42,43,47,54,63,66,74,77,83,101,108,110,111,116,124,134,143/1,5,8,11,17,19,20,22,27,29,35,39,49,52,55,57,64,69,74,79,82,85,86,87,89,91	g+	0.9704440501284516	0.9704440501284516	0.0	0.973490238645864	0.9638679721008647	0.973973939638626	0.0	0.0	0.0	0.0	0.0	0.0	0.47619047619047616	0.6470588235294118	0.8405134129063816	54		S_1	20	26	-1
