#number	block_area	block_id	move_type	pre_criterion	full_crit	expr_mean_crit	expr_mean_crit	expr_reg_crit	expr_kend_crit	expr_cor_crit	expr_euc_crit	expr_spear_crit	PPI_crit	feat_crit	TF_crit	percent_orig_genes	percent_orig_exp	exp_mean	trajectory_position	FEATURE_INDICES	move_class	num_genes	num_exps
1	540	48,51,52,53,54,55,56,57,58,59,60,61,62,63,64,65,66,67,68,69,70,71,72,73,74,75,131,150,223,240/51,52,53,61,62,63,64,65,66,67,68,69,70,71,72,73,74,75	g+	0.9924282110610851	0.9924282110610851	0.0	0.0	0.9924565021799455	0.9923999199422247	0.0	0.0	0.0	0.0	0.0	0.0	1.0	0.0	0.8838139435296364	48		S_1	30	18	-1
2	551	7,15,101,102,103,104,105,106,107,108,109,110,111,112,113,114,115,116,117,118,119,120,121,122,123,124,125,204,230/65,101,102,103,112,113,114,115,116,117,118,119,120,121,122,123,124,125,126	g+	0.9915801847050077	0.9915801847050077	0.0	0.0	0.9914764496007669	0.9916839198092486	0.0	0.0	0.0	0.0	0.0	0.0	0.75	0.05555555555555555	0.9037795465137655	49		S_1	29	19	-1
3	495	1,2,3,4,5,6,7,8,9,10,11,12,13,14,15,16,17,18,19,20,21,22,23,24,25,44,82,86,101,172,189,283,284/1,12,13,14,15,16,17,18,19,20,21,22,23,24,25	g+	0.9915451257487111	0.9915451257487111	0.0	0.0	0.9918688081384492	0.9912214433589731	0.0	0.0	0.0	0.0	0.0	0.0	0.7619047619047619	0.058823529411764705	0.8525276076883366	33		S_1	33	15	-1
4	378	17,26,27,28,29,30,31,32,33,34,35,36,37,38,39,40,41,42,43,44,45,46,47,48,49,50,282/26,27,39,40,41,42,43,44,45,46,47,48,49,50	e-	0.9914101569443122	0.9914101569443122	0.0	0.0	0.9913017494153151	0.9915185644733093	0.0	0.0	0.0	0.0	0.0	0.0	0.8333333333333334	0.0	0.9567125675140706	50		S_1	27	14	-1
5	442	19,76,77,78,79,80,81,82,83,84,85,86,87,88,89,90,91,92,93,94,95,96,97,98,99,100,113,123,136,177,200,222,233,234/76,77,78,91,92,93,94,95,96,97,98,99,100	g+	0.9912248221714131	0.9912248221714131	0.0	0.0	0.9924965345669949	0.9899531097758313	0.0	0.0	0.0	0.0	0.0	0.0	0.45454545454545453	0.3333333333333333	1.0648876008701922	38		S_1	34	13	-1
6	693	52,55,57,58,59,64,68,69,72,74,75,102,103,104,113,117,118,121,200,232,262/8,13,16,23,32,38,49,51,52,53,56,71,73,74,75,97,110,111,112,113,114,115,116,118,120,141,155,158,164,169,172,183,189	e+	0.9877817199480606	0.9877817199480606	0.0	0.0	0.9876520456491444	0.9879113942469768	0.0	0.0	0.0	0.0	0.0	0.0	0.09090909090909091	0.64	0.887150788587582	61		S_1	21	33	-1
7	720	7,9,99,102,103,108,113,117,118,119,156,164,166,185,200,232/8,13,14,17,19,20,22,23,32,34,37,47,52,53,66,68,75,82,97,104,109,110,111,112,113,114,115,116,117,119,120,130,133,139,147,155,156,161,164,165,171,172,184,191,197	e-	0.9874644566184667	0.9874644566184667	0.0	0.0	0.9882766340076583	0.9866522792292751	0.0	0.0	0.0	0.0	0.0	0.0	0.26666666666666666	0.56	0.7687874078855279	52		S_1	16	45	-1
8	756	12,17,79,80,81,84,85,86,87,88,89,91,92,93,95,96,126,144,159,167,173,182,202,207,217,223,224,270/15,16,24,27,28,29,33,42,44,72,82,83,84,85,86,87,88,89,90,91,92,93,101,119,137,155,175	g+	0.9866518987214647	0.9866518987214647	0.0	0.0	0.9855050757586041	0.9877987216843254	0.0	0.0	0.0	0.0	0.0	0.0	0.6818181818181818	0.65	0.7969805003840091	43		S_1	28	27	-1
9	1092	1,7,14,16,19,30,67,77,80,89,97,100,103,123,135,150,166,179,189,193,211,218,227,236,275,298/5,11,12,13,14,15,17,27,30,31,44,53,55,56,57,64,68,70,76,77,79,99,100,104,109,114,120,126,129,132,133,147,148,160,169,170,172,173,177,191,195,197	g+	0.9865636002748999	0.9865636002748999	0.0	0.0	0.9870174607195407	0.9861097398302592	0.0	0.0	0.0	0.0	0.0	0.0	0.25	0.5789473684210527	0.8350785763183701	69		S_1	26	42	-1
10	378	30,79,81,84,88,90,92,93,96,100,136,155,178,216,218,227,234,277/24,34,37,76,97,98,99,100,107,110,118,119,123,156,160,168,169,177,179,187,193	g+	0.9865230253462838	0.9865230253462838	0.0	0.0	0.9884858931184045	0.9845601575741632	0.0	0.0	0.0	0.0	0.0	0.0	0.25	0.47368421052631576	1.0255942099990596	40		S_1	18	21	-1
11	676	1,2,3,6,7,9,10,14,15,16,18,19,21,23,24,27,66,67,112,171,202,242,248,256,268,275/8,9,10,11,12,13,14,15,16,17,26,30,40,44,51,53,54,82,86,87,90,104,155,161,175,179	g-	0.9865190757873945	0.9865190757873945	0.0	0.0	0.9855726035630006	0.9874655480117884	0.0	0.0	0.0	0.0	0.0	0.0	0.3076923076923077	0.5	0.7202096098882218	42		S_1	26	26	-1
12	513	13,51,55,56,57,58,59,60,63,66,72,73,76,101,108,195,201,238,279/16,27,34,36,38,44,45,51,52,53,73,74,75,81,89,93,105,109,120,128,129,135,141,145,148,196,199	e+	0.9864850844818059	0.9864850844818059	0.0	0.0	0.9889851957394279	0.983984973224184	0.0	0.0	0.0	0.0	0.0	0.0	0.26666666666666666	0.625	0.9683991280415505	40		S_1	19	27	-1
13	624	37,97,105,107,112,124,161,167,177,222,224,236,237,240,255,292/5,13,18,22,29,32,34,35,38,39,42,56,62,67,71,76,97,101,102,107,123,124,125,133,135,148,151,152,160,161,163,165,175,177,180,182,185,187,192	e+	0.9864242120536681	0.9864242120536681	0.0	0.0	0.9879121271162121	0.9849362969911242	0.0	0.0	0.0	0.0	0.0	0.0	0.29411764705882354	0.48	0.8774659065853575	64		S_1	16	39	-1
14	625	10,13,20,25,42,44,48,49,52,53,67,69,101,112,117,154,167,174,175,178,219,240,241,271,297/25,32,39,47,48,60,61,63,83,85,86,91,96,102,118,127,129,132,135,139,152,182,184,192,198	e+	0.98642107134434	0.98642107134434	0.0	0.0	0.986281237592098	0.9865609050965819	0.0	0.0	0.0	0.0	0.0	0.0	0.9333333333333333	0.6190476190476191	0.8643481379649975	41		S_1	25	25	-1
15	512	37,104,105,118,120,121,123,142,163,169,172,230,238,257,289,297/9,19,31,40,43,44,53,55,60,68,76,88,90,93,95,97,101,104,124,125,133,140,141,144,148,151,161,162,172,174,186,197	g-	0.9863415002226745	0.9863415002226745	0.0	0.0	0.9876326139770719	0.9850503864682771	0.0	0.0	0.0	0.0	0.0	0.0	0.42857142857142855	0.6666666666666666	0.868033042786709	45		S_1	16	32	-1
16	798	51,54,56,58,62,64,66,67,68,69,71,74,75,79,83,86,150,176,245,251,276/10,19,20,24,29,35,46,58,59,60,61,62,63,64,65,66,76,78,79,82,94,96,98,99,100,105,112,123,127,131,134,139,147,149,157,165,170,190	e+	0.9863276525890727	0.9863276525890727	0.0	0.0	0.9858654413390293	0.986789863839116	0.0	0.0	0.0	0.0	0.0	0.0	0.4	0.6	0.7168738094559925	53		S_1	21	38	-1
17	960	22,32,43,44,48,76,78,79,80,81,84,86,87,88,89,90,91,92,93,94,95,96,98,99,115,126,159,167,173,182,184,192,204,215,224,246,247,260,262,291/23,38,54,65,73,84,85,86,87,88,89,90,98,111,125,126,139,147,159,163,164,185,186,190	g+	0.9863012813936007	0.9863012813936007	0.0	0.0	0.9849774851005695	0.987625077686632	0.0	0.0	0.0	0.0	0.0	0.0	0.7727272727272727	0.42857142857142855	0.7608163878654818	53		S_1	40	24	-1
18	1054	2,3,4,5,6,7,8,10,21,23,25,76,80,83,88,101,102,103,107,108,109,115,117,118,126,166,172,177,211,272,279/1,2,13,22,24,25,56,63,70,78,89,97,98,108,109,110,111,112,113,114,115,116,117,118,133,140,158,168,172,176,177,183,191,199	e+	0.9862812240354888	0.9862812240354888	0.0	0.0	0.9867675094039376	0.9857949386670399	0.0	0.0	0.0	0.0	0.0	0.0	0.5789473684210527	0.68	0.8562697166325406	56		S_1	31	34	-1
19	576	11,23,88,107,108,110,113,117,120,121,134,146,152,158,224,234,253,265/1,4,33,34,41,45,48,54,57,59,61,64,87,94,107,108,109,110,112,113,116,118,128,132,156,166,171,178,179,182,184,193	e+	0.9861608783496327	0.9861608783496327	0.0	0.0	0.9872644523147067	0.9850573043845586	0.0	0.0	0.0	0.0	0.0	0.0	0.2727272727272727	0.47619047619047616	0.8337799244380052	42		S_1	18	32	-1
20	782	3,4,17,21,50,51,52,53,58,72,74,90,102,103,117,118,131,207,230,238,246,262,283/3,8,14,22,23,32,34,38,51,52,73,74,75,81,91,109,110,113,114,115,118,141,142,147,159,164,166,169,172,178,183,186,189,199	e+	0.9860853196757209	0.9860853196757209	0.0	0.0	0.987386415511832	0.9847842238396098	0.0	0.0	0.0	0.0	0.0	0.0	0.36363636363636365	0.44	0.9134520822423741	58		S_1	23	34	-1
21	570	33,48,52,58,62,64,66,69,71,74,75,81,140,174,180,217,274,276,280/4,5,27,30,47,48,57,58,59,61,62,63,64,65,66,96,105,109,111,115,139,143,153,156,167,171,177,185,192,197	e+	0.9858766190053025	0.9858766190053025	0.0	0.0	0.9854365940259916	0.9863166439846134	0.0	0.0	0.0	0.0	0.0	0.0	0.29411764705882354	0.5238095238095238	0.8191912521915373	48		S_1	19	30	-1
22	1254	5,15,29,30,32,37,43,50,57,60,64,65,67,69,80,81,99,100,103,111,112,123,129,145,147,162,173,213,217,218,230,232,241,247,270,278,283,285/4,5,19,27,28,29,39,60,61,62,63,64,65,67,69,101,105,111,119,122,136,143,157,162,167,168,171,175,177,184,189,191,194	g-	0.9858266251897488	0.9858266251897488	0.0	0.0	0.9855275445025495	0.9861257058769481	0.0	0.0	0.0	0.0	0.0	0.0	0.6428571428571429	0.4375	0.8487392968078138	76		S_1	38	33	-1
23	700	6,9,10,13,19,21,67,88,93,112,115,117,148,154,177,189,239,281,286,297/5,12,13,14,15,17,36,46,48,50,58,81,84,85,87,89,94,122,125,139,152,159,164,165,171,174,175,180,182,184,185,190,192,195,198	e+	0.9858005815959856	0.9858005815959856	0.0	0.0	0.9865492485167009	0.9850519146752702	0.0	0.0	0.0	0.0	0.0	0.0	0.3125	0.6842105263157895	0.8432951206164352	43		S_1	20	35	-1
24	736	6,9,13,21,33,38,50,60,68,78,79,80,81,86,87,88,89,91,92,93,94,95,96,98,99,100,121,143,154,170,174,176,181,184,210,224,239,241,254,257,259,264,266,267,275,289/46,53,82,84,85,86,87,88,89,90,104,125,138,152,184,200	g-	0.9857900351725433	0.9857900351725433	0.0	0.0	0.984775266789436	0.9868048035556506	0.0	0.0	0.0	0.0	0.0	0.0	1.0	0.7272727272727273	0.6811756162624435	19		S_1	46	16	-1
25	918	5,17,26,32,46,60,72,81,86,88,108,111,115,118,122,124,173,207,209,217,223,224,232,264,270,274,296/15,21,25,27,44,52,53,55,57,69,75,87,88,93,101,105,109,111,113,114,120,137,138,139,140,144,146,154,159,171,184,189,192,197	g-	0.9855539367359837	0.9855539367359837	0.0	0.0	0.9856203470689127	0.9854875264030547	0.0	0.0	0.0	0.0	0.0	0.0	0.7142857142857143	0.52	0.8619755222240376	70		S_1	27	34	-1
26	676	35,59,64,68,69,79,81,99,115,148,150,167,170,200,202,209,222,230,246,268,273,274,277,287,296,300/2,5,8,26,27,30,31,47,60,61,62,64,69,88,101,109,111,130,136,139,143,155,171,179,190,195	g+	0.9855153100267333	0.9855153100267333	0.0	0.0	0.9864324900043251	0.9845981300491417	0.0	0.0	0.0	0.0	0.0	0.0	0.8461538461538461	0.75	0.8863214306070041	36		S_1	26	26	-1
27	483	2,5,6,17,27,29,31,34,36,40,42,45,46,47,48,113,141,218,269,283,284/13,17,26,27,28,47,48,49,50,53,58,60,68,91,99,106,116,120,146,155,156,166,187	e+	0.9854939405456407	0.9854939405456407	0.0	0.0	0.987310827218519	0.9836770538727622	0.0	0.0	0.0	0.0	0.0	0.0	0.6666666666666666	0.6842105263157895	0.9802090819048919	29		S_1	21	23	-1
28	816	6,10,12,13,14,20,23,24,70,86,100,148,172,181,189,192,198,207,211,217,229,235,284,297/1,2,10,18,22,24,25,35,40,63,78,82,86,97,101,106,111,113,115,116,117,118,120,121,130,149,158,164,167,182,185,186,194,199	g+	0.9854847830138156	0.9854847830138156	0.0	0.0	0.9864927102368781	0.984476855790753	0.0	0.0	0.0	0.0	0.0	0.0	0.3333333333333333	0.56	0.8873359776348605	73		S_1	24	34	-1
29	837	7,8,24,27,30,33,35,42,43,81,82,136,144,157,165,167,175,206,207,217,237,241,246,268,273,274,276/8,12,14,18,26,27,30,39,47,48,49,50,52,61,69,91,96,105,107,109,111,113,130,135,136,139,143,149,152,171,179	g-	0.9854021780698273	0.9854021780698273	0.0	0.0	0.9858241423258667	0.984980213813788	0.0	0.0	0.0	0.0	0.0	0.0	0.55	0.47619047619047616	0.8852762790029394	57		S_1	27	31	-1
30	384	22,36,96,129,170,179,200,201,217,224,253,292/6,16,23,30,31,32,35,36,37,44,53,56,63,75,76,79,84,97,103,111,130,133,140,143,147,149,156,158,172,173,175,179	e+	0.9853456251639976	0.9853456251639976	0.0	0.0	0.9867314177436192	0.9839598325843759	0.0	0.0	0.0	0.0	0.0	0.0	0.1111111111111111	0.5833333333333334	0.8532107077889615	40		S_1	12	32	-1
31	287	11,13,17,23,25,35,85,95,110,117,129,134,137,142,144,145,146,149,170,171,174,183,195,198,201,209,210,213,215,226,229,234,238,242,243,253,254,256,257,262,266/43,54,64,86,117,160,161	g-	0.9853024051050425	0.9853024051050425	0.0	0.0	0.9895400370225562	0.9810647731875288	0.0	0.0	0.0	0.0	0.0	0.0	0.8823529411764706	0.2	0.8465443499096633	22		S_1	41	7	-1
32	552	11,23,35,102,108,117,129,134,142,144,146,171,177,178,183,195,226,234,242,253,260,266,274,277/5,36,41,45,54,62,64,79,80,87,91,102,125,127,148,156,166,179,182,190,193,197,198	g-	0.9852640771277944	0.9852640771277944	0.0	0.0	0.9869599830237894	0.9835681712317994	0.0	0.0	0.0	0.0	0.0	0.0	0.7058823529411765	0.47619047619047616	0.9185316978448935	46		S_1	24	23	-1
33	399	10,24,27,28,31,32,35,40,42,43,44,46,47,50,133,168,172,184,211/1,37,38,39,40,41,42,49,63,78,85,105,113,118,159,167,176,177,183,185,194	g+	0.9852509789290514	0.9852509789290514	0.0	0.0	0.9848183900613106	0.9856835677967923	0.0	0.0	0.0	0.0	0.0	0.0	0.3157894736842105	0.28	0.8029161833396561	37		S_1	19	21	-1
34	533	3,10,17,23,35,40,44,76,77,85,89,94,108,117,129,134,142,144,145,146,149,152,158,170,171,177,183,215,220,226,229,234,238,242,253,257,262,263,266,274,284/7,11,12,13,15,42,48,54,64,108,123,188,190	g+	0.985203101673445	0.985203101673445	0.0	0.0	0.9873314836216255	0.9830747197252645	0.0	0.0	0.0	0.0	0.0	0.0	0.8235294117647058	0.3333333333333333	0.8541856031471845	35		S_1	41	13	-1
35	931	2,3,4,5,6,7,10,11,12,14,15,18,19,21,22,23,24,25,27,30,35,39,48,57,58,67,68,74,76,90,91,119,137,149,157,165,174,182,186,200,206,210,211,218,225,230,240,253,278/10,11,12,13,14,15,16,23,26,48,53,65,66,79,97,111,160,178,187	g-	0.9851473410045829	0.9851473410045829	0.0	0.0	0.985974476226213	0.9843202057829528	0.0	0.0	0.0	0.0	0.0	0.0	0.9444444444444444	0.7142857142857143	0.7276934267188186	26		S_1	49	19	-1
36	286	14,78,93,98,141,148,154,167,245,281,293/22,28,33,46,73,84,85,87,94,112,116,118,125,130,139,141,143,165,169,176,180,182,185,186,192,195	g-	0.9851067200072321	0.9851067200072321	0.0	0.0	0.9876488214833725	0.9825646185310917	0.0	0.0	0.0	0.0	0.0	0.0	0.1875	0.7058823529411765	0.931746708954747	38		S_1	11	26	-1
37	465	4,17,22,73,106,117,174,198,199,215,264,266,275,287,299/8,9,10,17,34,39,42,61,62,66,71,81,83,94,97,100,102,120,129,130,138,154,155,160,161,167,168,176,177,180,190	e-	0.9850989701849127	0.9850989701849127	0.0	0.0	0.9861259924381354	0.9840719479316901	0.0	0.0	0.0	0.0	0.0	0.0	0.14285714285714285	0.4	0.8766504011264077	59		S_1	15	31	-1
38	760	13,32,50,93,105,111,115,120,123,125,145,153,167,192,217,230,256,264,277,287/9,14,17,18,19,24,31,32,36,40,41,53,55,60,83,84,85,86,87,90,98,101,121,125,126,133,135,144,148,161,169,174,175,185,186,189,195,198	e+	0.9850678717946036	0.9850678717946036	0.0	0.0	0.9875630809102867	0.9825726626789206	0.0	0.0	0.0	0.0	0.0	0.0	0.42105263157894735	0.6666666666666666	0.8735659150970638	41		S_1	20	38	-1
39	391	6,9,19,30,66,67,89,100,101,113,114,120,150,179,192,204,205,230,233,242,275,276,288/9,11,12,13,14,16,17,19,30,77,85,124,125,126,146,169,195	g+	0.9850614559697595	0.9850614559697595	0.0	0.0	0.9853174533417826	0.9848054585977364	0.0	0.0	0.0	0.0	0.0	0.0	0.11764705882352941	0.38461538461538464	0.9325466497316984	39		S_1	23	17	-1
40	612	28,29,30,39,41,61,88,133,137,166,172,176,197,210,218,237,259,273/2,13,22,34,49,50,55,58,59,66,67,70,95,104,107,110,112,116,118,120,135,142,158,159,160,161,164,169,183,186,187,191,194,199	e+	0.9850230642655042	0.9850230642655042	0.0	0.0	0.9854291272257839	0.9846170013052247	0.0	0.0	0.0	0.0	0.0	0.0	0.75	0.48	0.8317062007710853	58		S_1	18	34	-1
41	372	26,89,115,116,119,124,139,209,247,264,277,295/3,28,29,37,38,39,52,60,67,69,73,78,87,90,101,122,123,124,125,126,128,140,146,147,151,166,168,169,177,187,199	e+	0.9850115495343795	0.9850115495343795	0.0	0.0	0.9864695229425523	0.9835535761262068	0.0	0.0	0.0	0.0	0.0	0.0	0.26666666666666666	0.7368421052631579	0.9130158588145062	42		S_1	12	31	-1
42	560	7,27,31,63,66,77,79,82,83,85,88,91,105,109,114,126,154,185,193,195,197,211,216,217,220,230,261,277/5,6,7,9,41,58,74,76,77,78,81,126,141,150,154,162,175,188,189,195	g+	0.9850072305207344	0.9850072305207344	0.0	0.0	0.9851851536692475	0.9848293073722212	0.0	0.0	0.0	0.0	0.0	0.0	0.3157894736842105	0.5	0.885191452765315	32		S_1	28	20	-1
43	864	11,19,20,41,52,77,83,84,85,87,89,92,94,95,100,129,134,172,224,236,237,259,265,279/4,5,33,34,38,44,47,58,59,60,61,64,76,77,78,99,100,104,107,114,116,118,123,124,128,129,145,148,151,166,168,169,178,187,193,198	g-	0.9849686884080968	0.9849686884080968	0.0	0.0	0.9867020390128557	0.983235337803338	0.0	0.0	0.0	0.0	0.0	0.0	0.5833333333333334	0.5263157894736842	0.8911337773543343	56		S_1	24	36	-1
44	576	1,6,7,9,10,14,18,20,23,24,25,35,38,55,65,67,83,86,101,121,143,155,158,172,180,184,185,196,213,214,220,237,245,253,271,298/1,10,11,12,13,14,15,16,17,33,65,77,90,97,127,177	g+	0.9849104873851527	0.9849104873851527	0.0	0.0	0.9853933425637433	0.9844276322065622	0.0	0.0	0.0	0.0	0.0	0.0	0.7857142857142857	0.5714285714285714	0.7617070940981701	28		S_1	36	16	-1
45	754	13,38,44,82,88,114,126,140,141,144,145,148,161,169,177,185,188,189,204,229,257,258,262,287,291,292/10,11,12,14,15,23,26,50,60,65,86,87,89,95,114,118,122,126,129,134,139,155,157,163,170,180,188,189,196	g-	0.9848741991910372	0.9848741991910372	0.0	0.0	0.9852986436336587	0.9844497547484159	0.0	0.0	0.0	0.0	0.0	0.0	0.3333333333333333	0.25	0.864526760039943	82		S_1	26	29	-1
46	660	1,6,14,37,39,70,103,113,117,118,119,133,134,141,163,166,172,193,211,261/1,2,3,8,13,20,22,29,49,63,74,80,97,106,110,111,112,113,114,115,116,118,133,155,158,162,163,167,172,177,183,189,190	e+	0.9848351239209033	0.9848351239209033	0.0	0.0	0.9849619399514731	0.9847083078903336	0.0	0.0	0.0	0.0	0.0	0.0	0.5454545454545454	0.68	0.8117870449714374	40		S_1	20	33	-1
47	800	32,40,44,50,52,56,61,63,70,77,113,123,126,131,132,163,168,193,195,248,260,272,281,295,298/2,8,29,40,41,51,52,60,73,74,81,84,90,94,108,112,117,127,131,134,138,142,143,152,155,159,165,167,170,174,180,196	e+	0.9848265826188438	0.9848265826188438	0.0	0.0	0.984336399342452	0.9853167658952355	0.0	0.0	0.0	0.0	0.0	0.0	0.1875	0.6	0.8530037108866295	67		S_1	25	32	-1
48	264	30,61,79,84,92,96,100,233,234,264,297/3,21,37,58,76,77,78,82,97,98,99,100,104,107,140,145,146,150,163,166,168,169,179,193	e+	0.9848007234793852	0.9848007234793852	0.0	0.0	0.9875971782876354	0.982004268671135	0.0	0.0	0.0	0.0	0.0	0.0	0.16666666666666666	0.5263157894736842	0.9993016693912473	29		S_1	11	24	-1
49	483	25,58,65,66,74,78,112,120,129,157,176,180,183,202,210,235,248,250,254,256,259/5,9,16,17,18,19,24,40,53,54,55,69,86,87,90,103,133,155,161,164,174,195,198	e+	0.9847596524818508	0.9847596524818508	0.0	0.0	0.9863897244646755	0.9831295804990261	0.0	0.0	0.0	0.0	0.0	0.0	0.4166666666666667	0.4444444444444444	0.9050155708566685	38		S_1	21	23	-1
50	900	6,8,22,28,32,33,39,40,41,42,44,46,50,77,85,88,133,142,172,192,211,233,237,257,271/1,2,22,39,40,42,49,60,63,75,83,85,86,108,110,112,116,117,118,120,130,136,148,152,158,159,167,176,177,179,182,183,185,186,190,199	e+	0.9847294830203339	0.9847294830203339	0.0	0.0	0.9846805184562905	0.9847784475843773	0.0	0.0	0.0	0.0	0.0	0.0	0.3157894736842105	0.6	0.8050432064356666	53		S_1	25	36	-1
51	442	13,19,26,44,45,49,65,120,129,130,202,238,253,256,258,279,290/16,18,19,24,33,36,43,53,54,55,60,68,72,86,87,89,90,120,133,144,155,161,168,171,174,195	e+	0.9846617337965328	0.9846617337965328	0.0	0.0	0.9856937700290722	0.9836296975639933	0.0	0.0	0.0	0.0	0.0	0.0	0.30434782608695654	0.7222222222222222	0.8899498518389984	42		S_1	17	26	-1
52	494	3,21,24,25,30,64,66,69,71,74,78,79,86,93,111,115,118,141,165,193,198,203,206,217,219,220,225,227,236,237,244,257,258,276,279,280,286,287/40,46,60,61,62,66,124,127,134,167,170,190,196	g+	0.9846497990018441	0.9846497990018441	0.0	0.0	0.9861045646397508	0.9831950333639375	0.0	0.0	0.0	0.0	0.0	0.0	0.9090909090909091	0.35	0.8484672929633552	31		S_1	38	13	-1
53	322	1,27,52,55,63,70,72,92,98,100,103,119,131,144,163,202,223,227,235,238,246,248,266/2,8,29,45,51,52,73,74,75,81,148,152,159,173	g-	0.9846492115238028	0.9846492115238028	0.0	0.0	0.9865931808749978	0.9827052421726077	0.0	0.0	0.0	0.0	0.0	0.0	0.5625	0.15	1.013400971968544	32		S_1	23	14	-1
54	650	10,20,33,38,41,48,49,57,59,62,64,78,101,127,141,150,174,180,187,189,207,223,239,261,281,286/5,6,22,46,47,48,61,63,64,91,96,102,109,122,131,139,142,153,167,171,177,182,186,192,198	g-	0.9846476495288587	0.9846476495288587	0.0	0.0	0.9844518120545945	0.9848434870031229	0.0	0.0	0.0	0.0	0.0	0.0	0.45	0.6190476190476191	0.868525083071597	51		S_1	26	25	-1
55	882	2,3,7,10,12,16,17,23,29,34,37,40,41,42,44,49,78,92,94,103,128,153,154,158,161,165,169,172,188,196,199,208,217,231,237,240,255,259,271,274,279,287/13,16,19,21,25,26,48,95,99,122,123,128,137,146,148,151,166,169,172,187,193	g-	0.9846091297066697	0.9846091297066697	0.0	0.0	0.9853786018124291	0.9838396576009104	0.0	0.0	0.0	0.0	0.0	0.0	0.7647058823529411	0.47368421052631576	0.8699340010987924	41		S_1	42	21	-1
56	440	1,4,6,8,9,10,15,18,21,24,25,77,106,129,162,182,183,189,275,285/7,8,9,10,11,12,13,14,15,16,17,19,42,54,64,66,70,87,89,121,154,187	g+	0.9846033703183419	0.9846033703183419	0.0	0.0	0.9830899390267258	0.9861168016099581	0.0	0.0	0.0	0.0	0.0	0.0	0.625	0.6428571428571429	0.695391004974067	26		S_1	20	22	-1
57	546	10,48,50,56,57,60,82,95,123,143,164,167,191,202,205,211,221,272,284,289,298/1,8,35,37,46,48,55,60,82,85,91,105,117,121,127,131,139,142,152,155,158,159,165,167,182,198	g-	0.9845938339342272	0.9845938339342272	0.0	0.0	0.9856412832960852	0.9835463845723691	0.0	0.0	0.0	0.0	0.0	0.0	0.47619047619047616	0.65	0.882254856999359	44		S_1	21	26	-1
58	882	12,15,37,39,41,46,47,63,65,68,76,81,83,85,100,134,137,139,145,156,170,173,179,182,187,190,191,192,201,207,216,217,224,230,240,243,247,262,264,266,279,285/3,12,21,27,28,30,36,62,78,79,88,114,117,123,128,135,139,140,151,167,197	g-	0.9844912222137857	0.9844912222137857	0.0	0.0	0.9844885645933976	0.9844938798341738	0.0	0.0	0.0	0.0	0.0	0.0	0.9090909090909091	0.42105263157894735	0.8609095827453996	38		S_1	42	21	-1
59	510	29,45,56,61,95,113,143,144,156,197,218,243,249,272,287,294,298/8,15,19,28,30,35,45,47,50,54,60,65,66,71,84,104,110,114,119,134,139,144,147,152,155,163,167,180,185,188	g-	0.9844834060901339	0.9844834060901339	0.0	0.0	0.9853804036682514	0.9835864085120163	0.0	0.0	0.0	0.0	0.0	0.0	0.18181818181818182	0.35	0.7903188287939069	45		S_1	17	30	-1
60	651	14,19,20,25,56,60,66,70,79,105,126,132,148,161,167,174,177,181,182,222,274/4,5,24,42,48,57,61,62,63,64,67,83,84,88,91,95,96,102,105,108,120,133,143,152,153,176,182,183,185,187,192	g-	0.9844560720119235	0.9844560720119235	0.0	0.0	0.9850968868227719	0.9838152572010752	0.0	0.0	0.0	0.0	0.0	0.0	0.3888888888888889	0.6190476190476191	0.8850568555478588	41		S_1	21	31	-1
61	490	62,66,76,77,99,103,120,121,137,174,182,200,205,262/16,23,32,34,37,47,49,56,59,62,63,64,65,66,67,97,98,110,111,112,115,116,118,120,130,139,147,166,171,172,176,177,178,188,192	e+	0.9844488927988136	0.9844488927988136	0.0	0.0	0.9858045194317395	0.9830932661658878	0.0	0.0	0.0	0.0	0.0	0.0	0.4666666666666667	0.64	0.7944928017704117	40		S_1	14	35	-1
62	414	13,15,28,30,39,49,52,68,69,74,77,79,80,83,85,88,89,92,93,94,96,113,114,120,121,123,134,143,147,150,152,160,172,175,190,197,199,203,214,235,237,258,269,285,287,288/30,39,42,70,77,88,138,155,172	g+	0.9844255958861866	0.9844255958861866	0.0	0.0	0.9869784036039474	0.9818727881684258	0.0	0.0	0.0	0.0	0.0	0.0	0.44	0.2727272727272727	0.840905612882584	36		S_1	46	9	-1
63	720	2,27,29,35,38,47,48,56,69,135,138,141,157,163,165,178,181,229,237,246,255,271,276,292/4,19,20,25,26,32,47,48,50,65,79,80,81,83,100,101,110,111,112,114,117,119,136,138,157,168,172,195,198,199	e+	0.9844127175354844	0.9844127175354844	0.0	0.0	0.984284507394974	0.9845409276759949	0.0	0.0	0.0	0.0	0.0	0.0	0.5882352941176471	0.65	0.8563643346640295	41		S_1	24	30	-1
64	289	12,17,27,31,32,34,40,42,43,44,46,49,87,128,161,165,218/23,25,26,27,28,47,50,54,73,94,107,131,167,172,185,192,197	g-	0.9843883814116764	0.9843883814116764	0.0	0.0	0.9880368053606898	0.980739957462663	0.0	0.0	0.0	0.0	0.0	0.0	0.6111111111111112	0.9166666666666666	1.0304311243078237	15		S_1	17	17	-1
65	288	1,7,13,78,98,130,218,219,238,249,252,269/4,6,11,12,16,18,19,35,43,55,60,65,68,79,120,133,135,137,148,161,162,167,172,181	e+	0.9843761594953291	0.9843761594953291	0.0	0.0	0.9873906689165435	0.9813616500741147	0.0	0.0	0.0	0.0	0.0	0.0	0.2	0.5	0.8865920803037741	32		S_1	12	24	-1
66	1104	13,23,32,35,41,44,63,65,77,81,84,88,89,95,96,115,122,126,129,134,137,139,142,144,145,146,152,168,170,174,177,190,198,201,209,215,220,226,229,230,234,247,253,255,256,262,277,285/15,17,21,28,36,60,62,64,65,69,73,78,88,92,110,129,146,152,156,163,178,193,197	g+	0.9843732514614837	0.9843732514614837	0.0	0.0	0.9849288761361923	0.9838176267867751	0.0	0.0	0.0	0.0	0.0	0.0	0.8695652173913043	0.3157894736842105	0.8402610462783605	35		S_1	48	23	-1
67	552	3,14,15,30,31,34,42,45,46,59,63,98,109,140,171,188,221,229,235,250,269,277,290/26,29,34,41,50,69,70,81,93,114,133,140,141,147,154,162,166,167,178,185,188,189,191,193	e+	0.9843635509520817	0.9843635509520817	0.0	0.0	0.9839843009716216	0.9847428009325419	0.0	0.0	0.0	0.0	0.0	0.0	0.5	0.6875	0.8829246861084517	41		S_1	23	24	-1
68	470	13,17,23,35,44,81,86,92,94,96,117,124,129,132,134,137,138,142,144,145,146,149,152,153,157,158,168,170,173,174,177,196,198,213,220,229,234,242,244,253,255,256,262,285,296,299,300/16,34,64,65,74,92,94,129,157,163	g-	0.9843533935459363	0.9843533935459363	0.0	0.0	0.9883980891133806	0.9803086979784922	0.0	0.0	0.0	0.0	0.0	0.0	0.7647058823529411	0.25	0.8577789230907195	25		S_1	47	10	-1
69	493	11,102,103,107,108,109,110,111,117,130,149,162,183,210,244,252,289/2,7,42,59,61,64,68,70,89,90,91,97,113,114,115,116,117,118,119,129,140,141,144,147,165,166,178,179,190	e+	0.9842961837272828	0.9842961837272828	0.0	0.0	0.9833821025450495	0.985210264909516	0.0	0.0	0.0	0.0	0.0	0.0	0.35	0.6842105263157895	0.826291253435469	39		S_1	17	29	-1
70	540	1,71,82,109,122,127,137,172,187,204,216,218,231,242,264,286,296,297/15,20,21,43,44,45,55,56,62,66,70,84,87,88,93,114,126,129,134,136,139,148,157,161,168,169,170,181,197,200	e+	0.9842343207520463	0.9842343207520463	0.0	0.0	0.9841794976593314	0.9842891438447612	0.0	0.0	0.0	0.0	0.0	0.0	0.25	0.5882352941176471	0.8082434344703237	57		S_1	18	30	-1
71	319	42,64,69,99,101,142,174,182,205,206,229/6,17,23,24,27,32,34,35,48,57,63,83,88,90,95,96,97,109,127,138,152,153,169,175,177,182,192,198,199	e+	0.9842235891263371	0.9842235891263371	0.0	0.0	0.9860445147526742	0.9824026635	0.0	0.0	0.0	0.0	0.0	0.0	0.23076923076923078	0.631578947368421	0.8770911416184728	37		S_1	11	29	-1
72	396	9,24,30,35,51,52,59,68,69,81,85,99,112,125,129,131,137,148,170,179,182,189,200,202,205,206,219,221,223,229,230,245,246,257,260,268,274,275,277,280,281,296,299,300/2,44,62,88,115,130,158,194,195	g-	0.9842226325977899	0.9842226325977899	0.0	0.0	0.9871780581147084	0.9812672070808712	0.0	0.0	0.0	0.0	0.0	0.0	0.9230769230769231	0.2	0.8714315600944154	27		S_1	44	9	-1
73	888	6,9,24,52,58,64,66,69,78,90,94,100,122,128,145,174,193,212,241,247,260,261,269,277/4,5,6,11,18,23,27,28,30,33,35,37,39,46,58,61,62,63,64,83,88,95,105,109,112,118,139,145,146,163,172,177,184,185,193,194,198	g-	0.9842063504842592	0.9842063504842592	0.0	0.0	0.9848614085560528	0.9835512924124656	0.0	0.0	0.0	0.0	0.0	0.0	0.25	0.5416666666666666	0.8029900132563853	59		S_1	24	37	-1
74	270	10,25,34,51,58,66,68,70,74,101,106,111,113,116,118,122,124,129,134,137,146,147,150,157,162,179,181,187,196,201,204,205,206,221,225,226,230,235,249,260,263,277,281,294,297/72,85,88,89,114,115	g+	0.984195933019988	0.984195933019988	0.0	0.0	0.9884001868044114	0.9799916792355645	0.0	0.0	0.0	0.0	0.0	0.0	0.75	0.36363636363636365	0.8692699316217634	24		S_1	45	6	-1
75	319	4,6,7,156,162,197,217,218,243,247,266/16,17,18,19,23,28,30,35,39,45,50,54,66,71,78,84,101,104,107,110,114,119,135,144,163,180,185,191,197	e+	0.9841683209800702	0.9841683209800702	0.0	0.0	0.9865885974711364	0.9817480444890042	0.0	0.0	0.0	0.0	0.0	0.0	0.7142857142857143	0.8636363636363636	0.9028282746890238	26		S_1	11	29	-1
76	253	8,9,165,179,189,200,228,232,262,271,287/6,8,9,16,23,32,47,49,53,56,64,85,96,97,103,111,118,120,139,149,164,172,190	g-	0.9841509643508286	0.9841509643508286	0.0	0.0	0.9873447283563503	0.9809572003453069	0.0	0.0	0.0	0.0	0.0	0.0	0.125	0.4	0.874272797461985	26		S_1	11	23	-1
77	816	11,35,36,59,81,96,118,134,142,158,162,167,170,206,210,239,240,253,254,265,268,281,285,300/1,6,17,19,25,26,38,43,44,45,47,49,59,61,64,78,80,81,88,90,94,107,114,116,118,129,130,135,149,159,166,179,188,193	g-	0.9841419778191949	0.9841419778191949	0.0	0.0	0.9851585667534295	0.9831253888849603	0.0	0.0	0.0	0.0	0.0	0.0	0.4166666666666667	0.5833333333333334	0.8486474459425986	42		S_1	24	34	-1
78	308	57,62,64,66,71,77,100,114,115,116,124,205,264,269/4,14,29,30,62,64,65,67,101,102,122,123,124,125,126,128,158,163,166,169,173,177	e+	0.9841095673670646	0.9841095673670646	0.0	0.0	0.9857402127162525	0.9824789220178767	0.0	0.0	0.0	0.0	0.0	0.0	0.3684210526315789	0.47368421052631576	0.9219722401758846	28		S_1	14	22	-1
79	560	15,28,30,36,39,49,69,81,88,115,143,151,155,166,177,178,203,246,264,272/2,18,26,28,46,48,49,50,58,59,60,61,80,91,103,107,108,109,114,138,146,149,152,153,168,189,196,199	g-	0.9840724599303307	0.9840724599303307	0.0	0.0	0.9848192539312188	0.9833256659294425	0.0	0.0	0.0	0.0	0.0	0.0	0.4166666666666667	0.6842105263157895	0.915965658596343	44		S_1	20	28	-1
80	1290	20,76,77,79,82,84,85,86,88,89,90,91,92,93,95,96,98,104,123,126,143,159,165,167,173,178,179,187,190,204,209,216,223,224,225,230,231,233,246,259,275,288,291/2,12,15,20,31,46,62,69,70,74,76,85,86,87,88,89,90,91,92,93,103,125,126,136,139,153,190,194,197,200	g-	0.9840673410866143	0.9840673410866143	0.0	0.0	0.9840381700979131	0.9840965120753157	0.0	0.0	0.0	0.0	0.0	0.0	0.9090909090909091	0.6666666666666666	0.7953078880725475	24		S_1	43	30	-1
81	870	5,14,29,30,50,53,77,81,84,91,92,95,99,100,106,127,136,145,150,167,193,199,214,216,223,233,274,293,298/8,13,17,19,21,26,27,36,43,47,54,77,80,85,99,100,102,107,124,133,148,150,156,161,168,176,181,188,199,200	g-	0.9840564785971658	0.9840564785971658	0.0	0.0	0.9836020274359025	0.9845109297584291	0.0	0.0	0.0	0.0	0.0	0.0	0.3	0.55	0.8338588212545078	63		S_1	29	30	-1
82	780	15,28,52,55,59,63,64,65,66,67,68,69,75,99,147,150,154,166,167,175,237,271,274,278,279,280/2,5,29,39,43,47,48,60,61,63,64,65,68,79,88,102,105,108,111,115,118,123,132,135,136,143,145,150,196,198	g-	0.9840180616072174	0.9840180616072174	0.0	0.0	0.9826063300138865	0.9854297932005484	0.0	0.0	0.0	0.0	0.0	0.0	0.4117647058823529	0.42857142857142855	0.7667026965954111	43		S_1	26	30	-1
83	546	36,58,66,67,74,78,85,94,103,112,140,149,166,201,202,219,223,247,248,256,281/9,13,17,22,26,31,53,54,66,71,72,75,85,86,87,90,131,138,155,157,164,171,174,175,179,180	g-	0.9840144768103348	0.9840144768103348	0.0	0.0	0.9849351688463289	0.9830937847743407	0.0	0.0	0.0	0.0	0.0	0.0	0.4166666666666667	0.3125	0.8944283791500176	39		S_1	21	26	-1
84	434	6,28,36,39,42,44,51,53,55,57,66,72,73,78,91,101,113,116,119,125,132,159,200,206,216,238,254,257,277,282,285/12,38,39,41,43,44,51,52,71,74,75,81,129,199	g-	0.9839377886650649	0.9839377886650649	0.0	0.0	0.9850058009228408	0.9828697764072888	0.0	0.0	0.0	0.0	0.0	0.0	0.8695652173913043	0.625	0.8506088615740608	20		S_1	31	14	-1
85	435	139,155,161,167,180,207,214,228,240,243,255,261,286,289,300/3,4,10,14,40,44,47,48,56,62,63,67,70,72,76,87,88,96,112,118,123,128,151,153,171,185,186,187,191	e+	0.9839225756948573	0.9839225756948573	0.0	0.0	0.984840769781931	0.9830043816077837	0.0	0.0	0.0	0.0	0.0	0.0	0.23809523809523808	0.4583333333333333	0.8312119372699704	49		S_1	15	29	-1
86	703	1,5,14,16,18,76,81,90,103,134,144,156,163,184,215,227,229,233,275/7,10,11,12,13,14,15,33,37,42,48,53,56,60,63,64,66,76,99,108,111,132,137,143,147,148,152,155,160,163,169,174,176,178,188,192,199	e+	0.9838880445851832	0.9838880445851832	0.0	0.0	0.9843845652531777	0.9833915239171888	0.0	0.0	0.0	0.0	0.0	0.0	0.2	0.7857142857142857	0.7638996163322302	48		S_1	19	37	-1
87	400	5,10,14,18,23,44,76,90,144,145,159,167,204,215,257,284/10,11,12,13,14,15,23,42,48,65,76,98,122,123,124,126,143,147,160,163,169,176,187,188,199	g-	0.9838858241410597	0.9838858241410597	0.0	0.0	0.9837130632308114	0.9840585850513082	0.0	0.0	0.0	0.0	0.0	0.0	0.3	0.7142857142857143	0.8400115202953744	41		S_1	16	25	-1
88	297	22,41,56,85,142,151,172,211,218,233,259/1,10,37,40,49,52,63,85,113,115,116,117,118,120,121,130,149,150,158,163,164,172,176,182,183,185,190	e+	0.9837968920921177	0.9837968920921177	0.0	0.0	0.9869627966515533	0.9806309875326822	0.0	0.0	0.0	0.0	0.0	0.0	0.5	0.56	0.9131199879998507	28		S_1	11	27	-1
89	504	2,3,14,17,18,20,28,31,32,34,35,42,47,48,50,57,62,63,67,94,119,131,148,156,157,160,161,178,200,211,219,234,238,246,281,294/10,11,12,13,26,33,42,50,65,91,99,160,182,187	g-	0.9837856492838724	0.9837856492838724	0.0	0.0	0.9844443226427868	0.9831269759249578	0.0	0.0	0.0	0.0	0.0	0.0	0.9333333333333333	0.6428571428571429	0.8713355630478176	20		S_1	36	14	-1
90	425	9,10,35,40,60,82,95,101,130,191,198,251,253,257,271,280,287/1,6,8,11,19,35,37,39,55,60,68,72,75,79,85,86,117,137,142,148,155,167,168,173,182	e+	0.9837839857724404	0.9837839857724404	0.0	0.0	0.9849818818023619	0.9825860897425189	0.0	0.0	0.0	0.0	0.0	0.0	1.0	0.3888888888888889	0.8897315017883666	36		S_1	17	25	-1
91	675	2,10,11,13,17,28,31,35,40,44,50,51,94,97,128,148,149,161,182,185,198,204,210,229,241,258,268/1,8,23,37,39,40,42,47,48,65,84,85,86,95,104,134,139,157,159,163,165,167,174,182,189	g+	0.9837416730066069	0.9837416730066069	0.0	0.0	0.9819452001477498	0.985538145865464	0.0	0.0	0.0	0.0	0.0	0.0	0.2857142857142857	0.4	0.8506963782630896	83		S_1	27	25	-1
92	340	60,106,147,169,187,210,215,225,233,276/3,15,20,23,33,38,45,48,49,50,58,67,84,85,99,112,118,121,123,134,136,141,143,153,157,158,167,170,175,185,186,195,197,198	g-	0.9837149697754726	0.9837149697754726	0.0	0.0	0.9883506410404763	0.9790792985104689	0.0	0.0	0.0	0.0	0.0	0.0	0.45454545454545453	0.35	0.8855981196546985	37		S_1	10	34	-1
93	640	9,15,26,29,36,63,78,79,81,84,85,87,88,89,90,91,92,93,95,96,100,127,139,153,156,159,167,170,184,190,193,198,219,223,224,263,264,282,295,298/10,31,83,84,85,86,87,88,89,90,91,110,114,125,138,175	g-	0.9837100595746218	0.9837100595746218	0.0	0.0	0.9831171049073142	0.9843030142419293	0.0	0.0	0.0	0.0	0.0	0.0	0.8333333333333334	0.7272727272727273	0.6445527112914471	18		S_1	40	16	-1
94	870	2,10,11,13,20,29,34,40,44,47,62,75,86,117,127,148,149,157,161,174,182,196,206,211,215,229,253,255,287,294/1,5,37,44,48,61,76,85,91,109,129,131,133,135,137,144,145,148,149,155,166,168,170,176,178,182,183,190,193	g-	0.9836627055539077	0.9836627055539077	0.0	0.0	0.9840249393018181	0.9833004718059972	0.0	0.0	0.0	0.0	0.0	0.0	0.75	0.38095238095238093	0.8679606561868562	38		S_1	30	29	-1
95	391	2,6,8,10,12,22,24,158,166,172,189,208,211,216,248,269,271/1,2,6,22,24,25,32,37,49,63,97,102,106,110,111,113,118,119,130,158,176,177,182	e+	0.9836575711976956	0.9836575711976956	0.0	0.0	0.9864527136823606	0.9808624287130306	0.0	0.0	0.0	0.0	0.0	0.0	0.36363636363636365	0.52	0.9581744569785373	21		S_1	17	23	-1
96	513	20,30,34,56,66,67,69,74,85,101,120,123,134,137,147,148,150,172,179,202,204,225,230,273,276,291,297/9,19,31,43,53,55,56,77,85,86,87,88,95,126,135,138,161,169,195	g-	0.9836510690678181	0.9836510690678181	0.0	0.0	0.9849537120576954	0.9823484260779407	0.0	0.0	0.0	0.0	0.0	0.0	0.6470588235294118	0.6363636363636364	0.9156137043574296	39		S_1	27	19	-1
97	448	1,2,4,9,15,18,21,23,24,43,49,60,68,70,72,93,97,99,105,107,111,112,116,123,124,168,192,193,221,275,278,300/10,11,12,13,14,15,29,71,80,101,102,125,160,187	g-	0.983643061563529	0.983643061563529	0.0	0.0	0.9852278854111636	0.9820582377158943	0.0	0.0	0.0	0.0	0.0	0.0	0.9285714285714286	0.6428571428571429	0.8982267164100438	13		S_1	32	14	-1
98	468	24,37,69,79,86,130,142,160,168,181,190,191,193,207,226,253,295,299/1,6,8,19,20,29,35,37,46,55,59,60,78,79,82,96,105,123,127,131,142,148,165,167,170,182	g-	0.9836288340497126	0.9836288340497126	0.0	0.0	0.9853504768982468	0.9819071912011784	0.0	0.0	0.0	0.0	0.0	0.0	0.5294117647058824	0.7	0.9369613904847177	33		S_1	18	26	-1
99	432	9,24,35,38,51,55,69,78,80,85,92,108,116,118,120,142,143,148,155,179,189,201,202,208,214,221,229,245,246,268,272,274,275,281,284,300/6,16,17,23,73,84,85,86,87,130,169,195	g-	0.9836274472715509	0.9836274472715509	0.0	0.0	0.9848566659861254	0.9823982285569763	0.0	0.0	0.0	0.0	0.0	0.0	0.8095238095238095	0.5	0.8575818905224373	20		S_1	36	12	-1
100	484	7,13,24,26,39,62,63,65,66,74,79,82,83,84,85,88,89,91,92,93,94,126,128,132,139,142,154,167,176,177,199,200,201,216,220,244,252,255,276,279,286,292,294,298/7,60,78,89,92,93,114,152,175,189,191	g-	0.9836151318922197	0.9836151318922197	0.0	0.0	0.9855099176851958	0.9817203460992436	0.0	0.0	0.0	0.0	0.0	0.0	0.9090909090909091	0.375	0.7893452527140756	24		S_1	44	11	-1
101	667	30,52,53,57,58,63,67,68,69,72,85,112,131,140,154,188,195,213,218,222,238,278,290/1,7,11,14,19,24,29,42,58,62,63,64,65,67,69,80,81,108,115,122,125,135,141,167,175,178,184,189,191	g-	0.9835895368787863	0.9835895368787863	0.0	0.0	0.982547797718651	0.9846312760389215	0.0	0.0	0.0	0.0	0.0	0.0	0.4166666666666667	0.43478260869565216	0.816636564980627	48		S_1	23	29	-1
102	609	17,31,38,52,69,78,91,99,104,120,121,122,123,156,161,185,200,202,210,228,230,235,251,256,260,266,273,282,300/9,19,40,43,53,55,73,84,85,86,87,90,121,130,133,144,161,169,174,175,195	g-	0.9835726714628501	0.9835726714628501	0.0	0.0	0.9841508503444837	0.9829944925812166	0.0	0.0	0.0	0.0	0.0	0.0	0.8666666666666667	0.5555555555555556	0.8717284359533566	24		S_1	29	21	-1
103	748	20,30,32,64,69,99,111,115,118,122,129,142,151,184,200,209,241,259,264,270,275,281/6,22,26,46,47,48,60,61,63,76,79,81,85,87,88,90,96,102,103,109,114,130,138,146,147,149,162,170,173,184,189,192,193,194	g-	0.9835622608940926	0.9835622608940926	0.0	0.0	0.9828001121309995	0.9843244096571858	0.0	0.0	0.0	0.0	0.0	0.0	0.6428571428571429	0.75	0.821351786785824	39		S_1	22	34	-1
