#number	block_area	block_id	move_type	pre_criterion	full_crit	expr_mean_crit	expr_mean_crit	expr_reg_crit	expr_kend_crit	expr_cor_crit	expr_euc_crit	expr_spear_crit	PPI_crit	feat_crit	TF_crit	percent_orig_genes	percent_orig_exp	exp_mean	trajectory_position	FEATURE_INDICES	move_class	num_genes	num_exps
1	210	1,13,17,18,19,20,21,22,23,24,26,27,28,29,30,31,35,36,48,50,54,59,65,86,97,101,108,125,141,143/9,10,16,17,18,30,35	g-	0.9823855430955566	0.9823855430955566	0.0	0.0	0.9870215900174416	0.9777494961736717	0.0	0.0	0.0	0.0	0.0	0.0	0.391304347826087	0.375	0.9831332322601266	19		S_1	30	7	-1
2	370	1,6,13,17,18,19,20,21,22,23,24,26,27,28,29,30,31,32,35,36,40,50,54,65,69,80,81,82,98,107,116,122,125,126,129,132,133/16,17,23,26,30,37,39,61,72,87	g+	0.9821022083532083	0.9821022083532083	0.0	0.0	0.9852532167096402	0.9789511999967764	0.0	0.0	0.0	0.0	0.0	0.0	0.75	0.3125	0.7879221407004232	34		S_1	37	10	-1
3	500	10,21,31,32,35,36,38,40,41,44,47,50,72,77,80,99,107,125,126,147/16,17,26,31,33,35,36,37,38,39,43,59,61,64,66,68,72,76,77,79,83,85,90,92,96	e+	0.9818958056479684	0.9818958056479684	0.0	0.0	0.979894623527287	0.9838969877686499	0.0	0.0	0.0	0.0	0.0	0.0	0.375	0.6875	0.8127926482525945	37		S_1	20	25	-1
4	368	4,17,29,32,35,41,44,47,57,81,95,109,112,118,128,139/4,8,12,28,31,35,37,42,43,44,45,47,49,56,60,71,72,82,83,84,88,93,96	g+	0.9813877815795315	0.9813877815795315	0.0	0.0	0.9832521082878922	0.979523454871171	0.0	0.0	0.0	0.0	0.0	0.0	0.16666666666666666	0.6666666666666666	0.893520463259899	42		S_1	16	23	-1
5	396	4,12,18,20,29,30,34,46,52,58,62,65,72,85,86,93,107,136/2,6,15,16,17,23,35,46,50,55,58,59,61,62,68,76,77,84,90,93,96,97	e-	0.9813843816862546	0.9813843816862546	0.0	0.0	0.9817031901698777	0.9810655732026317	0.0	0.0	0.0	0.0	0.0	0.0	0.2857142857142857	0.5	0.8869996524522992	55		S_1	18	22	-1
6	832	7,8,9,12,13,22,32,33,36,49,57,81,96,98,100,101,104,107,112,114,115,117,127,132,142,145/1,7,8,9,11,12,16,20,21,24,28,33,34,35,38,45,46,56,58,59,60,62,65,68,70,76,82,89,90,93,98,99	g+	0.9813733148977541	0.9813733148977541	0.0	0.0	0.9810913138885718	0.9816553159069363	0.0	0.0	0.0	0.0	0.0	0.0	0.5263157894736842	0.5833333333333334	0.8517405477319367	59		S_1	26	32	-1
7	420	1,2,3,4,5,6,7,8,10,11,13,15,17,25,30,36,42,43,46,52,54,57,60,61,68,71,79,91,92,94,96,102,106,107,142/1,2,9,10,12,13,15,33,37,58,60,61	g-	0.9810836638578831	0.9810836638578831	0.0	0.0	0.9841750432150547	0.9779922845007116	0.0	0.0	0.0	0.0	0.0	0.0	0.5714285714285714	0.12	0.8833090460186113	22		S_1	35	12	-1
8	589	3,12,13,14,17,18,19,25,26,32,38,45,49,50,54,71,77,81,83,84,92,110,116,120,122,126,131,132,133,144,146/5,10,23,26,29,30,33,35,36,37,38,50,51,52,57,72,80,83,84	g+	0.9807375269278681	0.9807375269278681	0.0	0.0	0.980341224811796	0.9811338290439402	0.0	0.0	0.0	0.0	0.0	0.0	0.5	0.375	0.8707656217848223	46		S_1	31	19	-1
9	345	6,13,32,40,49,72,80,108,111,113,114,117,126,135,142/8,21,26,34,36,37,38,39,40,50,52,58,59,60,63,64,66,72,85,88,92,93,100	g+	0.9806469904068218	0.9806469904068218	0.0	0.0	0.9810850105962923	0.9802089702173514	0.0	0.0	0.0	0.0	0.0	0.0	0.36363636363636365	0.6842105263157895	0.8160545647291568	32		S_1	15	23	-1
10	418	13,14,15,43,49,53,54,72,94,98,101,113,117,119,121,132,134,142,145/4,15,18,20,21,26,27,38,39,46,49,51,58,64,65,66,68,70,77,91,92,99	g+	0.980594930041343	0.980594930041343	0.0	0.0	0.9797296902796251	0.9814601698030609	0.0	0.0	0.0	0.0	0.0	0.0	0.6363636363636364	0.6153846153846154	0.8540691854583877	38		S_1	19	22	-1
11	630	13,19,31,32,33,35,36,38,41,42,44,47,50,54,61,62,65,75,77,80,81,83,95,98,99,102,107,110,111,116,118,119,123,125,126,128,132,133,140,143,146,147/8,25,26,29,31,32,35,36,37,39,43,51,57,71,84	g+	0.9801493559752003	0.9801493559752003	0.0	0.0	0.9814663232688439	0.9788323886815566	0.0	0.0	0.0	0.0	0.0	0.0	0.875	0.3125	0.8211538107999653	28		S_1	42	15	-1
12	420	20,30,31,52,69,72,79,90,98,104,107,112,115,124,142/4,6,8,10,12,15,28,34,35,37,46,55,58,59,61,62,63,65,68,70,72,76,77,83,84,90,93,96	e-	0.9799585881002175	0.9799585881002175	0.0	0.0	0.9797081663785445	0.9802090098218905	0.0	0.0	0.0	0.0	0.0	0.0	0.3333333333333333	0.5416666666666666	0.859247358739882	46		S_1	15	28	-1
13	336	15,23,28,32,35,44,47,52,60,78,91,103,110,128/3,13,23,24,29,31,43,44,45,49,50,54,60,62,71,72,78,79,80,82,83,84,87,92	g+	0.9799264622748405	0.9799264622748405	0.0	0.0	0.9824523154601454	0.9774006090895354	0.0	0.0	0.0	0.0	0.0	0.0	0.4166666666666667	0.8888888888888888	0.8660995251678537	25		S_1	14	24	-1
14	403	12,14,15,27,28,39,94,101,113,129,130,135,138/2,3,5,13,14,15,19,20,21,26,27,33,37,39,41,42,43,49,51,58,64,65,66,68,70,84,87,92,95,98,99	e-	0.9799260163758527	0.9799260163758527	0.0	0.0	0.9810950528825775	0.978756979869128	0.0	0.0	0.0	0.0	0.0	0.0	0.375	0.6875	0.8754765250437078	43		S_1	13	31	-1
15	242	8,11,20,21,29,40,42,43,44,63,68,72,86,94,103,107,123,130,140,142,143,147/15,19,33,37,39,61,63,66,68,77,95	g+	0.9798369777072021	0.9798369777072021	0.0	0.0	0.9789828444138899	0.9806911110005143	0.0	0.0	0.0	0.0	0.0	0.0	0.5	0.1875	0.8967159455145638	26		S_1	22	11	-1
16	140	3,6,7,10,18,27,30,36,42,46,65,74,79,89,91,111,119,136,138,146/1,2,5,49,90,95,97	g+	0.9796324804312904	0.9796324804312904	0.0	0.0	0.9831791929133414	0.9760857679492392	0.0	0.0	0.0	0.0	0.0	0.0	0.9	0.5	0.9964575088131034	20		S_1	20	7	-1
17	448	34,42,50,60,72,79,98,103,113,114,124,135,142,146/4,6,8,12,20,27,28,34,37,40,46,48,58,59,60,62,64,65,66,70,72,76,84,86,91,92,93,94,95,96,99,100	g+	0.9795983885731714	0.9795983885731714	0.0	0.0	0.9793825661137987	0.979814211032544	0.0	0.0	0.0	0.0	0.0	0.0	0.5	0.7	0.7685011748763452	37		S_1	14	32	-1
18	504	18,20,25,35,38,40,45,46,49,51,53,71,80,85,107,113,115,125/3,8,12,14,15,17,20,37,39,41,46,52,54,55,58,61,66,68,72,74,76,77,85,89,90,92,93,96	g+	0.9794821942479561	0.9794821942479561	0.0	0.0	0.9784654436838629	0.9804989448120494	0.0	0.0	0.0	0.0	0.0	0.0	0.5454545454545454	0.5	0.8132953732609087	43		S_1	18	28	-1
19	456	12,13,16,46,52,55,62,68,72,82,86,98,99,114,115,118,119,127,142/2,8,9,21,26,29,31,32,40,44,48,50,58,59,60,65,76,78,84,89,90,96,99,100	e-	0.9794667396599948	0.9794667396599948	0.0	0.0	0.9797179533573137	0.9792155259626758	0.0	0.0	0.0	0.0	0.0	0.0	0.3	0.55	0.893081211330712	46		S_1	19	24	-1
20	435	1,2,13,22,35,37,44,47,59,62,67,68,70,75,76,81,82,88,99,101,105,114,118,119,125,127,130,142,147/2,7,9,21,36,37,40,44,48,58,59,89,96,97,99	g+	0.9793808267009523	0.9793808267009523	0.0	0.0	0.9801424099692588	0.9786192434326458	0.0	0.0	0.0	0.0	0.0	0.0	0.5714285714285714	0.6470588235294118	0.8729547572301682	19		S_1	29	15	-1
21	598	2,18,20,21,22,23,24,26,27,29,30,33,44,51,77,81,84,89,99,105,116,127,129,130,133,134/6,8,10,12,16,17,18,20,22,23,29,32,45,50,54,58,72,73,80,84,85,86,91	g-	0.9793775672792856	0.9793775672792856	0.0	0.0	0.9799358207238764	0.9788193138346948	0.0	0.0	0.0	0.0	0.0	0.0	0.8125	0.5789473684210527	0.9021694700809539	24		S_1	26	23	-1
22	380	2,3,6,9,10,22,31,36,41,42,50,66,79,87,96,102,126,139,146/1,2,22,25,37,41,43,45,47,49,52,55,60,67,68,74,90,94,95,97	e-	0.9793051392525031	0.9793051392525031	0.0	0.0	0.979328308972117	0.9792819695328892	0.0	0.0	0.0	0.0	0.0	0.0	0.375	0.4782608695652174	0.9203500767282522	41		S_1	19	20	-1
23	936	6,9,12,14,15,28,33,62,69,75,77,80,88,95,96,98,99,107,112,122,126,129,136,145,146,150/1,3,6,7,8,9,11,12,19,20,21,23,24,28,45,46,55,57,58,60,61,62,63,68,70,72,73,74,76,81,85,87,89,93,98,99	g+	0.9792466293745818	0.9792466293745818	0.0	0.0	0.9787774168130673	0.9797158419360963	0.0	0.0	0.0	0.0	0.0	0.0	0.5833333333333334	0.6666666666666666	0.7947003828754315	51		S_1	26	36	-1
24	504	6,14,15,21,25,31,35,41,44,45,47,57,58,60,61,74,79,87,97,106,110,120,122,124,128,133,144,147/9,16,29,31,40,44,45,50,51,52,54,67,79,81,85,86,88,93	e+	0.9792426031918178	0.9792426031918178	0.0	0.0	0.9788579157731162	0.9796272906105193	0.0	0.0	0.0	0.0	0.0	0.0	0.631578947368421	0.35	0.8694224348311816	41		S_1	28	18	-1
25	525	15,24,30,32,35,47,52,65,70,75,77,78,97,104,110,114,118,119,126,127,132,134,135,136,140/3,26,29,31,42,44,45,50,51,53,60,64,71,72,78,79,83,84,87,92,100	g-	0.9791896694894433	0.9791896694894433	0.0	0.0	0.979475377728303	0.9789039612505837	0.0	0.0	0.0	0.0	0.0	0.0	0.5789473684210527	0.6666666666666666	0.8427082332169475	23		S_1	25	21	-1
26	546	3,10,12,13,14,15,23,34,49,51,56,60,73,80,82,108,110,111,113,116,117,125,131,133,134,135/5,6,21,23,24,31,36,41,51,52,64,66,72,77,83,85,92,96,98,99,100	e+	0.979177732965518	0.979177732965518	0.0	0.0	0.9780453561899543	0.9803101097410818	0.0	0.0	0.0	0.0	0.0	0.0	0.7777777777777778	0.6470588235294118	0.8605828801744843	32		S_1	26	21	-1
27	374	4,7,18,21,29,30,41,46,71,81,84,99,107,112,116,117,147/11,16,17,21,31,35,37,42,43,45,47,56,58,61,68,72,74,76,85,89,94,96	e+	0.9791610312497249	0.9791610312497249	0.0	0.0	0.9808567992677097	0.97746526323174	0.0	0.0	0.0	0.0	0.0	0.0	0.8888888888888888	0.2916666666666667	0.9499613247080546	20		S_1	17	22	-1
28	340	10,25,29,37,43,46,54,57,60,63,71,92,94,102,103,107,123,124,126,149/15,23,27,33,37,40,41,42,59,61,63,66,68,70,92,95,96	g-	0.9791102637155008	0.9791102637155008	0.0	0.0	0.9801933284867088	0.9780271989442928	0.0	0.0	0.0	0.0	0.0	0.0	0.4	0.4375	0.9194605387634557	46		S_1	20	17	-1
29	504	2,6,16,19,22,28,29,35,36,47,57,59,61,67,69,73,88,94,95,96,98,100,101,102,104,107,109,112,118,119,122,127,136,141,144,145/7,8,9,12,23,28,40,48,58,64,65,85,86,99	g+	0.9791094001137954	0.9791094001137954	0.0	0.0	0.9821536597542307	0.97606514047336	0.0	0.0	0.0	0.0	0.0	0.0	0.5263157894736842	0.3333333333333333	0.8660223111999152	34		S_1	36	14	-1
30	209	2,35,41,44,47,53,67,110,128,132,143/4,8,12,13,20,29,31,34,43,45,54,71,72,79,81,82,83,84,85	g-	0.9790578043924708	0.9790578043924708	0.0	0.0	0.9802001434467347	0.977915465338207	0.0	0.0	0.0	0.0	0.0	0.0	0.5714285714285714	0.6111111111111112	0.9381275740097105	19		S_1	11	19	-1
31	660	1,8,16,17,19,32,33,35,38,40,54,56,58,62,63,66,68,81,83,98,99,100,101,105,107,109,112,127,141,147/1,7,16,20,30,33,34,38,39,57,59,62,63,66,72,74,78,83,94,98,99,100	g-	0.9789201095776543	0.9789201095776543	0.0	0.0	0.9772795150467375	0.980560704108571	0.0	0.0	0.0	0.0	0.0	0.0	0.6666666666666666	0.47058823529411764	0.8299467735743058	40		S_1	30	22	-1
32	195	6,7,14,24,26,31,34,35,38,43,44,49,57,59,62,64,65,74,78,79,84,87,89,98,102,104,105,114,116,121,124,128,136,137,141,145,148,149,150/25,53,69,75,82	g-	0.9786129049881547	0.9786129049881547	0.0	0.0	0.9829717176286503	0.974254092347659	0.0	0.0	0.0	0.0	0.0	0.0	1.0	0.23529411764705882	0.8600774604824459	21		S_1	39	5	-1
33	456	2,4,8,9,10,18,19,20,21,22,23,26,28,29,30,31,33,36,40,44,47,50,69,74,76,80,81,82,91,92,101,108,117,125,126,129,133,134/11,16,22,24,25,27,29,32,47,60,91,95	g-	0.9785857438390979	0.9785857438390979	0.0	0.0	0.9798149266829514	0.9773565609952444	0.0	0.0	0.0	0.0	0.0	0.0	0.6956521739130435	0.35294117647058826	0.7813352594585118	22		S_1	38	12	-1
34	210	17,18,19,21,23,24,26,27,28,32,105,122,125,132,144/1,7,16,17,23,30,33,34,38,50,53,57,63,78	e+	0.9785544987482657	0.9785544987482657	0.0	0.0	0.9800515477713582	0.9770574497251734	0.0	0.0	0.0	0.0	0.0	0.0	1.0	0.5	0.8728773439685878	21		S_1	15	14	-1
35	308	3,5,8,12,26,47,57,59,89,114,120/9,10,12,13,14,18,21,28,29,33,34,35,38,44,46,50,52,55,63,67,69,73,77,79,81,82,87,90	e+	0.978463182661331	0.978463182661331	0.0	0.0	0.9788516978706132	0.9780746674520489	0.0	0.0	0.0	0.0	0.0	0.0	0.16666666666666666	0.5	0.8732925312963911	30		S_1	11	28	-1
36	147	7,9,10,13,14,25,28,34,49,60,64,65,72,80,91,108,110,113,116,117,133/13,40,52,60,87,95,100	g+	0.9784461028428453	0.9784461028428453	0.0	0.0	0.9817213312424391	0.9751708744432516	0.0	0.0	0.0	0.0	0.0	0.0	0.5454545454545454	0.05555555555555555	0.8916019823758313	33		S_1	21	7	-1
37	216	13,14,15,24,31,32,35,45,52,60,61,70,74,77,89,92,97,98,99,106,107,110,111,119,120,127,130/5,19,29,32,49,50,79,88	g+	0.9784329116410577	0.9784329116410577	0.0	0.0	0.9812952355156563	0.9755705877664591	0.0	0.0	0.0	0.0	0.0	0.0	0.7368421052631579	0.8333333333333334	0.9282441237283918	16		S_1	27	8	-1
38	500	3,4,11,20,32,39,40,55,59,71,72,75,85,86,92,93,94,103,107,111,114,115,126,139,142/1,8,15,26,33,37,42,46,50,55,59,60,61,63,66,68,70,90,92,95	g-	0.9784026923817075	0.9784026923817075	0.0	0.0	0.9786813466485	0.978124038114915	0.0	0.0	0.0	0.0	0.0	0.0	0.75	0.5333333333333333	0.8383061205589207	37		S_1	25	20	-1
39	264	5,12,15,47,57,67,90,104,109,113,135,141/2,3,4,6,13,14,16,23,31,35,43,49,53,56,60,72,78,79,83,84,91,96	e+	0.9783335483239061	0.9783335483239061	0.0	0.0	0.979447166335634	0.9772199303121781	0.0	0.0	0.0	0.0	0.0	0.0	0.3	0.6666666666666666	0.9089757500238882	32		S_1	12	22	-1
40	330	1,2,3,5,10,11,12,15,30,36,46,52,54,56,67,68,86,92,94,107,119,140/3,9,10,11,15,26,33,42,66,69,81,82,85,89,92	g+	0.9782720107559817	0.9782720107559817	0.0	0.0	0.9767679434437081	0.9797760780682554	0.0	0.0	0.0	0.0	0.0	0.0	0.42857142857142855	0.24	0.7871903663298533	35		S_1	22	15	-1
41	338	7,9,10,12,15,58,79,85,88,91,92,126,149/1,2,3,5,8,11,15,17,20,23,26,35,39,41,49,50,51,62,78,79,83,85,91,92,94,97	g-	0.9781569501800326	0.9781569501800326	0.0	0.0	0.9789025642022307	0.9774113361578345	0.0	0.0	0.0	0.0	0.0	0.0	0.2727272727272727	0.5	0.8511944538250696	43		S_1	13	26	-1
42	252	13,15,18,29,82,84,99,116,118,119,126,129,133,142/2,21,26,29,32,37,40,44,46,47,48,58,65,75,79,89,96,99	e+	0.9781252865716907	0.9781252865716907	0.0	0.0	0.9789292106919407	0.9773213624514407	0.0	0.0	0.0	0.0	0.0	0.0	0.4375	0.7333333333333333	0.9573342951954943	24		S_1	14	18	-1
43	384	2,15,20,33,69,74,90,92,93,96,97,103,129,135,136,138/1,3,13,19,20,21,24,25,27,32,39,42,53,54,64,72,74,75,76,82,83,91,92,98	g-	0.9780691841727827	0.9780691841727827	0.0	0.0	0.9793792392130878	0.9767591291324775	0.0	0.0	0.0	0.0	0.0	0.0	0.625	0.6470588235294118	0.873104764624539	29		S_1	16	24	-1
44	176	1,2,3,4,5,7,8,9,11,13,15,37,40,46,71,85,92,96,102,123,126,138/1,2,3,13,14,15,30,100	g-	0.9780678047406206	0.9780678047406206	0.0	0.0	0.9791101953653065	0.9770254141159348	0.0	0.0	0.0	0.0	0.0	0.0	1.0	0.5	1.0603819975354893	9		S_1	22	8	-1
45	368	10,15,28,60,65,80,91,98,101,108,117,121,122,130,135,142/2,3,6,9,11,12,20,21,25,35,44,58,60,62,66,67,70,76,82,87,92,95,99	e+	0.9778799830595819	0.9778799830595819	0.0	0.0	0.9755978827012324	0.9801620834179313	0.0	0.0	0.0	0.0	0.0	0.0	0.45454545454545453	0.4782608695652174	0.7944746888163298	40		S_1	16	23	-1
46	475	2,9,11,12,14,47,67,89,105,109,110,112,114,115,127,128,132,135,143/4,7,8,9,12,13,14,20,31,38,45,46,49,50,55,56,58,60,61,62,78,82,84,93,98	g+	0.9777422782233888	0.9777422782233888	0.0	0.0	0.9793971072609984	0.9760874491857792	0.0	0.0	0.0	0.0	0.0	0.0	0.13043478260869565	0.5	0.875815438538497	49		S_1	19	25	-1
