incr_nono
"5,195,86,186,108,60,19,75,175,177,42,81,70,139,4,2,120,157,183,15/27,1,37,7,8,26,71,5,45,30"
"27,138,84,131,181,150,14,61,121,153,199,10,166,71,67,154,76,82,58,97/46,25,11,69,22,31,73,13,63,62"
"69,127,191,151,88,136,158,83,40,187,53,179,167,176,188,89,85,152,73,106/2,77,57,80,15,17,76,58,55,47"
"132,54,107,68,21,110,94,170,145,174,101,32,189,137,126,173,78,169,13,87/65,20,44,23,41,3,34,32,56,4"

incr_over
"30,44,75,80,100,119,7,168,191,139,43,195,142,192,94,27,62,112,32,41,48,53,187,55,1,68,124,188,66,159/9,21,45,24,64,34,68,41,57,56,51,78,7,52,72"
"187,55,1,68,124,188,66,159,81,29,137,87,122,85,136,3,47,64,106,176/56,51,78,7,52,72,67,74,36,33"
"39,58,155,52,104,45,107,65,172,164,98,182,88,175,103,190,147,57,198,149,95/70,2,15,5,17,55,35,23,3,14,46,59,29,32,71,4,20,75,22,80,8"
"190,147,57,198,149,95,108,4,197,82,174,181,10,144,170/46,59,29,32,71,4,20,75,22,80,8,39,79,42,25,11,43,44,49,12,37,76,62,6,31"

const_nono
"5,195,86,186,108,60,19,75,175,177,42,81,70,139,4,2,120,157,183,15/27,1,37,7,8,26,71,5,45,30"
"27,138,84,131,181,150,14,61,121,153,199,10,166,71,67,154,76,82,58,97/46,25,11,69,22,31,73,13,63,62"
"69,127,191,151,88,136,158,83,40,187,53,179,167,176,188,89,85,152,73,106/2,77,57,80,15,17,76,58,55,47"
"132,54,107,68,21,110,94,170,145,174,101,32,189,137,126,173,78,169,13,87/65,20,44,23,41,3,34,32,56,4"

const_over
"5,195,86,186,108,60,19,75,175,177,42,81,70,139,4,2,120,157,183,15/27,1,37,7,8,26,71,5,45,30"
"27,138,84,131,181,150,14,61,121,153,199,10,166,71,67,154,76,82,58,97/46,25,11,69,22,31,73,13,63,62"
"69,127,191,151,88,136,158,83,40,187,53,179,167,176,188,89,85,152,73,106/2,77,57,80,15,17,76,58,55,47"
"132,54,107,68,21,110,94,170,145,174,101,32,189,137,126,173,78,169,13,87/65,20,44,23,41,3,34,32,56,4"
