#number	block_area	block_id	move_type	pre_criterion	full_crit	expr_mean_crit	expr_mean_crit	expr_reg_crit	expr_kend_crit	expr_cor_crit	expr_euc_crit	expr_spear_crit	PPI_crit	feat_crit	TF_crit	percent_orig_genes	percent_orig_exp	exp_mean	trajectory_position	FEATURE_INDICES	move_class	num_genes	num_exps
1	374	21,22,23,24,25,26,27,28,29,30,31,32,33,34,35,36,37,38,39,40,190,200/4,21,22,23,24,25,26,27,28,29,30,31,39,40,62,72,123	g-	0.9886856582438812	0.9886856582438812	0.0	0.0	0.9887653672850318	0.9886059492027307	0.0	0.0	0.0	0.0	0.0	0.0	0.5217391304347826	0.35294117647058826	0.9183719841920166	24		S_1	22	17	-1
2	240	9,41,42,43,44,45,46,47,48,49,50,51,52,53,54,55,56,57,58,59,60,79,99,167/41,42,43,44,45,46,47,48,60,72	g+	0.9885101521971271	0.9885101521971271	0.0	0.0	0.9902485324058865	0.9867717719883677	0.0	0.0	0.0	0.0	0.0	0.0	0.9285714285714286	0.6	1.071764217981437	15		S_1	24	10	-1
3	540	1,2,3,4,5,6,7,8,9,10,11,12,13,14,15,16,17,18,19,20,34,43,64,73,97,175,192/1,2,3,4,8,9,10,11,12,13,14,15,18,20,33,65,76,83,91,144	e+	0.9880006101188394	0.9880006101188394	0.0	0.0	0.9874167068006363	0.9885845134370426	0.0	0.0	0.0	0.0	0.0	0.0	0.7222222222222222	0.07692307692307693	0.7992844025386391	59		S_1	27	20	-1
4	630	20,45,54,61,62,63,64,65,66,67,68,69,70,71,72,73,74,75,76,77,78,80,100,120,127,149,162,180,183,184/3,37,61,62,63,64,65,66,67,68,69,70,71,72,79,80,85,102,117,120,124	e+	0.9860291051411618	0.9860291051411618	0.0	0.0	0.9852011282360319	0.9868570820462919	0.0	0.0	0.0	0.0	0.0	0.0	0.6428571428571429	0.2	0.843470578174317	64		S_1	30	21	-1
5	546	5,11,16,17,18,26,33,38,40,48,49,51,54,64,65,66,67,68,69,71,72,73,74,75,77,78,80,86,88,97,101,126,131,135,146,149,170,180,183/8,10,29,30,32,52,61,62,73,78,79,80,117,124	g+	0.984968662505677	0.984968662505677	0.0	0.0	0.985635162853949	0.9843021621574051	0.0	0.0	0.0	0.0	0.0	0.0	0.782608695652174	0.375	0.8495444220965366	48		S_1	39	14	-1
6	660	11,13,19,27,30,61,62,67,68,71,73,77,78,83,105,138,151,168,179,199/10,12,22,38,39,41,47,50,58,63,65,66,67,68,69,70,71,72,73,74,83,87,92,104,108,112,114,116,120,126,135,137,144	g-	0.9848776603316043	0.9848776603316043	0.0	0.0	0.9846612984806471	0.9850940221825615	0.0	0.0	0.0	0.0	0.0	0.0	0.14285714285714285	0.43478260869565216	0.7735611168365903	66		S_1	20	33	-1
7	840	43,44,45,46,48,49,50,51,53,55,56,58,60,66,67,72,79,80,83,98,99,111,117,124,126,132,135,164,166,170,171,176,185,187,194/8,12,28,29,32,41,42,43,44,48,54,58,60,63,75,78,93,95,99,103,105,112,117,138	g-	0.9846431426569376	0.9846431426569376	0.0	0.0	0.9860919655187561	0.9831943197951192	0.0	0.0	0.0	0.0	0.0	0.0	0.5	0.2	0.8957780232122737	68		S_1	35	24	-1
8	836	4,5,7,14,17,21,23,24,27,29,31,32,33,35,36,38,59,61,63,65,68,70,71,72,76,78,89,95,118,119,128,133,139,144,149,155,159,172,182,191,192,193,198,200/2,3,9,19,20,26,28,29,30,31,32,49,58,61,62,88,100,107,116	g-	0.9844285932326617	0.9844285932326617	0.0	0.0	0.9835116160563282	0.9853455704089953	0.0	0.0	0.0	0.0	0.0	0.0	0.68	0.3125	0.8323257537386302	61		S_1	44	19	-1
9	920	2,4,5,6,7,8,9,10,11,14,17,18,20,40,43,63,64,66,70,73,74,78,85,88,92,94,96,101,104,107,108,113,120,126,127,128,130,142,146,152,153,157,167,182,186,187/1,2,4,12,18,20,25,46,48,59,73,83,88,89,93,99,104,131,134,142	g-	0.9843643243785869	0.9843643243785869	0.0	0.0	0.9842924158686236	0.9844362328885502	0.0	0.0	0.0	0.0	0.0	0.0	0.5833333333333334	0.5833333333333334	0.781135292147901	26		S_1	46	20	-1
10	920	4,6,7,10,21,36,38,42,45,54,55,61,63,65,68,69,70,71,72,73,74,75,76,77,78,79,80,81,86,89,111,118,119,128,130,139,149,157,159,164,173,180,192,193,197,200/7,9,10,28,29,32,58,60,61,62,67,74,80,100,115,116,121,124,127,142	g-	0.984106345929953	0.984106345929953	0.0	0.0	0.9844230051618416	0.9837896866980644	0.0	0.0	0.0	0.0	0.0	0.0	0.8421052631578947	0.5	0.8724577126133934	48		S_1	46	20	-1
11	352	5,20,40,59,88,89,106,121,124,151,157/1,18,19,26,27,28,33,35,39,42,48,55,65,73,75,79,83,88,89,93,99,103,104,112,115,120,127,135,136,139,140,142	g-	0.9838726732685291	0.9838726732685291	0.0	0.0	0.9855446489187174	0.9822006976183408	0.0	0.0	0.0	0.0	0.0	0.0	0.38461538461538464	0.4166666666666667	0.8720228244030419	40		S_1	11	32	-1
12	387	2,3,4,10,12,17,18,20,35,43,58,63,68,70,74,79,81,83,86,88,92,94,96,99,113,122,125,127,128,137,139,142,150,159,160,167,176,181,182,192,193,198,200/1,2,18,19,20,48,72,75,104	g-	0.9837455646598398	0.9837455646598398	0.0	0.0	0.9875581893612846	0.9799329399583949	0.0	0.0	0.0	0.0	0.0	0.0	0.8636363636363636	0.6	0.8340748207971784	16		S_1	43	9	-1
13	279	13,54,88,106,127,152,168,173,197/3,8,10,19,25,26,43,46,47,50,75,88,91,92,95,96,98,99,102,109,113,114,123,126,129,136,138,144,147,148,149	e+	0.9836657716148463	0.9836657716148463	0.0	0.0	0.9868095130648219	0.9805220301648707	0.0	0.0	0.0	0.0	0.0	0.0	0.2857142857142857	0.8571428571428571	0.875044357297143	37		S_1	9	31	-1
14	280	2,3,5,9,10,14,17,22,23,25,26,33,38,39,42,43,49,55,66,79,92,93,98,111,126,135,137,138,140,148,149,151,156,177,178,181,188,189,191,192/1,2,3,8,24,31,86	g+	0.9835652096418854	0.9835652096418854	0.0	0.0	0.9871155089644124	0.9800149103193586	0.0	0.0	0.0	0.0	0.0	0.0	0.88	0.8	0.9682656788355031	17		S_1	40	7	-1
15	351	24,45,51,70,94,100,111,129,159,162,165,189,194/6,12,15,23,24,25,35,50,51,53,54,55,59,68,69,71,79,81,103,108,110,112,120,128,136,137,147	g-	0.9835570393573576	0.9835570393573576	0.0	0.0	0.9859394000764801	0.9811746786382352	0.0	0.0	0.0	0.0	0.0	0.0	0.3333333333333333	0.6666666666666666	0.881174093564832	37		S_1	13	27	-1
16	1472	10,13,14,19,28,37,47,49,61,63,66,68,70,71,72,74,76,78,81,87,98,102,106,132,144,150,152,159,170,185,194,195/3,4,5,8,9,21,22,27,28,29,36,41,42,43,44,47,53,60,61,63,67,68,71,72,74,77,78,94,96,97,98,99,103,104,109,110,111,118,122,126,128,133,134,135,140,145	g+	0.983308826417286	0.983308826417286	0.0	0.0	0.9823839227818378	0.9842337300527342	0.0	0.0	0.0	0.0	0.0	0.0	0.25	0.32	0.8264887815639372	89		S_1	32	46	-1
17	361	7,10,26,44,56,59,60,86,126,135,136,141,143,153,164,175,193,194,195/28,31,43,45,69,72,73,79,97,107,111,117,119,123,130,134,136,143,149	g-	0.9832028442675369	0.9832028442675369	0.0	0.0	0.9852762662203073	0.9811294223147666	0.0	0.0	0.0	0.0	0.0	0.0	0.5714285714285714	0.5294117647058824	0.9354254627891989	25		S_1	19	19	-1
18	726	3,5,6,12,14,15,17,18,20,31,88,101,114,121,124,131,151,169,189,190,197,199/10,12,13,16,27,33,35,39,42,48,50,51,60,65,72,73,75,88,89,97,101,104,108,112,115,120,127,135,136,139,140,141,142	e-	0.9830578643211367	0.9830578643211367	0.0	0.0	0.9819072446893817	0.9842084839528916	0.0	0.0	0.0	0.0	0.0	0.0	0.5714285714285714	0.2727272727272727	0.8352449890884138	51		S_1	22	33	-1
19	1058	1,2,5,7,9,11,13,18,30,33,40,42,43,44,46,49,53,54,57,64,66,73,75,77,80,89,92,96,97,106,108,113,116,130,135,148,161,167,173,180,181,188,189,190,195,197/1,2,4,24,25,31,46,60,66,74,77,78,83,89,96,109,114,122,132,133,134,138,140	g+	0.9830247947400934	0.9830247947400934	0.0	0.0	0.9827924409388378	0.983257148541349	0.0	0.0	0.0	0.0	0.0	0.0	0.782608695652174	0.4	0.851636649890254	50		S_1	46	23	-1
20	930	23,24,28,30,31,33,43,46,47,49,50,52,53,55,56,57,81,83,102,105,119,121,144,145,147,148,155,172,190,191,199/3,4,5,8,9,14,18,19,22,23,25,27,28,30,39,51,56,58,59,63,65,75,98,99,104,109,124,129,144,146	e+	0.9829950123939095	0.9829950123939095	0.0	0.0	0.9827349373145571	0.983255087473262	0.0	0.0	0.0	0.0	0.0	0.0	0.6521739130434783	0.52	0.8652579259410625	55		S_1	31	30	-1
21	1014	1,2,8,23,24,27,28,30,33,40,42,43,64,67,70,81,82,85,89,91,103,105,119,121,145,148,153,155,159,165,167,174,178,179,180,184,189,190,199/9,21,23,27,35,38,39,50,59,63,65,66,77,81,83,100,104,108,119,125,128,129,131,136,147,148	g+	0.9829100302903211	0.9829100302903211	0.0	0.0	0.982962246314384	0.9828578142662583	0.0	0.0	0.0	0.0	0.0	0.0	0.7619047619047619	0.3333333333333333	0.858192037969497	53		S_1	39	26	-1
22	532	11,17,28,41,46,47,48,51,53,56,58,72,79,134,155,168,170,184,186/9,21,22,25,28,30,36,41,43,44,51,52,61,66,67,72,75,86,94,98,101,106,107,116,121,133,138,145	e+	0.9827603792681381	0.9827603792681381	0.0	0.0	0.9832296075962176	0.9822911509400585	0.0	0.0	0.0	0.0	0.0	0.0	0.4166666666666667	0.6666666666666666	0.8292744659366863	44		S_1	19	28	-1
23	598	3,5,6,13,14,17,23,27,29,31,35,36,47,49,50,55,58,61,66,67,70,75,77,80,96,102,106,114,116,121,122,125,128,136,145,147,149,153,154,155,159,165,173,178,189,197/3,9,28,39,43,57,63,67,72,97,111,113,119	g+	0.9827526271496	0.9827526271496	0.0	0.0	0.9844753533335879	0.981029900965612	0.0	0.0	0.0	0.0	0.0	0.0	0.8	0.47058823529411764	0.8374797192399801	28		S_1	46	13	-1
24	567	1,2,8,11,15,16,17,18,23,24,25,28,34,40,43,81,92,100,111,120,129,165,175,182,189,190,200/6,10,11,12,13,15,16,20,23,30,50,53,55,59,79,81,83,102,111,141,149	g-	0.9826759527687825	0.9826759527687825	0.0	0.0	0.9832813913784335	0.9820705141591314	0.0	0.0	0.0	0.0	0.0	0.0	0.38095238095238093	0.34782608695652173	0.8618070733936052	37		S_1	27	21	-1
25	377	6,15,41,52,57,69,109,113,185,188,189,193,198/4,5,19,20,21,25,30,33,38,43,54,59,68,69,70,71,86,89,95,96,100,103,105,110,115,119,138,140,145	e+	0.9826261083944621	0.9826261083944621	0.0	0.0	0.983915251628519	0.9813369651604051	0.0	0.0	0.0	0.0	0.0	0.0	0.45454545454545453	0.5909090909090909	0.8560994570366588	37		S_1	13	29	-1
26	825	6,11,16,17,18,20,40,41,42,43,45,66,71,72,81,85,92,105,117,140,146,148,152,159,167/1,2,3,7,19,20,28,31,32,36,37,41,46,66,70,75,76,77,79,80,82,88,91,93,106,125,127,129,132,134,136,145,148	g-	0.9825640406034629	0.9825640406034629	0.0	0.0	0.9830780794304119	0.9820500017765139	0.0	0.0	0.0	0.0	0.0	0.0	0.38095238095238093	0.8181818181818182	0.8438573584933633	51		S_1	25	33	-1
27	414	8,19,26,28,40,58,62,67,69,70,77,100,103,108,119,121,122,147,165,178,186,199,200/23,36,38,41,64,66,68,69,71,72,74,97,101,116,119,135,137,140	e+	0.9825232229507934	0.9825232229507934	0.0	0.0	0.9836235997346029	0.9814228461669838	0.0	0.0	0.0	0.0	0.0	0.0	1.0	0.47058823529411764	0.8722013204044529	29		S_1	23	18	-1
28	621	1,5,7,8,17,60,63,68,71,72,74,86,97,102,106,108,127,128,146,152,173,194,195/2,3,4,5,17,20,27,36,39,44,51,53,55,56,61,77,79,80,97,104,110,111,125,128,132,134,137	g-	0.9824820311238945	0.9824820311238945	0.0	0.0	0.9810581672714072	0.9839058949763819	0.0	0.0	0.0	0.0	0.0	0.0	0.5714285714285714	0.5454545454545454	0.8312847500186812	46		S_1	23	27	-1
29	780	5,21,32,34,35,43,44,49,53,55,65,73,75,76,92,108,117,126,132,135,148,154,155,164,168,170,176,191,193,195/1,2,4,16,30,31,32,35,36,42,43,44,58,60,72,75,78,83,89,92,95,96,125,143,144,146	g-	0.982449145727248	0.982449145727248	0.0	0.0	0.9816783660215287	0.9832199254329672	0.0	0.0	0.0	0.0	0.0	0.0	0.75	0.4	0.8549732587805536	46		S_1	30	26	-1
30	630	9,45,50,56,60,72,75,80,87,106,109,115,135,137,165,166,185,193/12,18,24,29,31,32,34,37,40,41,42,44,50,58,60,63,66,69,70,71,72,73,87,93,97,99,102,106,110,111,114,126,130,132,150	g+	0.9823383964139021	0.9823383964139021	0.0	0.0	0.9824818771268278	0.9821949157009764	0.0	0.0	0.0	0.0	0.0	0.0	0.45454545454545453	0.8	0.845145975181925	39		S_1	18	35	-1
31	705	1,2,6,13,18,19,22,24,26,30,34,36,37,40,43,47,53,57,60,84,85,87,94,96,97,105,107,110,112,113,129,131,152,155,166,168,171,172,173,179,181,188,189,190,195,197,199/4,8,29,33,34,61,69,78,80,94,106,108,124,144,149	g-	0.9823137707553735	0.9823137707553735	0.0	0.0	0.9822645869893858	0.9823629545213611	0.0	0.0	0.0	0.0	0.0	0.0	0.8666666666666667	0.375	0.7757704279283238	33		S_1	47	15	-1
32	330	2,3,10,17,20,24,26,40,43,52,58,61,63,64,66,74,83,88,91,92,94,99,104,110,136,146,157,172,179,182,189,192,193/1,2,20,24,45,54,73,86,91,135	g-	0.9823052535641719	0.9823052535641719	0.0	0.0	0.9844787144231113	0.9801317927052325	0.0	0.0	0.0	0.0	0.0	0.0	0.4782608695652174	1.0	0.8977191465159955	21		S_1	33	10	-1
33	660	3,20,21,51,55,62,74,76,80,83,93,98,117,139,142,156,166,182,185,191/17,29,34,38,47,48,52,53,61,70,71,74,77,88,93,95,96,98,102,105,106,107,109,110,114,121,130,131,133,138,140,146,147	e+	0.982286952726895	0.982286952726895	0.0	0.0	0.9823269961771577	0.9822469092766324	0.0	0.0	0.0	0.0	0.0	0.0	0.2857142857142857	0.7222222222222222	0.8336236670781224	42		S_1	20	33	-1
34	735	1,2,10,22,24,30,31,34,37,56,83,84,89,96,107,113,126,129,135,136,137,138,141,143,159,165,168,171,172,179,188,189,191,195,197/8,16,28,29,31,33,55,57,61,62,69,75,80,94,107,117,118,119,136,143,144	g+	0.9822866006795197	0.9822866006795197	0.0	0.0	0.9820665436179287	0.9825066577411106	0.0	0.0	0.0	0.0	0.0	0.0	0.30434782608695654	0.5	0.7943043706100253	37		S_1	35	21	-1
35	260	2,3,5,9,10,17,20,29,35,56,71,74,102,130,134,135,137,146,154,157,163,167,179,189,192,200/1,2,3,9,19,20,24,46,84,86	g+	0.9822621152261463	0.9822621152261463	0.0	0.0	0.9850659475457746	0.9794582829065179	0.0	0.0	0.0	0.0	0.0	0.0	1.0	1.0	0.9665886269779758	16		S_1	26	10	-1
36	518	2,7,28,40,42,45,47,48,49,51,52,53,54,56,59,64,65,69,76,77,89,92,104,113,117,121,131,153,157,167,169,174,178,182,185,187,199/3,5,9,49,60,66,80,97,101,103,116,117,125,129	g+	0.9822533076810878	0.9822533076810878	0.0	0.0	0.9825504804664877	0.9819561348956878	0.0	0.0	0.0	0.0	0.0	0.0	0.5238095238095238	0.23076923076923078	0.8714349259786521	31		S_1	37	14	-1
37	374	2,3,11,13,40,62,72,87,106,173,180/1,3,19,20,24,25,34,41,44,47,48,52,55,66,68,70,73,81,86,93,96,98,102,105,106,107,109,113,114,129,134,138,140,144	g-	0.9822243538023838	0.9822243538023838	0.0	0.0	0.9850091082430334	0.9794395993617342	0.0	0.0	0.0	0.0	0.0	0.0	0.36363636363636365	0.52	0.8910912313164189	53		S_1	11	34	-1
38	552	1,5,12,16,19,20,29,36,41,45,55,62,70,71,74,76,83,90,98,102,103,106,113,117,123,129,131,135,137,141,142,143,144,147,152,156,158,166,171,176,184,185,188,189,197,198/59,64,66,76,77,88,94,104,126,134,136,142	g+	0.9821061119355187	0.9821061119355187	0.0	0.0	0.9851118747718681	0.9791003490991692	0.0	0.0	0.0	0.0	0.0	0.0	0.9411764705882353	0.3333333333333333	0.8350119899622731	28		S_1	46	12	-1
39	575	11,51,54,61,63,65,67,68,69,70,71,72,73,74,75,78,143,157,158,175,182,183,184/5,10,14,23,27,31,34,38,43,45,47,70,71,72,73,79,80,95,97,107,117,122,130,134,149	e+	0.9819607833470332	0.9819607833470332	0.0	0.0	0.981752214055913	0.9821693526381535	0.0	0.0	0.0	0.0	0.0	0.0	0.8571428571428571	0.7368421052631579	0.8294992228517297	30		S_1	23	25	-1
40	714	6,11,21,22,25,26,32,34,35,46,79,88,93,111,152,155,157,166,168,171,177/5,17,19,21,22,25,26,30,40,46,47,50,51,52,66,68,70,71,72,75,79,91,102,103,106,110,122,123,131,132,134,138,140,148	e-	0.9819569404879945	0.9819569404879945	0.0	0.0	0.9831540605663385	0.9807598204096506	0.0	0.0	0.0	0.0	0.0	0.0	0.3	0.72	0.8384877515802971	51		S_1	21	34	-1
41	465	6,14,34,43,44,47,50,51,54,56,58,65,66,67,69,70,75,87,90,106,126,132,135,141,143,148,170,175,189,194,195/43,45,50,70,73,75,79,91,94,107,108,112,119,145,149	e+	0.9819244402046416	0.9819244402046416	0.0	0.0	0.9832734552947922	0.980575425114491	0.0	0.0	0.0	0.0	0.0	0.0	0.5714285714285714	0.4166666666666667	0.7955110930838108	27		S_1	31	15	-1
42	437	6,10,11,12,13,19,64,66,68,74,77,94,106,142,149,159,165,189,192/1,6,12,13,20,40,41,47,48,54,59,65,66,71,72,73,75,83,86,103,104,135,141	g+	0.9818721351662452	0.9818721351662452	0.0	0.0	0.9819956046771106	0.9817486656553797	0.0	0.0	0.0	0.0	0.0	0.0	0.42857142857142855	0.5625	0.8625721010201759	47		S_1	19	23	-1
43	950	6,8,11,14,19,22,40,42,43,47,48,49,51,52,54,55,57,58,63,69,71,78,88,92,97,104,107,111,126,129,156,157,159,174,178,186,188,189/4,10,12,14,28,30,32,41,42,46,59,60,64,68,73,75,86,88,93,99,103,104,126,138,145	g+	0.9818556165068875	0.9818556165068875	0.0	0.0	0.9805142760950925	0.9831969569186824	0.0	0.0	0.0	0.0	0.0	0.0	0.7777777777777778	0.6666666666666666	0.7820939864749478	32		S_1	38	25	-1
