"sensspec1"	"sensspec2"	"sensspec3"	"sensspec4"	"crit1"	"crit2"	"crit3"	"crit4"	"sens1"	"sens2"	"sens3"	"sens4"	"spec1"	"spec2"	"spec3"	"spec4"	"meanF1"	"SDF1"	"meanFP"	"SDFP"
"KENDALL_GEE"	0.977880060898113	0.989774918691623	0.896248253312726	0.981623802385453	0.98901903	0.98669724	0.9879849	0.98844018	0.9733333	0.98	0.8333333	0.964	0.9824695	0.9997468	0.9694389	0.999904	0.961381758821979	0.043705374827085	0.0121102	0.0147732281908864
"KENDALL"	0.891869516291315	0.852716725551432	0.813638116328416	0.967894667631442	0.9860543	0.98326458	0.98382814	0.98488636	0.8291111	0.756	0.7111111	0.944	0.9649068	0.9778101	0.9507102	0.9930304	0.881529756450651	0.0658414106392904	0.028385625	0.0180647836954252
"MSEC_KENDALLC"	0.986310323658949	0.748751419947627	0.896174340831196	0.848707428069209	0.99401707	0.9930102	0.99311849	0.99216068	1	0.612	0.8380952	0.764	0.9729904	0.9642025	0.9629025	0.9545408	0.869985878126745	0.0989406867674308	0.03634095	0.00755169476982929
"MSEC_KENDALLC_GEECE"	0.999034418551856	0.906094745611968	0.938024810226905	0.584270721250244	0.99259657	0.98652782	0.99032263	0.98976328	1	0.83	0.8857143	0.4169455	0.9980707	0.9975506	0.9969021	0.9759185	0.856856173910243	0.185768912645038	0.00788952500000001	0.0108052296999724
"MSEC"	0.981329864693611	0.717298001396257	0.881360974194057	0.846981922096954	0.99477007	0.99407686	0.99374628	0.99221866	1	0.57	0.8095238	0.7533333	0.9633441	0.9672532	0.9671894	0.9672192	0.85674269059522	0.109038399634636	0.033748525	0.00193842524982692
"KENDALLC_GEECE"	0.997585835847764	0.729854030246058	0.965603914833006	0.664463778557648	0.99172072	0.98156377	0.98937333	0.98873269	1	0.576	0.9380952	0.5071758	0.9951833	0.9958544	0.9947747	0.9631657	0.839376889871119	0.166886374226677	0.012755475	0.016058719800859
"MSEC_GEERE"	0.969630794114181	0.616170336677703	0.83095143781986	0.782234773808082	0.99581335	0.99427867	0.99515316	0.99405603	0.9533333	0.4485	0.7190476	0.6456	0.9864952	0.984057	0.9841057	0.9922304	0.799746835604956	0.145878133870844	0.013277925	0.00384452682253182
"MSEC_GEECE"	0.986392599337006	0.687778961124434	0.926445838105794	0.564589826916549	0.99372569	0.98459692	0.99151486	0.99024017	0.9733333	0.525	0.8637188	0.3958303	0.9998071	0.9968608	0.9989974	0.9841943	0.791301806370946	0.198695435218276	0.00503510000000001	0.0072871626453648
"KENDALLC"	0.975581971881774	0.70266418807273	0.950613802070797	0.523837377359511	0.99354889	0.99354889	0.99298787	0.9910611	1	0.564	0.9619048	0.3626909	0.952328	0.9317405	0.9395848	0.9426758	0.788174334846203	0.215014895008081	0.058417725	0.00851502288561222
"MSEC_KENDALLC_GEERE"	0.987300546310847	0.383182977281449	0.906501575420373	0.778748632950731	0.9949004	0.9949004	0.99420412	0.99343002	1	0.24	0.852381	0.652	0.9749196	0.9498734	0.9679607	0.9666688	0.76393343299085	0.267960782094122	0.035144375	0.0106251235771245
"MSEC_KENDALLR_GEECE"	0.765932378510797	0.771388178347324	0.494745260514376	0.945147679324895	0.98294119	0.98379539	0.95805875	0.98584719	0.6242222	0.632	0.331746	0.896	0.990881	0.9896582	0.9726396	1	0.744303374174348	0.186027854052921	0.0117053	0.011411168272647
"MSEC_KENDALLR"	0.744291509770839	0.759228033308092	0.408844512551436	0.98580121703854	0.98415999	0.98461751	0.97512894	0.98569013	0.6062222	0.62	0.2580499	0.972	0.9638006	0.9790949	0.9836558	1	0.724541318167227	0.237707415471139	0.018362175	0.0148982634008968
"MSEC_KENDALLC_GEECE_CORR"	0.759800253458853	0.618662952203567	0.739808101090369	0.683226717190281	0.75936256	0.77982386	0.74964116	0.77649183	0.6146667	0.4485	0.5873016	0.5189333	0.9946559	0.9968861	0.9992994	0.999744	0.700374505985767	0.0633962474380636	0.00235365000000001	0.00235609005840888
"GEE"	0.743192265253294	0.733207746853246	0.703703667695472	0.563239305694168	0.99653144	0.99175007	0.9950241	0.99417156	0.5913333	0.584	0.5428571	0.3922667	1	0.9848228	1	0.9984	0.685835746374045	0.0834326606053654	0.00419430000000001	0.00736067908733064
"KENDALLR_GEERE"	0.778804039216808	0.756613768105139	0.412392639980214	0.747940416537746	0.98734937	0.98547534	0.98501251	0.98839207	0.6466667	0.616	0.2612245	0.6	0.9788103	0.9804114	0.9788354	0.9927104	0.673937715959977	0.17484707776967	0.017308125	0.0067208737851438
"GEECE"	0.897031352126023	0.234690982528616	0.874142635022813	0.65524450403308	0.99346075	0.98722712	0.99050485	0.99109156	0.8197778	0.133	0.7970522	0.4912	0.9903601	0.996962	0.9677421	0.9838016	0.665277368427633	0.30705043160122	0.01528355	0.0125269015664954
"GEEnonull"	0.91304347826087	0.251034095680831	0.813469997242781	0.624610274725158	0.57476205	0.57476205	0.43273217	0.41410415	0.84	0.144	0.6857143	0.4541333	1	0.9778987	0.9997301	1	0.65053946147741	0.291965510713242	0.00559280000000001	0.011006402081516
"GEERE"	0.754913052908206	0.570580296773674	0.674863433620327	0.403631494939202	0.99725462	0.99618179	0.99703599	0.99692442	0.6106667	0.402	0.5095238	0.2530667	0.9883794	0.9826646	0.9990552	0.9965248	0.600997069560352	0.151684672683906	0.00834399999999999	0.00752849598968258
"MSER_GEERE"	0.737162268052877	0.196080488387603	0.564980528948105	0.731731204041309	0.98585489	0.98585489	0.98437475	0.98809153	0.5871111	0.109	0.3947846	0.58	0.9902444	0.975057	0.9931294	0.990976	0.557488622357474	0.253847108967368	0.0126483	0.00828743484961826
"KENDALLR"	0.732693235218074	0.422549858822928	0.277500785924336	0.730228928659574	0.98583664	0.97478132	0.96923329	0.98469821	0.5933333	0.2695	0.1614512	0.5805333	0.9576141	0.9779051	0.9868115	0.9839488	0.540743202156228	0.228046699788188	0.023430125	0.0131712268277927
"GEEREnonull"	0.469302731548264	0.665361133105437	0.384400913959179	0.596412435415769	0.715239	0.40519986	0.61647616	0.46480565	0.3066667	0.5035	0.2380952	0.4261333	0.9992283	0.9805949	0.9971078	0.993344	0.528869303507162	0.125978022274562	0.00743125	0.00834519177910247
"MSECnonull_KENDALLC_GEECE"	0.706357847736144	0.384298905355013	0.457502576356322	0.552961570349257	0.97509374	0.94813698	0.97126484	0.97551582	0.5462222	0.238	0.2965986	0.3821333	0.9993312	0.9974051	1	1	0.525280224949184	0.139074206188191	0.000815924999999995	0.00122717358558869
"KENDALLR_GEECE"	0.618777532950474	0.498242920559111	0.251178463083194	0.700623254333275	0.98468275	0.98003054	0.97370418	0.9860993	0.4511111	0.3325	0.1437642	0.544	0.9848039	0.9934557	0.9934122	0.9838976	0.517205542731513	0.195864676304955	0.01110765	0.00525725397934448
"MSER_KENDALLR_GEERE"	0.742054617680031	0.249343127760691	0.329773957941539	0.722338757457144	0.98402178	0.96127128	0.9760663	0.98657595	0.594	0.1425	0.1977324	0.568	0.988418	0.996481	0.9926345	0.9918464	0.510877615209852	0.257783787926291	0.00765502500000001	0.00330959399360402
"MSEC_KENDALLC_GEECEnonull"	0.748994340241841	0.418280341333187	0.361928602861889	0.467223285069436	0.86534097	0.82794184	0.84985554	0.87164133	0.5993333	0.265	0.2216244	0.3056	0.9982765	0.9921646	0.986375	0.991712	0.499106642376588	0.172057272909368	0.007867975	0.004867422042091
"MSER"	0.64292970820482	0.152357083966331	0.461031174315309	0.727310264779364	0.98016868	0.97071571	0.9766526	0.98500782	0.4777778	0.0825	0.3006803	0.58	0.9825723	0.9941899	0.9878398	0.9749248	0.495907057816456	0.254562379848467	0.0151183	0.00816223271782909
"MSEC_KENDALLR_CORC_GEECE"	0.595450651133021	0.440534755094429	0.442374429875354	0.374503825085444	0.79593448	0.8496131	0.71770191	0.84333462	0.4244444	0.2825	0.2861678	0.2304	0.9972283	0.9998861	0.9740857	0.9998784	0.463215915297062	0.0936387791000445	0.00723037500000001	0.0125186225891336
"MSECnonull_KENDALLC_GEECEnonull"	0.467526150981702	0.460874537465773	0.461252914152118	0.397061049093062	0.86696195	0.78286457	0.83368996	0.85666207	0.3051111	0.2995	0.2997732	0.2477333	0.9996592	0.9993228	0.9998393	0.9995904	0.446678662923164	0.0332187548103886	0.000397075000000024	0.000214217107549028
"MSER_KENDALLR_GEECE"	0.490900199181449	0.117613884214824	0.342336964597242	0.677403521033723	0.98152525	0.9641324	0.97651677	0.98579315	0.3266667	0.0625	0.2070295	0.516	0.9872412	0.9952278	0.988174	0.9857408	0.40706364225681	0.23670158678915	0.01090405	0.00420898662823567
"MSER_KENDALLR"	0.625532775879598	0.225975081912537	0	0.726349289761064	0.97941677	0.97320567	0.96390969	0.98462348	0.4595556	0.1275	0	0.576	0.9791833	0.9926582	0.9940228	0.982912	0.3944642868883	0.34035813861296	0.012805925	0.00728003730639481
"MSEC_KENDALLR_EUCC_GEECE"	0.545848187304987	0.208623053714865	0.239348001178347	0.488207984484176	0.77716278	0.78559669	0.77585095	0.87814069	0.3764444	0.1165	0.1360544	0.3229333	0.9924695	0.9970316	0.9940035	1	0.370506806670594	0.171276724192814	0.00412384999999998	0.00333932556913318
"MSEC_KENDALLCnonull_GEECE"	0.294095874762098	0.337430085152057	0.489348203569532	0.202691399336283	0.97700945	0.97878208	0.96392957	0.97364267	0.1724444	0.203	0.324263	0.1128	0.9984695	0.9989557	0.9968571	0.9980352	0.330891390704992	0.119638990089213	0.00192062499999998	0.000897413064963191
"MSEC_KENDALLCnonull_GEECEnonull"	0.279151901609072	0.367328568846073	0.275992952471384	0.397733211510518	0.84533987	0.79421111	0.80062113	0.84264354	0.1622222	0.225	0.1600907	0.2482667	0.9998264	0.9997278	0.9998972	0.9994304	0.330051658609262	0.0618694583024309	0.000279549999999962	0.000205466128595434
"MSECnonull_KENDALLCnonull_GEECEnonull"	0.256826949822264	0.321434402497795	0.171454233381782	0.404219180340519	0.84062578	0.80762309	0.7896895	0.8383882	0.1473333	0.1915	0.09379509	0.2533333	0.9999871	0.9998228	0.9966298	0.9995584	0.28848369151059	0.0986213230721579	0.001000475	0.00158965656117917
"MSER_GEECE"	0.43619188016132	0.0582478622702935	0.127580040005032	0.515038057485936	0.98383984	0.96209497	0.98675414	0.98675414	0.28	0.03	0.06825397	0.3490667	0.9864759	0.9973165	0.9753519	0.9819072	0.284264459980645	0.225071769451396	0.014737125	0.00924210086952637
"GEECEnonull"	0.433389247979401	0.0861171586498296	0.38298906183492	0.200926542618819	0.60593586	0.49023067	0.61152814	0.73650295	0.2768889	0.045	0.2375445	0.1117333	0.9967781	0.9980506	0.9878068	0.9960128	0.275855502770742	0.161151552538202	0.00533792499999999	0.00464682389120068
"MSE_KENDALL_GEE"	0.241226174155243	0.40810788858476	0.218174505747721	0.197548666186013	0.80942047	0.74090282	0.79078599	0.84735125	0.1373333	0.2565	0.122449	0.1096	0.9906688	0.9979747	0.9996915	1	0.266264308668434	0.0962305876702841	0.00291625000000001	0.00436845699417996
"MSEC_CORC"	0.132391656520691	0.392274678420738	0.105669738830101	0.138955102690934	0.73296624	0.73732221	0.73319046	0.73133749	0.07088889	0.244	0.05578231	0.07466667	0.9998907	0.9998924	0.9999357	0.9997184	0.192322794115616	0.134076296399855	0.000140699999999994	9.62138936605965e-05
"MSECnonull_KENDALLCnonull_GEECE"	0.22587024186779	0.1867406070748	0.176546600538002	0.168930507586901	0.97582798	0.97811853	0.97424276	0.98863681	0.1273333	0.103	0.0968254	0.09226667	0.9987653	0.9986962	0.9994151	0.9989632	0.189521989266873	0.0253067934520911	0.00104004999999999	0.000323843979924488
"KENDALLCnonull"	0.148136492251786	0.283966100785394	0.088421615934447	0.165344683913024	0.99836735	1	0.99568182	0.99500451	0.08	0.1655	0.0462585	0.09013333	0.9989389	0.9992025	0.9987467	0.9987328	0.171467223221163	0.0819234985377139	0.00109477500000002	0.00021936802220622
"MSEC_KENDALLR_CORC"	0.126922656167455	0.190015717343756	0.0268421472470608	0.335552596537949	0.75460954	0.80039727	0.68322693	0.79764043	0.06777778	0.105	0.01360544	0.2016	0.9964823	0.9983671	0.9904171	1	0.169833279324055	0.129303271851626	0.00368337499999999	0.00418742333452205
"MSER_KENDALLR_CORR_GEERE"	0.0574118013938935	0.123798027365328	0.0525476236575996	0.431160762778044	0.81036628	0.80527984	0.80355829	0.8010837	0.02955556	0.066	0.02698413	0.2752	0.9985402	0.9961835	0.9981104	0.995104	0.166229553798716	0.179586436389985	0.00301547500000002	0.00161923176717643
"KENDALLnonull"	0.088358676807892	0.331892688340359	0.104035904257559	0.120295468772572	0.97043005	0.95135781	0.88794113	0.99495405	0.04622222	0.199	0.05487528	0.064	0.9996013	0.9990823	0.9990102	0.9992704	0.161145684544595	0.114575673586714	0.000758950000000008	0.000264029524864199
"CORCnonull"	0.114785260412901	0.280302829194763	0.131750907351716	0.102703759276052	0.99794415	0.99749547	0.99604302	0.99612138	0.06088889	0.163	0.07052154	0.05413333	0.9995177	0.9998291	0.9999036	0.999424	0.157385689058858	0.0828063510808069	0.000331400000000009	0.000233513183068276
"MSECnonull"	0.117941886739382	0.223774095692323	0.0942089965421184	0.124056406527565	0.98912974	0.9820686	0.98850901	0.99508305	0.06266667	0.126	0.04943311	0.06613333	0.9999421	0.9989241	0.9999614	0.9992704	0.139995346375347	0.0573168781237365	0.000475500000000018	0.000513263525556471
"MSER_KENDALLR_EUCR_GEERE"	0.0375019266840715	0.00399196807550973	0.00226499337463409	0.44642569652374	0.85073044	0.87792274	0.88266886	0.82694872	0.01911111	0.002	0.001133787	0.2874667	0.9950161	0.9940253	0.9951154	0.9986368	0.122546146164489	0.216528005322448	0.00430160000000002	0.00201980860974499
"CORC"	0.100463294164701	0.192491128282226	0.0937968823543738	0.0988586587487983	0.48718954	0.48477466	0.47829882	0.49427409	0.05288889	0.1065	0.04920635	0.052	0.9997942	0.9995823	0.99991	0.9998656	0.121402490887525	0.0474774975331021	0.000211975000000003	0.000145208686034939
"CORnonull"	0.10397556449165	0.166787130511301	0.0594036945491164	0.131534514650809	0.95134806	0.9872733	0.96445084	0.99460783	0.05484848	0.091	0.03061224	0.0704	0.9967676	0.9976835	0.9987339	0.9994112	0.115425226050719	0.0453396851577851	0.00185095000000002	0.00116335908042189
"COR"	0.0215428846723798	0.201434226184105	0	0.177841350998321	0.34522632	0.47717127	0.28255819	0.42561195	0.01088889	0.112	0	0.0976	0.9986495	0.9997722	0.9982133	0.9999232	0.100204615463701	0.104088951771056	0.000860450000000013	0.000839134754772261
"MSERnonull"	0.104453714980459	0.0722816279805681	0.124577101332452	0.0714804037059098	0.93936114	0.87820037	0.89682842	0.92980103	0.05511111	0.0375	0.06643991	0.03706667	0.9979293	0.9971266	0.9968893	0.99872	0.0931982119998473	0.0259517997270722	0.00233369999999999	0.000831556328017969
"KENDALLR_CORR"	0.0599232396765416	0.250130136964675	0	0.0320116981799637	0.64391799	0.65171653	0.62284557	0.66993461	0.03088889	0.143	0	0.01626667	0.9980707	0.9971772	0.9974998	0.99824	0.0855162687052951	0.112440354616065	0.00225307499999999	0.000494506672519861
"CORR"	0.00443457219152759	0.0713533268961243	0.00902928135725813	0.241851260835748	0.38627128	0.30784016	0.40023488	0.29627985	0.002222222	0.037	0.004535147	0.1376	0.9982572	0.9975063	0.9984511	0.9979008	0.0816671103201644	0.111065229103071	0.00197115	0.000416290799802272
"KENDALLR_CORC"	0	0.155815946532965	0.0040733029714786	0.154518071341444	0.69221882	0.72653493	0.69839107	0.7311662	0	0.0845	0.002040816	0.08373333	0.9980386	0.9986646	0.998059	0.9992064	0.0786018302114718	0.0884270782655942	0.00150784999999998	0.000557739063840207
"MSER_KENDALLR_GEERE_CORC"	0.0426259872976611	0.0879490615549286	0	0.104607042561994	0.8023739	0.80290573	0.8023739	0.79888451	0.02177778	0.046	0	0.0552	0.9986302	0.9986962	0.9980012	0.9967808	0.0587955228536458	0.0471416006817947	0.00197289999999997	0.000887948744767027
"MSE_KENDALLR_CORC_GEECE"	0.00487692939804594	0.210280747594343	0.0036215116785824	0.00372634568296675	0.65968136	0.65367211	0.66099774	0.70450821	0.002444444	0.1175	0.001814059	0.001866667	0.9968875	0.9995443	0.9944469	0.9953536	0.0556263835884846	0.103104477826529	0.00344192499999998	0.00223113427711111
"MSER_CORR"	0.0674227343641498	0.110521998750871	0.0139606863986892	0.00690933816413663	0.71019012	0.69069539	0.69739841	0.67978918	0.03488889	0.0585	0.007029478	0.003466667	0.998836	0.9980759	0.9986439	0.9981888	0.0497036894194616	0.0487228559233751	0.00156385000000001	0.000362400409308067
"CORRnonull"	0.0370760022998349	0.0888558492945505	0.00271738395188738	0.0544698115682245	0.98189559	0.97554863	0.968618	0.98700615	0.01888889	0.0465	0.001360544	0.028	0.9979293	0.997019	0.9981297	0.9967104	0.0457797617786243	0.0358756653558868	0.0025529	0.000689070896207361
"MADR_GEERE"	0.0332123693990463	0.0563532079206195	0.0378154602192341	0.0335559805464519	0.89449415	0.90390143	0.86682689	0.90688208	0.01688889	0.029	0.01927438	0.01706667	0.9920579	0.9923797	0.9939585	0.9919104	0.040234254521338	0.0109480201942087	0.00742337500000001	0.000941857977174179
"MSER_KENDALLR_CORR"	0.0620119110602008	0.0305257196648866	0.00271738459475589	0.0174461851371622	0.77928383	0.76241172	0.75685161	0.77368119	0.032	0.0155	0.001360544	0.0088	0.998135	0.9976139	0.9983032	0.9981248	0.0281753001142514	0.0252564188749509	0.00195577499999999	0.000298317553120793
"MADRnonull"	0.0176200375669905	0.049720243446008	0.00452482872081614	0.00478845761701091	0.89062276	0.89241081	0.88784109	0.8872513	0.008888889	0.0255	0.002267574	0.0024	0.9929132	0.9907089	0.9942927	0.9956608	0.0191633918377064	0.021268359806633	0.00660609999999998	0.00211242155988493
"MADR"	0.0176200375669905	0.049720243446008	0.00452482872081614	0.00478845761701091	0.89062276	0.89241081	0.88784109	0.8872513	0.008888889	0.0255	0.002267574	0.0024	0.9929132	0.9907089	0.9942927	0.9956608	0.0191633918377064	0.021268359806633	0.00660609999999998	0.00211242155988493
"MSE_KENDALLR_GEECE"	0.0013324384719283	0.020780901942739	0.0117215682719749	0.010609574817501	0.86211333	0.83321217	0.83441871	0.86220871	0.0006666667	0.0105	0.005895692	0.005333333	0.9925852	0.9958987	0.9898451	0.9911232	0.0111111208760358	0.00795301808352053	0.00763695	0.00260943619517065
"KENDALLRnonull"	0.0193658714588302	0	0.0179771673238559	0	0.96572789	0.94962143	0.95964093	0.94962143	0.009777778	0	0.009070295	0	0.9982637	0.9981899	0.9977698	0.9981696	0.00933575969567153	0.0107949044455945	0.00190175000000001	0.000222668400691819
"MSER_KENDALLR_EUCR"	0.00133243988347036	0.0129157075280659	0	0	0.89903624	0.89492474	0.89422456	0.89422456	0.0006666667	0.0065	0	0	0.9941543	0.995962	0.9945691	0.994592	0.00356203685288407	0.00626733518140908	0.00518064999999998	0.000787877657592422
"MSE_CORR"	0.000444345322734252	0.00598199749405117	0.000453411688645519	0.00159871825272211	0.50566862	0.53672579	0.50033748	0.50441678	0.0002222222	0.003	0.0002267574	8e-04	0.9966302	0.9968608	0.9971206	0.9978368	0.00211961818953826	0.00263135541232851	0.0028879	0.000523017412074696
"MSE_KENDALLR_CORR_GEERE"	0	0.00697550790604793	0	0	0.69413543	0.69442954	0.69413543	0.69413543	0	0.0035	0	0	0.9960836	0.9968228	0.9960859	0.9961024	0.00174387697651198	0.00348775395302396	0.003726325	0.000366179076181777
"MSE_KENDALLR"	0.000444344945479435	0.00399195800874265	0	0.00106609140644733	0.86643298	0.86902252	0.86363681	0.86644382	0.0002222222	0.002	0	0.0005333333	0.9928489	0.9927785	0.9915869	0.9885056	0.00137559859016735	0.00179820615577088	0.00857002499999998	0.00203375370743364
"MSE_KENDALLR_CORR"	0	0	0	0.00425755592895262	0.63185093	0.63185093	0.63185093	0.64036556	0	0	0	0.002133333	0.9973055	0.9973481	0.997307	0.9970048	0.00106438898223815	0.00212877796447631	0.00275865	0.000158930393568989
"KENDALLR_EUCR"	0	0.00399197720080926	0	0	0.90043192	0.90186996	0.90043192	0.90043192	0	0.002	0	0	0.9948617	0.9951582	0.9948647	0.9948864	0.000997994300202315	0.00199598860040463	0.00505725000000001	0.000144054306889221
"MSE_CORC"	0	0.00199799787113638	0	0	0.52632167	0.54949049	0.52632167	0.52632167	0	0.001	0	0	0.9970418	0.9979367	0.9970435	0.997056	0.000499499467784095	0.00099899893556819	0.0027305	0.00044484505916855
"KENDALLR_EUCC"	0	0.000999498113156412	0.000453411524933369	0.000533190589744803	0.91842183	0.9250048	0.92269893	0.92233615	0	5e-04	0.0002267574	0.0002666667	0.9954727	0.9957405	0.9955396	0.995616	0.000496525056958646	0.00040935810133545	0.00440780000000002	0.000114900449665514
"MSE"	0	0.000999496083459867	0.000453411029961281	0.000533189961074133	0.85085196	0.85390054	0.85412478	0.85838648	0	5e-04	0.0002267574	0.0002666667	0.9943023	0.9917278	0.9907899	0.9912512	0.00049652426862382	0.000409357268655275	0.00798219999999999	0.00157039848658441
"MSE_EUCR"	0	0	0	0.0010660951265985	0.87687305	0.87687305	0.87687305	0.87943918	0	0	0	0.0005333333	0.995164	0.9952405	0.9951668	0.994944	0.000266523781649625	0.00053304756329925	0.00487117499999998	0.000128206821841351
"MSE_KENDALLR_GEERE"	0	0.000999496754367619	0	0	0.882918	0.88519185	0.882918	0.882918	0	5e-04	0	0	0.9883666	0.9930506	0.9883733	0.9884224	0.000249874188591905	0.000499748377183809	0.010446775	0.00233171603241761
"MSER_EUCR"	0.000444345242780017	0	0	0	0.88765417	0.87885157	0.87885157	0.87885157	0.0002222222	0	0	0	0.9958264	0.9958671	0.9958031	0.9958208	0.000111086310695004	0.000222172621390008	0.00417065	2.70550673010836e-05
"MADR_GEECE"	0	0	0	0	0.88844568	0.88844568	0.88844568	0.88844568	0	0	0	0	0.9908489	0.9909937	0.9908542	0.9908928	0	0	0.00910259999999999	6.71151746378089e-05
"EUCR"	0	0	0	0	0.9221019	0.9221019	0.9221019	0.9221019	0	0	0	0	0.9968939	0.996943	0.9968957	0.9969088	0	0	0.00308964999999997	2.27570501896294e-05
"EUCCnonull"	0	0	0	0	0.74463967	0.74463967	0.74463967	0.74463967	0	0	0	0	0.9985466	0.9985696	0.9985475	0.9985536	0	0	0.00144567500000001	1.06474957931997e-05
"MSE_GEERE"	0	0	0	0	0.90428476	0.90428476	0.90428476	0.90428476	0	0	0	0	0.9931254	0.9932342	0.9931294	0.9931584	0	0	0.00683814999999999	5.04249607502307e-05
"MSE_KENDALLR_CORC"	0	0	0	0	0.65678241	0.65678241	0.65678241	0.65678241	0	0	0	0	0.9974277	0.9974684	0.9974291	0.99744	0	0	0.0025587	1.8884738106048e-05
"MSEC_EUCC"	0	0	0	0	0.90770478	0.90770478	0.90770478	0.90770478	0	0	0	0	0.9949775	0.995057	0.9949804	0.9950016	0	0	0.00499587500000001	3.6850633192205e-05
"EUCnonull"	0	0	0	0	0.70404568	0.70404568	0.70404568	0.70404568	0	0	0	0	0.9990547	0.9990696	0.9990552	0.9990592	0	0	0.000940324999999992	6.91634537406608e-06
"EUCC"	0	0	0	0	0.92015314	0.92015314	0.92015314	0.92015314	0	0	0	0	0.9970932	0.9971392	0.9970949	0.9971072	0	0	0.002891375	2.1316406044795e-05
"MSEnonull"	0	0	0	0	0.97776245	0.97776245	0.97776245	0.97776245	0	0	0	0	0.9990161	0.9990316	0.9990166	0.9990208	0	0	0.000978724999999986	7.19878461965284e-06
"MSEC_KENDALLR_EUCC"	0	0	0	0	0.89590424	0.89590424	0.89590424	0.89590424	0	0	0	0	0.9914084	0.9915443	0.9914133	0.9914496	0	0	0.00854609999999997	6.30059785523206e-05
"EUCRnonull"	0	0	0	0	0.63541688	0.63541688	0.63541688	0.63541688	0	0	0	0	0.9979678	0.998	0.997969	0.9979776	0	0	0.00202140000000001	1.49193386806167e-05
"MSE_GEE"	0	0	0	0	0.88453255	0.88453255	0.88453255	0.88453255	0	0	0	0	0.9926109	0.9927278	0.9926152	0.9926464	0	0	0.00734992499999998	5.41775706973778e-05
"MSE_GEECE"	0	0	0	0	0.89341228	0.89341228	0.89341228	0.89341228	0	0	0	0	0.9931768	0.9932848	0.9931808	0.9932096	0	0	0.00678700000000002	5.00469113266041e-05
"MSE_EUCC"	0	0	0	0	0.88333853	0.88333853	0.88333853	0.88333853	0	0	0	0	0.9952733	0.9953481	0.995276	0.995296	0	0	0.00470165	3.46776104520502e-05
"EUC"	0	0	0	0	0.91293442	0.91293442	0.91293442	0.91293442	0	0	0	0	0.9968939	0.996943	0.9968957	0.9969088	0	0	0.00308964999999997	2.27570501896294e-05
