#number	block_area	block_id	move_type	pre_criterion	full_crit	expr_mean_crit	expr_mean_crit	expr_reg_crit	expr_kend_crit	expr_cor_crit	expr_euc_crit	expr_spear_crit	PPI_crit	feat_crit	TF_crit	percent_orig_genes	percent_orig_exp	exp_mean	trajectory_position	FEATURE_INDICES	move_class	num_genes	num_exps
1	544	11,89,93,101,102,103,104,105,106,107,108,109,110,111,112,113,114,115,116,117,118,119,120,121,122,123,124,125,154,204,212,226,258,268/94,101,102,103,104,105,106,107,108,110,113,121,122,123,124,125	g+	0.9917065578087566	0.9917065578087566	0.0	0.0	0.9924601112684704	0.9909530043490428	0.0	0.0	0.0	0.0	0.0	0.0	0.8421052631578947	0.04	1.0106402037551034	51		S_1	34	16	-1
2	512	1,2,3,4,5,6,7,8,9,10,11,12,13,14,15,16,17,18,19,20,21,22,23,24,25,56,70,78,85,120,152,248/1,2,3,4,5,6,7,8,9,10,11,12,13,14,24,25	g+	0.991626219310174	0.991626219310174	0.0	0.0	0.9913296428496359	0.9919227957707122	0.0	0.0	0.0	0.0	0.0	0.0	0.8	0.38095238095238093	0.8644351662571154	24		S_1	32	16	-1
3	325	51,52,53,54,55,56,57,58,59,60,62,63,64,65,66,67,68,69,70,71,72,73,74,75,252/51,52,53,66,67,68,69,70,71,72,73,74,75	e+	0.9912507100886568	0.9912507100886568	0.0	0.0	0.992073306423883	0.9904281137534307	0.0	0.0	0.0	0.0	0.0	0.0	0.875	0.13333333333333333	1.15371313065602	24		S_1	25	13	-1
4	475	76,77,78,79,80,81,82,83,84,85,86,87,88,89,90,91,92,93,94,95,96,97,98,99,100/76,77,78,85,86,87,88,89,90,91,92,93,94,95,96,97,98,99,100	e-	0.9906396484349937	0.9906396484349937	0.0	0.0	0.9900500940154339	0.9912292028545537	0.0	0.0	0.0	0.0	0.0	0.0	0.7333333333333333	0.13043478260869565	0.7784216730200609	24		S_1	25	19	-1
5	544	10,21,26,27,28,29,30,31,32,33,34,35,36,37,38,39,40,41,42,43,44,45,46,47,48,49,50,52,124,132,140,179,184,203/26,27,28,29,30,31,32,33,35,36,37,38,49,50,187,189	g-	0.9905632235363265	0.9905632235363265	0.0	0.0	0.9904000524420871	0.990726394630566	0.0	0.0	0.0	0.0	0.0	0.0	1.0	0.0	0.917199640045181	55		S_1	34	16	-1
6	768	1,6,8,9,10,11,75,78,101,102,105,106,108,110,116,117,118,120,125,184,246,269,272,273/10,11,12,13,14,15,17,19,20,27,36,61,78,82,91,101,102,103,105,106,122,123,124,125,130,135,143,162,173,186,189,198	g-	0.9883700430211091	0.9883700430211091	0.0	0.0	0.9890906323505959	0.9876494536916223	0.0	0.0	0.0	0.0	0.0	0.0	0.1	0.44	0.895017314528904	66		S_1	24	32	-1
7	812	2,5,8,16,23,47,53,56,64,69,71,73,76,80,83,84,86,88,92,94,95,98,100,109,123,140,164,259,296/8,24,28,31,45,50,64,69,75,86,87,88,89,90,91,92,94,101,128,131,141,152,157,158,159,160,196,197	g-	0.9870102180718641	0.9870102180718641	0.0	0.0	0.9865591651450352	0.9874612709986929	0.0	0.0	0.0	0.0	0.0	0.0	0.45	0.47619047619047616	0.7670351400334238	69		S_1	29	28	-1
8	897	6,8,14,15,18,20,21,23,25,30,33,45,47,48,158,189,236,238,256,269,272,283,292/1,2,3,4,5,15,23,24,25,32,34,37,38,39,40,44,59,67,68,83,90,93,95,97,102,107,108,117,119,130,133,136,137,144,155,161,172,184,185	e+	0.9869159959184136	0.9869159959184136	0.0	0.0	0.9867863120919514	0.9870456797448758	0.0	0.0	0.0	0.0	0.0	0.0	0.3333333333333333	0.6190476190476191	0.830255482693689	78		S_1	23	39	-1
9	896	2,4,6,7,8,10,11,14,15,18,21,25,32,59,60,70,83,85,91,109,124,126,129,136,145,157,187,231,236,248,271,281/1,2,3,4,7,21,22,23,24,25,32,34,52,55,68,73,83,86,113,120,139,144,146,147,174,178,181,187	g-	0.9868592680216447	0.9868592680216447	0.0	0.0	0.9873389983192191	0.9863795377240703	0.0	0.0	0.0	0.0	0.0	0.0	0.6111111111111112	0.19047619047619047	0.9178386774688267	76		S_1	32	28	-1
10	780	4,31,42,55,69,73,97,109,117,118,124,125,160,171,184,199,230,233,247,282/15,17,20,21,23,30,33,34,49,51,63,69,70,77,80,82,84,87,90,98,111,113,114,115,116,118,127,134,141,146,148,153,154,160,165,172,176,187,198	g+	0.986621084870047	0.986621084870047	0.0	0.0	0.9868355949129057	0.9864065748271883	0.0	0.0	0.0	0.0	0.0	0.0	0.21428571428571427	0.4	0.863267827816329	76		S_1	20	39	-1
11	575	2,3,7,8,10,11,14,18,19,20,21,22,25,47,120,129,132,157,168,213,231,270,292/1,2,3,4,7,23,25,32,39,63,68,71,73,95,96,102,117,121,153,159,161,172,173,181,193	g+	0.9864739581748307	0.9864739581748307	0.0	0.0	0.9873243771528829	0.9856235391967785	0.0	0.0	0.0	0.0	0.0	0.0	0.4166666666666667	0.5238095238095238	0.9624978151116264	45		S_1	23	25	-1
12	864	3,9,27,35,36,38,39,40,44,49,52,53,56,57,63,64,66,67,69,88,94,95,97,98,100,112,113,125,140,161,179,180,192,218,250,261/12,14,22,26,35,50,51,53,54,64,73,74,75,83,86,87,89,90,110,129,166,182,186,193	g-	0.9864644745700119	0.9864644745700119	0.0	0.0	0.9877006989140372	0.9852282502259865	0.0	0.0	0.0	0.0	0.0	0.0	0.5263157894736842	0.35	0.8878656856217996	85		S_1	36	24	-1
13	800	4,5,8,9,17,23,42,44,54,55,56,59,68,69,73,74,75,94,101,109,122,137,183,208,253/4,6,7,8,9,10,11,13,14,20,22,23,26,27,29,51,52,53,73,74,75,89,92,99,100,112,128,150,168,190,193,198	g-	0.9864147906080957	0.9864147906080957	0.0	0.0	0.9875588493409866	0.9852707318752048	0.0	0.0	0.0	0.0	0.0	0.0	0.5454545454545454	0.6190476190476191	0.890933028673084	45		S_1	25	32	-1
14	966	1,8,18,31,41,45,60,65,69,70,92,102,103,104,106,107,108,110,113,116,117,118,119,121,122,123,137,140,144,145,149,156,157,167,175,177,197,204,212,246,249,252,260,261,272,298/7,38,45,48,64,68,73,76,82,94,101,102,115,121,123,124,125,148,162,174,186	g+	0.9863902383882686	0.9863902383882686	0.0	0.0	0.9888815436360814	0.9838989331404557	0.0	0.0	0.0	0.0	0.0	0.0	0.5652173913043478	0.2857142857142857	0.908914824740732	29		S_1	46	21	-1
15	615	10,19,25,56,77,107,112,116,154,160,201,219,221,239,275/3,8,12,15,20,30,33,46,51,54,63,65,69,71,72,77,84,85,95,100,103,107,111,113,114,116,121,134,148,151,154,162,166,168,171,172,176,188,192,196,198	g-	0.9861393899887854	0.9861393899887854	0.0	0.0	0.9866880914368679	0.9855906885407029	0.0	0.0	0.0	0.0	0.0	0.0	0.26666666666666666	0.44	0.8146952190676349	54		S_1	15	41	-1
16	702	2,15,28,56,61,79,80,83,86,88,89,94,97,98,123,138,148,223/3,8,16,22,24,33,35,42,60,64,66,69,72,79,85,86,87,88,89,90,91,92,94,95,101,124,125,134,139,140,145,146,147,152,157,158,161,167,198	e+	0.9860969784545004	0.9860969784545004	0.0	0.0	0.9865817895432466	0.9856121673657541	0.0	0.0	0.0	0.0	0.0	0.0	0.29411764705882354	0.5238095238095238	0.7412566195936008	52		S_1	18	39	-1
17	1078	2,7,12,14,19,20,26,32,56,83,92,122,138,160,168,186,188,202,219,240,258,271/1,2,3,21,22,23,24,25,30,32,33,35,43,54,55,63,65,69,72,75,77,87,94,95,100,109,111,113,114,118,120,131,134,138,141,143,146,151,152,161,162,166,167,168,173,174,181,189,198	e-	0.985992910477447	0.985992910477447	0.0	0.0	0.9879514467986914	0.9840343741562027	0.0	0.0	0.0	0.0	0.0	0.0	0.35714285714285715	0.68	0.8586207986901563	50		S_1	22	49	-1
18	564	1,8,67,73,97,149,160,163,188,219,239,282/3,12,17,20,21,23,32,33,35,43,46,49,63,65,69,72,77,80,83,84,85,90,95,100,103,105,107,111,113,114,115,118,121,122,131,134,141,146,148,160,162,165,166,167,171,192,198	e+	0.9859702068618669	0.9859702068618669	0.0	0.0	0.9889386450215158	0.9830017687022179	0.0	0.0	0.0	0.0	0.0	0.0	0.3	0.64	0.8295110806612561	46		S_1	12	47	-1
19	729	3,38,39,47,51,52,56,57,58,62,64,67,74,85,94,95,97,100,107,110,116,125,134,138,163,183,218/11,26,28,29,51,52,53,55,75,85,87,95,99,100,109,111,113,114,115,118,128,134,140,148,166,179,192	g-	0.9859163062437462	0.9859163062437462	0.0	0.0	0.9868023113377791	0.9850303011497132	0.0	0.0	0.0	0.0	0.0	0.0	0.5263157894736842	0.47368421052631576	0.908428099614944	60		S_1	27	27	-1
20	1188	31,54,57,66,76,78,81,83,88,90,92,93,95,96,98,99,125,127,140,155,166,173,177,188,189,192,204,210,216,223,250,265,286/12,14,22,34,39,45,50,51,53,62,64,68,73,81,83,88,89,90,99,100,110,117,119,133,139,141,148,150,154,169,172,173,177,178,192,195	g-	0.9859111122528702	0.9859111122528702	0.0	0.0	0.9859423264100984	0.985879898095642	0.0	0.0	0.0	0.0	0.0	0.0	0.4166666666666667	0.391304347826087	0.8164029840587993	77		S_1	33	36	-1
21	600	1,2,5,6,7,8,9,10,14,15,16,17,20,23,27,46,70,148,150,152,167,187,189,193,232,245,248,288,291,299/1,11,14,24,25,31,37,58,82,96,104,124,131,132,138,141,167,174,181,195	e+	0.9858950421007078	0.9858950421007078	0.0	0.0	0.9884437725984301	0.9833463116029855	0.0	0.0	0.0	0.0	0.0	0.0	0.85	0.6666666666666666	0.9384561722629307	26		S_1	30	20	-1
22	750	3,6,7,11,13,14,15,18,20,21,22,27,83,120,125,129,130,131,137,152,182,211,213,225,231,234,252,270,271,279/1,2,3,6,25,50,60,63,67,68,81,82,84,92,103,138,139,146,147,152,161,169,186,188,196	g-	0.9858446610837271	0.9858446610837271	0.0	0.0	0.9862597348172268	0.9854295873502275	0.0	0.0	0.0	0.0	0.0	0.0	0.5416666666666666	0.5652173913043478	0.8836124802172871	49		S_1	30	25	-1
23	714	4,9,13,17,22,65,79,87,89,130,133,140,168,181,205,236,251,253,254,256,299/3,7,8,9,11,14,16,24,30,32,37,39,46,63,65,66,74,76,99,100,102,119,128,129,132,133,149,168,170,172,189,192,193,195	e+	0.9858438434828569	0.9858438434828569	0.0	0.0	0.9864976971966213	0.9851899897690926	0.0	0.0	0.0	0.0	0.0	0.0	0.6666666666666666	0.7142857142857143	0.8093981265724425	42		S_1	21	34	-1
24	741	18,19,23,32,50,81,108,113,124,137,158,175,212,229,236,256,283,292,296/1,2,8,32,34,37,38,39,40,41,57,63,68,73,77,80,81,83,84,93,95,97,111,119,125,127,134,139,149,161,162,163,172,173,175,182,191,194,199	e+	0.9857248820237521	0.9857248820237521	0.0	0.0	0.986971995845224	0.9844777682022801	0.0	0.0	0.0	0.0	0.0	0.0	0.5	0.6190476190476191	0.8076082665691416	39		S_1	19	39	-1
25	736	12,49,64,70,76,77,78,82,83,84,86,92,95,96,98,102,123,130,148,175,287,295,300/16,21,27,41,45,58,75,84,85,86,87,88,89,90,91,92,93,95,97,101,125,141,145,152,157,159,167,169,170,188,196,197	e+	0.9857089000456484	0.9857089000456484	0.0	0.0	0.9848546591560561	0.9865631409352407	0.0	0.0	0.0	0.0	0.0	0.0	0.6666666666666666	0.5714285714285714	0.768785416310084	39		S_1	23	32	-1
26	768	2,4,13,18,22,56,65,77,94,122,133,140,185,236,248,290/1,4,5,7,8,14,24,25,31,32,33,35,37,39,40,43,46,59,60,61,63,64,66,74,80,82,86,89,93,94,96,102,106,111,117,121,131,135,136,145,147,148,149,155,168,169,191,194	e+	0.9856551884266251	0.9856551884266251	0.0	0.0	0.9874313844408459	0.9838789924124045	0.0	0.0	0.0	0.0	0.0	0.0	0.3333333333333333	0.5294117647058824	0.8449364182857112	57		S_1	16	48	-1
27	828	29,38,77,78,89,92,109,115,139,140,148,165,166,174,191,205,206,209,221,231,266,290,294/1,3,8,9,23,33,41,46,47,52,56,58,64,73,79,83,89,94,95,99,103,120,122,125,132,134,135,136,138,147,150,151,155,180,183,196	g+	0.9855864360788941	0.9855864360788941	0.0	0.0	0.9858420715102281	0.9853308006475601	0.0	0.0	0.0	0.0	0.0	0.0	0.4	0.4782608695652174	0.8616631140952444	66		S_1	23	36	-1
28	578	8,13,42,52,54,59,60,68,72,73,74,75,124,140,168,226,227/4,8,9,22,23,38,42,45,51,52,53,54,67,70,71,73,74,75,76,88,89,91,94,100,106,128,129,144,150,165,172,173,194,198	e+	0.9854226460310953	0.9854226460310953	0.0	0.0	0.9865364323808996	0.984308859681291	0.0	0.0	0.0	0.0	0.0	0.0	0.35714285714285715	0.7142857142857143	0.89026694674116	44		S_1	17	34	-1
29	544	22,28,48,49,61,63,76,91,179,180,183,217,225,236,253,272/3,11,26,32,34,39,42,48,62,66,67,69,83,86,87,88,90,93,97,101,110,111,117,119,120,130,137,161,163,166,175,179,185,193	g-	0.9853360328421348	0.9853360328421348	0.0	0.0	0.9850806152537555	0.9855914504305141	0.0	0.0	0.0	0.0	0.0	0.0	0.3333333333333333	0.6190476190476191	0.8360611848903117	52		S_1	16	34	-1
30	570	3,20,22,57,74,75,108,112,137,151,174,178,206,213,221,253,265,273,278/2,4,8,10,11,18,26,28,51,53,56,73,92,99,100,101,103,121,124,134,150,155,156,170,171,172,173,183,191,198	g-	0.9852505707325203	0.9852505707325203	0.0	0.0	0.9865773756786306	0.9839237657864102	0.0	0.0	0.0	0.0	0.0	0.0	0.875	0.5238095238095238	0.9241598639422167	43		S_1	19	30	-1
31	496	1,6,7,8,10,11,13,14,16,17,45,67,73,134,199,286/1,2,3,4,22,23,24,25,28,33,35,39,62,79,86,107,118,120,126,131,133,142,149,151,165,167,169,174,184,188,192	g-	0.9851649373944531	0.9851649373944531	0.0	0.0	0.9880226760665619	0.9823071987223444	0.0	0.0	0.0	0.0	0.0	0.0	0.4166666666666667	0.6363636363636364	0.9511495721918761	41		S_1	16	31	-1
32	792	2,5,12,21,22,62,63,68,71,75,80,94,107,116,137,147,176,192,200,202,215,231,259,283/1,19,20,23,24,25,29,35,43,58,69,75,87,95,96,109,114,115,116,118,128,134,135,140,141,142,150,151,158,159,161,189,197	e+	0.9850634806783916	0.9850634806783916	0.0	0.0	0.9857448833490722	0.9843820780077108	0.0	0.0	0.0	0.0	0.0	0.0	0.6923076923076923	0.44	0.8922180496543537	37		S_1	24	33	-1
33	748	4,7,8,15,16,17,19,56,77,83,116,156,160,170,177,178,201,204,214,280,297,298/1,2,3,12,28,35,43,54,72,77,79,81,84,90,94,107,111,118,121,126,131,135,138,141,142,143,150,154,159,162,165,166,167,192	e+	0.9850570474156393	0.9850570474156393	0.0	0.0	0.9855705211924426	0.9845435736388359	0.0	0.0	0.0	0.0	0.0	0.0	0.8	0.68	0.8590083844051967	41		S_1	22	34	-1
34	800	4,10,21,27,30,31,35,37,38,39,41,42,44,45,47,48,49,50,52,74,108,113,124,140,142,154,158,179,183,184,191,201,203,217,220,247,280,282,283,298/5,12,26,27,28,29,50,62,67,75,89,141,143,157,164,175,179,182,191,197	g-	0.9850354335382219	0.9850354335382219	0.0	0.0	0.987098150793405	0.9829727162830387	0.0	0.0	0.0	0.0	0.0	0.0	0.68	0.7142857142857143	0.9164452797032501	25		S_1	40	20	-1
35	1739	14,15,19,20,29,45,52,54,55,58,63,64,71,72,75,76,77,86,93,95,96,98,106,108,112,115,119,121,124,130,157,162,175,184,206,210,212,221,229,231,246,250,259,267,271,280,282/8,33,34,45,51,52,58,66,73,74,77,86,89,93,94,96,103,110,112,115,116,118,119,138,139,145,146,170,171,185,187,188,191,194,195,196,197	g-	0.9849323246450354	0.9849323246450354	0.0	0.0	0.9842956588197554	0.9855689904703155	0.0	0.0	0.0	0.0	0.0	0.0	0.6956521739130435	0.5714285714285714	0.8053395727891721	44		S_1	47	37	-1
36	551	69,101,103,105,106,107,108,109,117,118,119,125,175,194,217,260,262,269,286/4,6,9,11,45,65,68,69,73,76,82,101,102,103,104,122,123,124,125,151,155,156,168,169,171,174,177,183,186	g-	0.9849310227320618	0.9849310227320618	0.0	0.0	0.9867559826272261	0.9831060628368975	0.0	0.0	0.0	0.0	0.0	0.0	0.5	0.6666666666666666	0.9524620595765956	37		S_1	19	29	-1
37	759	5,6,13,20,25,32,37,38,47,54,55,73,74,75,102,135,154,184,199,204,215,219,244/4,8,15,20,22,23,31,36,39,45,51,52,54,71,72,73,75,76,91,95,99,100,107,113,127,128,144,150,161,169,174,183,188	g-	0.9849112766356132	0.9849112766356132	0.0	0.0	0.9842959640550515	0.9855265892161748	0.0	0.0	0.0	0.0	0.0	0.0	0.42857142857142855	0.5714285714285714	0.8432721508795041	54		S_1	23	33	-1
38	782	35,38,43,51,67,73,98,135,139,154,155,169,174,181,195,197,207,210,216,221,245,284,288/4,6,10,12,15,24,29,32,40,41,46,48,73,74,78,88,98,100,101,105,106,124,127,142,147,153,156,164,169,171,173,177,179,185	e+	0.9849098269408861	0.9849098269408861	0.0	0.0	0.98402114202029	0.9857985118614823	0.0	0.0	0.0	0.0	0.0	0.0	0.75	0.5238095238095238	0.8300445636709988	49		S_1	23	34	-1
39	1035	10,18,27,48,49,78,82,83,92,96,138,140,149,156,179,182,189,222,244,254,261,272,293/5,8,12,20,25,32,34,48,49,50,58,62,66,67,68,70,78,81,82,83,88,90,91,93,97,101,108,109,111,117,130,137,147,150,161,166,168,169,173,174,177,185,191,193,199	g-	0.9849067725180388	0.9849067725180388	0.0	0.0	0.9863987933531149	0.9834147516829628	0.0	0.0	0.0	0.0	0.0	0.0	0.5333333333333333	0.8571428571428571	0.8663011594485497	45		S_1	23	45	-1
40	910	13,15,34,35,43,68,69,103,106,110,112,114,119,123,126,157,162,172,191,203,206,210,212,260,278,298/11,12,16,19,31,36,40,41,42,59,69,74,83,85,87,88,91,99,101,102,103,104,105,106,121,123,124,125,130,137,141,147,166,190,191	g-	0.9848984758814285	0.9848984758814285	0.0	0.0	0.9856563353428733	0.9841406164199837	0.0	0.0	0.0	0.0	0.0	0.0	0.47368421052631576	0.6	0.8355412142032225	57		S_1	26	35	-1
41	320	2,3,7,8,14,17,18,19,22,25,38,45,56,65,68,87,97,113,114,120,126,135,143,159,174,180,200,203,213,231,239,270/1,2,3,24,25,87,94,122,171,178	g+	0.9848785477102636	0.9848785477102636	0.0	0.0	0.9877101731806777	0.9820469222398496	0.0	0.0	0.0	0.0	0.0	0.0	1.0	1.0	0.9734164833984116	16		S_1	32	10	-1
42	962	17,49,61,63,76,81,92,109,114,124,128,147,158,160,179,185,189,209,217,236,238,250,259,261,267,272/8,26,34,39,43,49,50,58,62,67,68,81,83,86,87,88,91,92,93,107,108,110,111,117,119,130,137,138,139,161,166,169,173,184,185,193,199	e+	0.9848326358219031	0.9848326358219031	0.0	0.0	0.9852805452885104	0.9843847263552958	0.0	0.0	0.0	0.0	0.0	0.0	0.4375	0.8095238095238095	0.8256527891576393	61		S_1	26	37	-1
43	392	65,82,103,105,111,112,119,121,125,133,167,209,219,246/2,3,12,17,20,21,36,44,48,51,70,81,89,101,105,114,116,120,123,124,125,151,155,173,180,184,188,198	e+	0.9848163942694086	0.9848163942694086	0.0	0.0	0.9873951564551381	0.982237632083679	0.0	0.0	0.0	0.0	0.0	0.0	0.3333333333333333	0.8235294117647058	0.9641288891012118	42		S_1	14	28	-1
44	748	5,8,16,28,48,53,57,58,60,64,67,69,72,97,121,137,140,144,157,160,180,201/14,20,22,33,50,51,56,58,65,72,75,90,91,94,95,114,115,118,122,131,134,138,141,143,154,160,161,162,173,176,180,187,191,192	g-	0.9848042412097876	0.9848042412097876	0.0	0.0	0.9855135781652666	0.9840949042543086	0.0	0.0	0.0	0.0	0.0	0.0	0.2727272727272727	0.48	0.8861344926771231	64		S_1	22	34	-1
45	616	2,7,16,17,18,19,20,24,77,83,84,87,113,116,132,152,167,170,201,213,214,216,229,232,258,280,298,299/1,2,3,4,21,23,25,69,79,84,85,90,94,107,118,120,121,151,154,159,162,166	e+	0.9847839774968434	0.9847839774968434	0.0	0.0	0.9854808897284868	0.9840870652652001	0.0	0.0	0.0	0.0	0.0	0.0	0.9	0.44	0.9139195382306783	44		S_1	28	22	-1
46	588	8,30,50,74,79,82,132,133,142,144,158,178,217,249,273,276,284,285,292,295,298/6,12,19,20,22,45,51,53,55,56,73,74,76,78,99,105,106,112,120,127,128,150,153,170,175,186,188,198	g+	0.9847043527935394	0.9847043527935394	0.0	0.0	0.9864511882173091	0.9829575173697697	0.0	0.0	0.0	0.0	0.0	0.0	0.75	0.6666666666666666	0.9018659374994542	33		S_1	21	28	-1
47	570	1,5,27,33,36,45,61,76,89,93,111,179,186,194,218,256,264,268,272/3,20,25,34,39,42,48,58,62,66,67,68,78,83,90,92,93,101,110,130,147,161,163,166,174,175,177,185,193,199	e+	0.984645525826569	0.984645525826569	0.0	0.0	0.9852515541405594	0.9840394975125784	0.0	0.0	0.0	0.0	0.0	0.0	0.21428571428571427	0.5238095238095238	0.8556527797231078	51		S_1	19	30	-1
48	672	9,19,34,35,36,37,40,42,43,45,72,83,89,90,98,99,107,115,164,192,199,206,230,238,260,274,281,292/7,13,32,34,36,37,38,43,57,59,67,70,74,76,78,95,98,100,142,144,161,163,179,198	g-	0.9846377658411483	0.9846377658411483	0.0	0.0	0.9843600200792915	0.984915511603005	0.0	0.0	0.0	0.0	0.0	0.0	0.5714285714285714	0.6666666666666666	0.8333980258319039	46		S_1	28	24	-1
49	434	18,31,52,101,117,118,121,125,144,149,154,222,274,296/6,7,9,14,19,20,42,47,54,57,71,98,101,104,107,110,122,123,124,125,126,132,135,143,151,153,158,159,163,171,196	g+	0.9846096954465973	0.9846096954465973	0.0	0.0	0.9859943460691849	0.9832250448240096	0.0	0.0	0.0	0.0	0.0	0.0	0.5	0.24	0.8597510393970454	32		S_1	14	31	-1
50	756	2,5,6,20,22,37,41,67,85,93,103,111,115,123,132,135,168,172,181,196,200,229,232,237,240,254,257/12,13,14,17,18,31,37,39,57,65,81,82,100,130,135,140,142,143,148,153,163,164,167,172,174,184,188,195	e+	0.9845880085026699	0.9845880085026699	0.0	0.0	0.9841654355230998	0.98501058148224	0.0	0.0	0.0	0.0	0.0	0.0	0.391304347826087	0.3333333333333333	0.8153076289055087	57		S_1	27	28	-1
51	899	1,3,7,8,11,14,17,18,20,52,67,70,100,102,111,113,125,130,145,158,163,181,204,211,213,230,251,254,280,287,298/1,2,3,5,12,13,18,20,24,25,35,50,52,53,66,67,76,94,120,123,127,138,139,142,148,160,174,192,200	g-	0.9845691111511214	0.9845691111511214	0.0	0.0	0.984833026106162	0.9843051961960809	0.0	0.0	0.0	0.0	0.0	0.0	0.3157894736842105	0.5555555555555556	0.870630915579033	55		S_1	31	29	-1
52	407	3,18,22,29,51,61,63,64,68,73,76,82,85,86,88,95,97,100,110,113,129,134,147,151,169,177,184,195,218,224,232,252,257,261,278,281,288/52,55,77,86,94,118,146,178,182,190,195	g+	0.9845509723611572	0.9845509723611572	0.0	0.0	0.9851106979241089	0.9839912467982055	0.0	0.0	0.0	0.0	0.0	0.0	1.0	0.7777777777777778	0.8820987139730689	22		S_1	37	11	-1
53	459	51,52,55,67,73,85,87,94,148,177,191,212,227,233,261,267,275/28,29,41,48,56,59,60,61,62,64,76,98,99,100,105,107,111,116,125,134,146,147,151,165,166,178,184	e+	0.9845360000383178	0.9845360000383178	0.0	0.0	0.985388116770836	0.9836838833057995	0.0	0.0	0.0	0.0	0.0	0.0	0.3333333333333333	0.5789473684210527	0.8809183272706423	47		S_1	17	27	-1
54	660	11,13,18,22,49,61,67,68,87,95,98,118,147,154,155,185,190,209,212,251,282,290/1,2,6,9,10,20,37,39,48,63,66,68,70,71,73,74,76,79,96,102,103,123,124,129,151,155,168,172,177,188	e+	0.9845216909711377	0.9845216909711377	0.0	0.0	0.9849882821503588	0.9840550997919166	0.0	0.0	0.0	0.0	0.0	0.0	0.4	0.6666666666666666	0.8622692618546653	48		S_1	22	30	-1
55	532	4,6,11,15,54,55,56,63,65,115,168,189,191,194,212,218,233,254,256/10,12,13,14,17,18,31,34,37,51,57,59,65,70,72,74,81,82,91,101,104,110,137,143,148,163,172,188	e+	0.9844400892756703	0.9844400892756703	0.0	0.0	0.984067936811122	0.9848122417402185	0.0	0.0	0.0	0.0	0.0	0.0	0.21428571428571427	0.5333333333333333	0.8284754920594939	44		S_1	19	28	-1
56	612	13,18,29,31,43,51,67,77,78,80,81,84,86,93,96,104,111,114,119,124,135,144,174,188,191,201,217,238,240,251,264,275,290,295/22,27,29,45,46,48,76,80,97,100,110,114,115,119,135,152,164,185	g+	0.9844124502853161	0.9844124502853161	0.0	0.0	0.9846690540294587	0.9841558465411735	0.0	0.0	0.0	0.0	0.0	0.0	0.6666666666666666	0.38461538461538464	0.8839263144461857	51		S_1	34	18	-1
57	744	19,29,33,34,45,50,55,71,73,77,109,117,127,128,135,137,150,164,169,177,185,192,211,214,216,234,242,245,252,253,286/13,16,19,36,40,52,58,78,85,87,92,102,103,105,129,130,132,136,140,142,161,163,182,197	g-	0.9844047129502473	0.9844047129502473	0.0	0.0	0.9842248510168958	0.9845845748835989	0.0	0.0	0.0	0.0	0.0	0.0	0.7777777777777778	0.48	0.8471070597888125	43		S_1	31	24	-1
58	544	50,76,77,108,127,130,133,140,142,166,189,195,229,239,243,272,288/8,9,32,33,34,39,43,54,60,64,72,75,81,83,89,91,95,103,110,117,119,134,139,146,152,158,173,185,194,196,197,199	e+	0.9844024167446763	0.9844024167446763	0.0	0.0	0.9851337000747655	0.9836711334145871	0.0	0.0	0.0	0.0	0.0	0.0	0.6666666666666666	0.6153846153846154	0.8223882773683675	37		S_1	17	32	-1
59	444	10,26,30,49,82,90,143,149,156,177,179,248/13,21,25,26,28,34,44,45,48,50,53,54,58,62,67,78,80,83,88,89,93,117,125,127,138,143,151,161,170,172,173,174,175,178,191,192,199	e+	0.9843910721106546	0.9843910721106546	0.0	0.0	0.9860130466399066	0.9827690975814025	0.0	0.0	0.0	0.0	0.0	0.0	0.4444444444444444	0.84	0.8591445409128116	33		S_1	12	37	-1
60	896	3,11,18,20,22,32,34,43,47,65,68,108,118,120,121,124,129,130,137,145,147,157,158,168,181,212,213,222,231,273,279,280/2,14,15,19,27,29,30,31,45,48,50,74,78,101,104,105,106,108,113,123,124,138,146,152,177,186,192,197	g-	0.9843891951024677	0.9843891951024677	0.0	0.0	0.983889670367109	0.9848887198378264	0.0	0.0	0.0	0.0	0.0	0.0	0.6666666666666666	0.6666666666666666	0.8633061256863857	48		S_1	32	28	-1
61	600	18,28,65,68,89,91,94,97,100,133,160,163,165,185,196,224,231,238,239,259/3,8,32,33,35,43,46,49,59,62,63,73,77,80,81,83,86,89,93,94,95,96,107,111,149,160,171,187,191,194	e+	0.984386281181215	0.984386281181215	0.0	0.0	0.9853786878953015	0.9833938744671284	0.0	0.0	0.0	0.0	0.0	0.0	0.3333333333333333	0.47058823529411764	0.8482207179431116	52		S_1	20	30	-1
62	483	6,20,26,32,33,34,35,47,50,110,132,136,173,190,204,221,229,236,261,274,285/28,34,37,38,39,60,73,77,81,88,95,113,119,122,134,143,153,161,162,172,183,184,194	g-	0.9843860381575098	0.9843860381575098	0.0	0.0	0.9844420048829531	0.9843300714320664	0.0	0.0	0.0	0.0	0.0	0.0	0.5333333333333333	0.23529411764705882	0.828248192053581	40		S_1	21	23	-1
63	527	29,49,61,77,78,91,109,129,131,143,147,148,174,219,226,235,289/1,3,4,6,8,9,10,29,33,48,56,61,70,71,79,81,86,92,94,99,103,113,130,136,140,146,147,154,155,174,183	g-	0.9843689519823341	0.9843689519823341	0.0	0.0	0.9856322101850381	0.9831056937796301	0.0	0.0	0.0	0.0	0.0	0.0	0.625	0.5714285714285714	0.8814112080968244	44		S_1	17	31	-1
64	726	7,15,17,34,50,61,76,94,111,112,117,121,126,143,160,175,179,184,243,258,265,268/1,2,3,5,39,42,49,55,66,68,79,81,86,89,92,101,113,117,139,146,147,152,156,157,169,174,178,183,185,187,188,196,199	e+	0.9843535542833347	0.9843535542833347	0.0	0.0	0.985016368900483	0.9836907396661864	0.0	0.0	0.0	0.0	0.0	0.0	0.5	0.5714285714285714	0.8620775686808572	43		S_1	22	33	-1
65	517	6,9,11,16,17,24,32,33,34,46,51,56,63,66,68,73,74,85,90,93,97,101,104,109,111,115,148,150,173,198,203,210,212,226,227,231,234,236,244,249,251,264,275,281,285,287,295/4,28,29,31,70,74,81,82,113,164,179	g-	0.9843404425867366	0.9843404425867366	0.0	0.0	0.9865815183641603	0.982099366809313	0.0	0.0	0.0	0.0	0.0	0.0	0.7619047619047619	0.3333333333333333	0.8795228032765229	30		S_1	47	11	-1
66	360	40,65,70,97,130,147,169,175,262,288/1,4,6,20,24,25,31,40,41,45,47,51,52,66,69,73,85,86,88,104,118,121,125,129,138,147,148,156,163,170,171,174,177,183,193,199	e+	0.9843137866706029	0.9843137866706029	0.0	0.0	0.9864338877170908	0.9821936856241149	0.0	0.0	0.0	0.0	0.0	0.0	0.5	0.8823529411764706	0.8503122006236424	31		S_1	10	36	-1
67	750	2,16,33,42,46,50,60,61,62,70,81,109,121,124,137,142,158,179,189,190,204,232,233,257,272/8,9,25,31,37,39,58,63,67,68,81,83,84,108,110,111,113,120,126,131,137,161,163,166,167,173,174,185,193,199	g-	0.9843041792920896	0.9843041792920896	0.0	0.0	0.9844441112421676	0.9841642473420116	0.0	0.0	0.0	0.0	0.0	0.0	0.5789473684210527	0.6190476190476191	0.8131160824716811	47		S_1	25	30	-1
68	390	16,19,22,27,28,45,50,58,61,63,64,67,68,79,85,94,100,113,121,128,129,156,172,208,218,224,227,229,232,236/9,17,39,52,55,57,77,136,138,154,171,192,195	g+	0.9842929818617857	0.9842929818617857	0.0	0.0	0.9857107359134072	0.9828752278101642	0.0	0.0	0.0	0.0	0.0	0.0	0.5714285714285714	0.5555555555555556	0.9168005759315444	29		S_1	30	13	-1
69	625	35,48,49,54,79,83,130,138,154,166,167,168,185,187,189,192,203,205,218,223,250,253,259,265,272/8,12,19,25,35,39,51,62,66,68,81,83,87,104,105,108,110,124,133,140,144,167,169,171,198	g+	0.9842754850664761	0.9842754850664761	0.0	0.0	0.9840231946111764	0.9845277755217758	0.0	0.0	0.0	0.0	0.0	0.0	0.5416666666666666	0.47619047619047616	0.8246430068896916	53		S_1	25	25	-1
70	396	20,76,82,85,88,92,95,96,125,140,157,288/1,4,20,23,24,25,29,30,31,41,45,46,52,59,64,68,69,87,88,89,90,93,99,104,106,108,128,141,150,167,177,199,200	g+	0.9842674731100298	0.9842674731100298	0.0	0.0	0.9849262010081548	0.9836087452119049	0.0	0.0	0.0	0.0	0.0	0.0	0.3333333333333333	0.6521739130434783	0.8345603717612593	31		S_1	12	33	-1
71	525	4,54,55,57,59,62,63,70,77,79,87,91,108,115,124,127,130,144,153,173,175,177,183,189,194,212,217,219,228,233,257,260,262,275,286/7,18,27,28,37,45,57,72,74,78,79,122,126,163,165	g+	0.9842561355803	0.9842561355803	0.0	0.0	0.9855178124305446	0.9829944587300554	0.0	0.0	0.0	0.0	0.0	0.0	0.75	0.4	0.8887492060174882	31		S_1	35	15	-1
72	551	22,34,68,72,81,82,103,136,142,147,159,201,205,231,239,256,272,280,285/3,9,20,33,37,48,69,71,72,81,86,92,95,101,107,110,114,118,134,138,144,150,151,152,160,168,178,192,197	g-	0.9842526938713064	0.9842526938713064	0.0	0.0	0.9842620106832031	0.9842433770594098	0.0	0.0	0.0	0.0	0.0	0.0	0.25	0.65	0.804298404724578	44		S_1	19	29	-1
73	408	26,29,30,31,32,33,34,35,36,37,42,43,49,203,210,239,261/3,8,33,35,36,37,38,39,40,41,42,43,49,67,77,78,83,85,95,116,144,192,194,199	g-	0.9842513399218192	0.9842513399218192	0.0	0.0	0.9838688970191265	0.984633782824512	0.0	0.0	0.0	0.0	0.0	0.0	0.6666666666666666	0.8	0.6874007185822429	22		S_1	17	24	-1
74	594	1,5,10,21,27,30,43,48,51,53,62,63,67,68,69,75,119,153,162,182,185,203,223,225,230,247,260,261,264,267,269,274,298/11,12,17,19,21,36,38,43,65,71,74,87,99,130,151,156,183,186	g-	0.9842284524577517	0.9842284524577517	0.0	0.0	0.9829429370251364	0.985513967890367	0.0	0.0	0.0	0.0	0.0	0.0	0.625	0.32	0.7444884918042246	45		S_1	33	18	-1
75	1120	2,13,33,35,46,51,52,53,54,57,61,66,70,72,74,84,101,106,109,124,127,139,141,154,155,160,161,163,166,168,171,176,182,229,232,238,281,286,295,300/34,41,45,52,67,68,73,75,82,88,91,97,100,108,124,126,127,130,132,137,163,164,169,174,184,185,190,199	g+	0.9841622806810743	0.9841622806810743	0.0	0.0	0.9844255089125014	0.9838990524496471	0.0	0.0	0.0	0.0	0.0	0.0	0.68	0.47619047619047616	0.8483144168831712	42		S_1	40	28	-1
76	806	1,4,10,11,21,49,50,67,75,78,107,108,126,132,142,149,167,168,205,209,220,222,225,226,234,250,261,263,265,272,276/11,12,25,48,50,58,62,65,67,81,91,92,97,101,108,123,130,137,161,166,169,172,174,185,193,199	g+	0.9841331996118654	0.9841331996118654	0.0	0.0	0.9852244677202344	0.9830419315034963	0.0	0.0	0.0	0.0	0.0	0.0	0.6956521739130435	0.5714285714285714	0.8723883760366117	33		S_1	31	26	-1
77	650	5,26,29,32,35,43,45,46,48,74,107,108,120,175,183,188,201,215,223,240,258,267,268,284,291/4,6,8,20,23,26,27,29,50,51,52,53,56,76,92,99,106,107,127,128,129,134,150,186,195,198	g+	0.9841070500335792	0.9841070500335792	0.0	0.0	0.9850276372953009	0.9831864627718576	0.0	0.0	0.0	0.0	0.0	0.0	0.5909090909090909	0.6666666666666666	0.890674262835865	40		S_1	25	26	-1
78	946	1,2,5,6,8,9,10,12,13,15,16,17,20,24,35,43,45,48,51,53,67,75,93,96,101,102,120,136,158,177,178,184,193,194,199,223,227,228,237,254,257,298,300/11,12,13,16,17,18,25,31,36,38,41,58,61,65,78,105,120,130,157,181,189,191	g-	0.9840981106618988	0.9840981106618988	0.0	0.0	0.9845464432405966	0.983649778083201	0.0	0.0	0.0	0.0	0.0	0.0	0.8	0.64	0.8075395052591496	28		S_1	43	22	-1
79	840	4,5,6,18,19,24,28,31,39,44,63,72,98,102,111,114,119,125,130,154,176,180,183,188,224,228,253,275,297,299/10,14,15,46,48,71,73,76,79,80,95,96,97,101,111,113,123,124,147,148,163,167,168,174,177,187,193,195	e+	0.9840319706680247	0.9840319706680247	0.0	0.0	0.9834306908512171	0.9846332504848323	0.0	0.0	0.0	0.0	0.0	0.0	0.6842105263157895	0.5238095238095238	0.8648873848193518	52		S_1	30	28	-1
80	1020	13,14,20,23,25,30,42,44,50,62,75,78,88,124,127,130,134,137,157,158,166,174,195,204,212,214,229,233,238,239,243,252,261,296/2,8,9,32,33,34,49,63,67,68,73,81,83,84,95,97,100,110,119,126,127,134,139,149,161,184,185,193,194,199	g-	0.9839940542094234	0.9839940542094234	0.0	0.0	0.9839655227968183	0.9840225856220287	0.0	0.0	0.0	0.0	0.0	0.0	0.5555555555555556	0.5714285714285714	0.8125798498726848	54		S_1	34	30	-1
81	630	6,28,45,65,107,121,140,178,220,227,228,234,248,264,287/9,10,12,16,21,34,45,47,48,50,70,71,72,73,75,77,88,89,91,100,101,102,103,120,123,125,126,141,142,146,147,153,156,163,164,172,173,174,183,187,199,200	e-	0.9839770952342531	0.9839770952342531	0.0	0.0	0.9856478396857943	0.982306350782712	0.0	0.0	0.0	0.0	0.0	0.0	0.2857142857142857	0.5714285714285714	0.8440010500817207	52		S_1	15	42	-1
82	595	39,53,59,75,94,134,148,156,164,184,199,221,233,237,258,262,286/1,3,5,8,9,15,16,28,29,31,33,48,56,64,75,79,82,85,96,111,115,120,122,124,125,131,136,142,145,146,155,158,166,177,193	g-	0.9839443541216102	0.9839443541216102	0.0	0.0	0.9863518413053609	0.9815368669378595	0.0	0.0	0.0	0.0	0.0	0.0	0.4166666666666667	0.625	0.8208752399473016	41		S_1	17	35	-1
83	396	2,57,67,76,169,190,205,239,242,253,259,272/3,8,9,18,22,32,33,39,43,48,49,62,63,73,81,83,93,95,110,114,118,134,141,144,149,157,160,174,188,192,193,194,199	e+	0.9839287414991733	0.9839287414991733	0.0	0.0	0.9857860073924396	0.982071475605907	0.0	0.0	0.0	0.0	0.0	0.0	0.16666666666666666	0.6875	0.8564260038614053	39		S_1	12	33	-1
84	1148	4,15,23,30,52,53,58,69,71,102,104,107,116,122,138,144,169,176,177,197,216,221,233,235,238,242,250,255/4,10,13,41,45,51,53,54,59,61,71,73,75,77,79,86,87,90,99,100,103,109,110,114,115,116,119,123,131,132,143,151,158,160,170,171,175,179,189,194,197	e+	0.983915039564278	0.983915039564278	0.0	0.0	0.9849404999158624	0.9828895792126936	0.0	0.0	0.0	0.0	0.0	0.0	0.3333333333333333	0.6956521739130435	0.850735547317084	42		S_1	28	41	-1
85	368	3,5,20,21,41,48,50,54,57,65,70,84,85,95,130,131,133,142,143,146,150,155,158,162,167,183,201,203,206,210,223,228,235,236,239,247,259,262,263,266,271,273,282,285,296,299/18,58,114,132,137,151,157,180	g-	0.9839123471285086	0.9839123471285086	0.0	0.0	0.9873527213659483	0.9804719728910689	0.0	0.0	0.0	0.0	0.0	0.0	0.48	0.15789473684210525	0.8883311931353551	27		S_1	46	8	-1
86	640	9,12,17,23,53,56,57,66,67,70,86,123,130,181,182,193,266,286,295,296/15,16,24,28,33,39,45,50,51,60,67,75,79,86,89,91,101,107,131,139,142,146,152,157,159,160,166,170,188,190,194,197	g+	0.9838807899880682	0.9838807899880682	0.0	0.0	0.9862005074716143	0.9815610725045221	0.0	0.0	0.0	0.0	0.0	0.0	0.6363636363636364	0.5714285714285714	0.8652034146268427	41		S_1	20	32	-1
