#number	block_area	block_id	move_type	pre_criterion	full_crit	expr_mean_crit	expr_mean_crit	expr_reg_crit	expr_kend_crit	expr_cor_crit	expr_euc_crit	expr_spear_crit	PPI_crit	feat_crit	TF_crit	percent_orig_genes	percent_orig_exp	exp_mean	trajectory_position	FEATURE_INDICES	move_class	num_genes	num_exps
1	483	41,42,43,44,45,46,47,48,49,50,51,52,53,54,55,56,57,58,59,60,131,158,180/41,42,43,44,45,46,47,48,49,50,51,52,53,54,55,56,57,58,59,60,132	e+	0.9925387946054018	0.9925387946054018	0.0	0.0	0.0	0.0	0.9925387946054018	0.0	0.0	0.0	0.0	0.0	0.0	0.08695652173913043	0.7980306361391757	33		S_1	23	21	-1
2	483	21,22,23,24,25,26,27,28,29,30,31,32,33,34,35,36,37,38,39,40,77,104,172/21,22,23,24,25,26,27,28,29,30,31,32,33,34,35,36,37,38,39,40,100	e+	0.9924409896754407	0.9924409896754407	0.0	0.0	0.0	0.0	0.9924409896754407	0.0	0.0	0.0	0.0	0.0	0.06666666666666667	0.2608695652173913	0.8163371159194791	23		S_1	23	21	-1
3	483	1,2,3,4,5,6,7,8,9,10,11,12,13,14,15,16,17,18,19,20,21,150,151/1,2,3,4,5,6,7,8,9,10,11,12,13,14,15,16,17,18,19,20,114	g+	0.9924104060716975	0.9924104060716975	0.0	0.0	0.0	0.0	0.9924104060716975	0.0	0.0	0.0	0.0	0.0	0.3333333333333333	0.5714285714285714	0.6394918205010061	29		S_1	23	21	-1
4	475	61,62,63,64,65,66,67,68,69,70,71,72,73,74,75,77,78,79,80/25,35,55,61,62,63,64,65,66,67,68,69,70,71,72,73,74,75,76,77,78,79,80,98,143	e-	0.9923037733959275	0.9923037733959275	0.0	0.0	0.0	0.0	0.9923037733959275	0.0	0.0	0.0	0.0	0.0	0.1111111111111111	0.5909090909090909	0.5702462530825418	59		S_1	19	25	-1
5	147	73,138,171/5,8,9,10,14,15,23,33,35,36,37,39,43,46,49,51,57,68,69,70,73,74,80,82,85,89,91,93,97,100,105,106,107,110,113,114,115,116,118,119,131,133,137,140,141,143,144,145,150	e-	0.9897276776963727	0.9897276776963727	0.0	0.0	0.0	0.0	0.9897276776963727	0.0	0.0	0.0	0.0	0.0	0.0625	0.4782608695652174	0.8267998836039308	48		S_1	3	49	-1
6	147	50,164,167/1,2,4,8,10,11,12,13,15,17,19,22,26,28,32,36,37,47,49,51,54,58,63,65,70,83,86,88,91,92,96,97,98,99,100,102,108,113,114,121,122,123,130,134,137,139,143,146,147	e-	0.9893292924608725	0.9893292924608725	0.0	0.0	0.0	0.0	0.9893292924608725	0.0	0.0	0.0	0.0	0.0	0.0	0.5217391304347826	0.9111484682061279	54		S_1	3	49	-1
7	310	42,44,48,54,59,67,134,167,178,187/1,13,15,30,36,38,43,44,47,49,51,52,54,55,57,59,60,70,71,78,89,95,99,100,105,107,115,121,122,139,147	e+	0.9861705080012748	0.9861705080012748	0.0	0.0	0.0	0.0	0.9861705080012748	0.0	0.0	0.0	0.0	0.0	0.13333333333333333	0.5217391304347826	0.7852041154440006	57		S_1	10	31	-1
8	216	35,44,46,48,49,65,160,170,175/29,36,42,43,44,46,47,49,51,52,54,57,60,75,90,100,115,118,128,130,132,139,141,146	e+	0.9847345365829083	0.9847345365829083	0.0	0.0	0.0	0.0	0.9847345365829083	0.0	0.0	0.0	0.0	0.0	0.4	0.6842105263157895	0.7684179863887467	28		S_1	9	24	-1
9	165	54,57,66,137,138/1,13,14,17,22,33,61,63,65,68,69,70,71,84,85,88,90,91,93,99,100,109,118,122,125,126,129,131,135,138,141,148,149	e+	0.9846433484104713	0.9846433484104713	0.0	0.0	0.0	0.0	0.9846433484104713	0.0	0.0	0.0	0.0	0.0	0.07692307692307693	0.6086956521739131	0.7943618858141539	41		S_1	5	33	-1
10	319	38,54,64,67,75,108,137,152,170,180,197/17,19,43,49,51,52,54,60,61,67,70,71,74,78,86,88,91,93,95,97,107,115,117,121,125,131,138,141,149	g-	0.9843658273028133	0.9843658273028133	0.0	0.0	0.0	0.0	0.9843658273028133	0.0	0.0	0.0	0.0	0.0	0.23529411764705882	0.6086956521739131	0.7681412809354476	45		S_1	11	29	-1
11	192	4,16,20,23,52,88,106,120/2,4,5,7,10,11,14,15,18,19,51,54,62,69,92,108,114,127,132,135,138,141,142,148	e+	0.9842117450837748	0.9842117450837748	0.0	0.0	0.0	0.0	0.9842117450837748	0.0	0.0	0.0	0.0	0.0	0.3	0.6190476190476191	0.7655666375781787	23		S_1	8	24	-1
12	276	36,40,63,65,79,80,109,125,145,167,178,187/5,10,20,28,52,54,62,63,68,73,74,75,78,83,90,91,99,102,103,112,130,134,147	e+	0.9840410512593816	0.9840410512593816	0.0	0.0	0.0	0.0	0.9840410512593816	0.0	0.0	0.0	0.0	0.0	0.46153846153846156	0.7142857142857143	0.7304861976104959	21		S_1	12	23	-1
13	378	8,17,27,31,37,62,63,64,69,72,75,76,80,85,126,152,173,193/21,30,35,38,61,67,68,69,73,74,75,76,78,82,95,98,116,117,119,123,128	g-	0.9839241058280579	0.9839241058280579	0.0	0.0	0.0	0.0	0.9839241058280579	0.0	0.0	0.0	0.0	0.0	0.17391304347826086	0.36363636363636365	0.7175629389430019	48		S_1	18	21	-1
14	290	16,19,54,57,64,69,111,124,162,199/11,13,17,22,29,33,41,44,45,47,62,65,67,68,72,76,86,95,111,122,128,132,135,141,142,145,147,148,149	g-	0.9837988754196858	0.9837988754196858	0.0	0.0	0.0	0.0	0.9837988754196858	0.0	0.0	0.0	0.0	0.0	0.0	0.7058823529411765	0.7509778370776333	37		S_1	10	29	-1
15	620	3,8,16,20,42,43,48,49,50,54,65,84,100,101,106,132,136,141,189,200/2,13,20,29,34,41,43,44,45,46,48,49,51,52,54,57,65,71,84,86,90,91,95,97,100,120,128,131,132,141,150	g-	0.983528823569339	0.983528823569339	0.0	0.0	0.0	0.0	0.983528823569339	0.0	0.0	0.0	0.0	0.0	0.6	0.8	0.7967004838587106	26		S_1	20	31	-1
